32002507
16228398
16225240
533514605
333606101
204995942
14179549
21118832
2233154425
207110040
15483625
22308653
1390649497
94919897
470406115
21025438
877895822
1195228164
21233048
72372670
217160046
289083387
1411496443
386104904
1413102564
1418268078
1377005832
30046407
108363176
104692165
25281063
531404531
97234829
16691049
15485880
17711017
75408084
18813377
11331842
28782481
59763861
19055125
43384404
68770511
16305745
72881464
31017706
20649469
21762865
23008498
17224151
77953
6905132
15552272
18909664
16950069
16369529
62892503
15568426
14443616
2643941
14114068
13251692
20790050
14756912
2871141
14130052
14179590
14195390
16318031
19685363
71298807
20468533
17499006
15108838
18470246
69030954
17514452
14096428
15804321
1306371
22681289
40780414
13833092
35147208
26024504
14818333
19075579
27796857
8746882
27993589
15145732
17885621
18693575
18207953
8539242
16454568
13180132
14753323
18729095
17511065
22012750
29114520
15303630
15485304
19510796
19301763
21331840
9480572
32454343
15431020
16877448
18533670
15774669
19039194
17802972
18333230
23689614
16212988
14058790
18752082
24424581
17207024
18987750
14269244
23965764
69375705
15308303
18209370
15048198
19774114
32473962
54334682
14297868
41821824
26502167
6145372
14870994
15035345
24557472
23803509
10345272
15653083
17026041
3558671
14191698
75142068
34357366
22882764
44657755
17023631
18524353
24222069
1935451
18748052
14871107
4872281
26638858
14941009
21500682
16210710
16124611
23230000
24719211
25287223
19686446
7590752
8147062
14958388
47692912
17283008
17242709
23332461
8000702
14859705
18639859
32736535
56374057
15395991
16445527
15102893
22152316
21665049
17374199
24195850
14964405
39425973
16613230
27932219
21526689
14389615
22789766
36429302
17547367
14269446
15366424
33259676
15063427
37935496
34619600
22057925
10053982
14344045
15591703
22803237
19512286
14749084
44905536
7898902
49635044
23835333
15936701
9056642
42725028
15746692
15917912
6329552
18170340
17795572
16256275
18951411
21773756
5159211
16472804
36133098
18996477
24243150
14945234
34534155
25519204
27036843
16809716
54300089
21518208
27898039
25198864
21687022
39094846
13132422
16920979
30607718
17681823
18777269
41950905
25848114
21619483
26273748
14951093
18969334
2390651
19175376
14163789
14011462
18969174
64885944
15428715
15174710
28375373
53057745
48205643
17426478
17034727
15384679
18521391
32369479
17640355
20655607
16701777
25685423
17350399
14714112
65425721
6177822
27816413
52090770
28354607
15383818
15120037
42913174
31597009
15672036
15058640
25490504
800047
18085200
43222682
52004929
16480987
58868683
35347466
18537541
31114392
21130955
84147948
18699577
91819894
14921148
14750496
19933765
15140286
17366357
14114261
19200292
53439259
11443372
24425149
75614089
23615586
34652472
13224472
14983059
17010034
96627117
21199969
42647661
15400246
20514505
756596
38023462
27006975
97481161
27286120
18041107
54963266
81021369
79320425
42897265
83693217
18471294
19820847
16684546
45753149
16206421
6752232
28411048
88732287
18366850
17972621
15360950
100818788
21914780
19559026
61335035
6772592
33328123
209697218
17122784
11973662
20481519
239898825
82384171
109345229
256790500
334709218
374256666
40106722
321537802
17995735
116471216
16917312
261031488
130365207
253762515
401715370
94617355
109475810
360218739
407117003
30468253
375507156
202240141
104516811
22332158
89553777
167912446
310026431
24375150
115448310
178030577
454483130
103101931
15322422
574168881
517016146
473033627
56929066
14315620
448556375
131921118
112323999
373382232
348134502
21873367
177628251
604354957
503674249
622082255
27951849
204487830
205098682
621238956
632088369
523918624
257305714
176845219
275801014
633253350
140400060
439779366
573311214
285256609
24362361
1072511
530991476
183346376
191219682
14098484
18553139
58417781
122258041
353072503
312195391
56458700
491642984
36465843
555519276
285686560
628771269
325255568
312778759
19134570
623758129
809195695
145692761
244655951
27351790
30220554
148789289
13395112
184777102
77157520
8069932
17913907
16298876
579539781
109752580
1255151
366591102
173849332
484950604
339845317
17698600
155580298
124056386
106539218
23807989
102467664
19564840
21591279
62413270
131881526
17056770
76383589
66788446
31456631
177983304
22150308
82654319
23457492
19751595
17140748
17795749
20489393
154243945
84199115
202288425
15702055
214671669
225938130
154276098
34673417
382384024
19695231
17754014
277291378
345581097
593055724
23203307
305581975
807964052
17974012
216522220
84440417
246966663
318247255
549704179
413491448
266118455
265458877
186723374
17200756
18131988
15811608
21053475
14780086
14105540
103919118
6753582
14227897
18420140
37895093
44362897
972651
19397785
17898357
27953
18708066
14517899
16581734
18784113
25443514
18997715
49061402
32604347
36352707
161536440
16703461
18949452
8567882
14537303
31520228
10814422
15654868
807095
16334857
17815836
14571534
16571541
15166459
28175577
35002876
16022682
5988062
22042454
14216123
14128602
13073622
36782022
34713362
20332142
18341659
11674822
624413
9534522
115271631
37718165
13
15442150
77054564
20402945
16193528
32062804
16184358
20678895
104509652
160299349
15232850
46787681
42984750
8420062
16426177
4898091
14190321
247404780
26551204
19615098
21324258
39997988
35821471
17251657
80628196
135643468
40182630
14345566
14206711
17330272
14438417
61875147
14888217
22836731
14649625
15470403
19250751
3108351
19546277
25053299
132254256
15568127
1128389298
950485916
81195356
575523384
77682856
160663106
1321716894
506612277
113106283
466370551
122205757
1321552824
17308994
20154668
14645531
21278966
29730065
17625560
5391882
14709355
85570685
27685955
22845566
10156532
35582189
16730355
17086831
18806753
16310534
20955168
16492009
25657401
86330674
7905122
24963961
103093883
55268667
28938717
16669175
85738022
64499447
21792210
15041291
20054731
21295652
15764136
15905103
224240358
16451932
15082762
22484810
90763849
234373824
40533912
205789121
