1074044316
54634689
850414476
2504203827
480511557
352026528
326189517
22748501
1684105232
2984644966
341251022
897766328
216979622
3529375212
3119791930
7209912
53931217
84704680
2835542676
36903731
493705938
2508373617
2309126863
2852903547
67213875
237745251
411697025
202313340
71027224
1392544254
268495415
23863969
172418264
249724351
6186392
26270913
42562446
23814999
3120965706
24261232
3154745629
104269711
2150041849
64496398
572225652
37599351
164018269
24040353
15612654
200219772
13693032
114870386
197483570
26303171
121637671
35612459
94138429
3072094782
29090322
14811486
51215143
2811503196
102413533
209745713
2339434161
2442719932
29342640
22786004
145421655
2830024826
124487982
470939544
2813530168
556149771
86246296
108762073
80460218
189253902
2293506402
2832020780
55694209
2856054560
2242986060
435325557
15318717
13544852
2875847263
26396117
2793287435
433425648
1382230009
858896371
16397592
183329477
2595396530
14323791
2872365145
481701452
16105705
83237493
119123465
2380669416
2820270236
15748390
112508256
28568641
627923679
25371730
2279629033
33903328
2826749071
227437108
57504666
1551091062
629697784
457138619
2539742573
35482506
15059982
2826698520
347170083
2493302816
2153641262
2806272480
66162716
1870227042
394879847
2177654221
29877307
66483027
2670804554
2171038470
2436029336
600288813
255427625
390287262
14649359
26374751
335473253
25433900
280716675
944467345
16042396
1700305818
1141540364
50363573
70725281
1885543088
21208560
2615738778
16619709
1194054776
176960801
289199134
875964955
810484280
12917402
1046894526
44196397
456000781
24653586
23465125
2421807410
14963760
820585
122785577
378643551
16268906
54365543
2435069899
228915850
46145761
130314799
972722412
18627288
1955262325
19950650
166082407
483044041
2259624979
63641966
175437530
720523873
327575278
5912962
16014840
16141055
993780120
14968559
305171469
10350
429137817
1710666420
2189567755
53970861
30260585
17902331
121775375
14662557
409573061
16689804
79855425
121352335
1688777312
592912724
18295924
27860681
27596259
30015168
1140602832
23973753
2185
1144882621
88440274
613491958
469517242
14460251
19955992
37837824
889167481
11340982
242919554
174935087
308593313
23154989
551112681
455204484
185066639
1522179686
1143874068
303349453
277201246
38446941
9207632
410408786
17877850
1040391
17846546
26372787
19775930
18396070
15227791
272276188
17810254
1183041
15493365
16620173
11518842
14366976
21809736
52852957
16356344
1494655406
1365585096
19620420
55277015
15588657
594666501
30915849
311657687
460476368
79489732
278168522
38245723
53082555
19863141
213521922
10288912
211177035
19563103
838464523
61306578
36240331
4519121
119385320
16079276
22560533
589112124
874691629
146082034
14729597
404386655
21517540
25134868
113430300
22842421
18645842
1093090866
186154646
1011811364
95993809
24457744
93714983
16655930
731784150
164393613
282111635
27434373
26853548
15439395
27697670
19578343
16944165
16550480
59514202
175091719
147739746
24508650
111741831
21812870
405979945
829976472
97835239
587636171
26616705
82457662
423609815
620548155
253114253
22588961
226746221
60813201
420382965
44353971
421274906
171897913
34713941
14786217
78905469
36452048
17835445
16926572
20136728
17560522
57043553
16964726
77710660
16543454
23068217
41364587
110440213
74688411
57319246
35003814
14691503
93211674
44601026
30038587
9653432
23636580
300974581
78333637
68092194
59060699
47320856
125619668
21077230
92346096
758163877
18689000
17918561
74765855
31285982
88957553
91457003
3108351
79016572
7429892
91409081
21917716
137924400
41646299
162550176
34743251
71310291
478048884
20032089
19929279
222536250
19251657
125462718
38718831
173861597
14536664
14343189
1289321
14559745
71859896
22819917
42907311
17524707
21936886
15009735
13
15111838
92337601
18369254
14056532
382678050
52768208
252233089
22695367
38042062
35749264
19711765
18194898
24719390
285125151
616497298
116634367
113425681
259990980
39589819
113509194
29506821
42710376
70746464
59613939
100687313
69419787
17964988
121597316
15092914
26084091
740109097
823069254
536984471
106837463
2384071
37971731
33384618
46952331
14710129
126447573
14977851
378285445
20170860
31606867
293850289
18964696
178111058
28642017
36206094
65987618
93248494
39816737
20016095
38737217
25180871
44940629
35415477
17400407
30971909
61853389
89779328
72842277
15769327
74427127
11838222
70902048
54615652
16652611
43402876
381254831
325280866
621397731
772987813
235182044
465975838
581012668
23467508
288645593
123887076
15431856
258539404
468741166
45112524
10950372
18024880
48704028
14111432
14356601
20710330
166156882
41414692
596876310
15746556
15921684
41315375
15587500
18510860
19344703
21354449
28583197
77998729
18393773
17156000
15846407
18319800
33505946
19868934
19808176
17601389
30321204
78331688
19620375
191708755
203126159
383080470
482270147
20565876
604531982
80393413
263369914
23948624
62550049
23170025
18230519
23132649
227021376
48473838
618290608
28743136
30035888
53484557
14850955
418443646
601970613
622105538
185397767
148649311
18735898
153561796
40020840
23937508
85095636
35010580
36730504
20576099
9606462
15300187
67059584
14627429
46736034
191963894
267574790
20531154
14669661
112938935
14940268
20996839
16796062
14610115
9166462
15566503
15985017
18766019
35868295
44426397
74229529
22556609
316244130
213917132
15811314
186133489
95894506
42871498
14693823
26250872
10933662
21887420
36065771
19195914
9676212
16031536
17219108
14237001
21662482
16211434
1774391
36184220
14363353
19110632
15066760
16365636
18726713
16302090
16012783
14173315
44134466
110541296
36174634
7744592
19918988
14437914
8223872
42523858
394964148
122140830
63854413
105715975
76786777
15473639
10228272
364583368
8283082
15143478
19409588
404305400
81188654
50393960
256198873
456921996
16013208
490981740
466015713
49096435
512647964
376340972
544547724
333159474
43286458
278192877
107117254
61058924
142276530
554516405
266789947
57492976
17905977
566912407
12819112
29792675
314098811
38913520
300528718
247610675
221421337
19137740
23075284
26780409
19040451
26664495
49318975
134545154
15163466
6705042
15751780
41925410
20183845
281530541
166723028
17293337
16028241
76424191
20778387
218951054
16090630
54546430
15484279
19315665
1665531
14630696
138346220
21364753
16664681
149180925
1118451
240401764
14527193
19476702
410358025
277252778
129526938
21641130
15776891
114627120
140635836
27977493
14647570
87059740
34321294
18363094
14879591
15078840
20437286
15012486
58489734
18746273
17409240
25565646
14093707
3721521
110798209
41461194
438744267
54624571
480604926
13226432
448815887
489583399
494636508
486678037
14269711
352537935
248533514
26287962
44153483
20582958
29375037
120181944
15942016
20068053
15828276
14050550
15096075
23502733
153784150
17261797
18198832
117883391
63913500
21719692
14699879
20494037
189239468
1268821
22952790
36711678
28207461
18279932
135537626
15411184
18747244
72785944
1536811
15335123
19269120
44261504
267413060
19505749
11211372
14150661
3829151
40343920
12415722
21034324
40581159
17389704
258944931
14140617
388502150
15446324
42125432
18700629
14293310
16826617
30950353
45936966
79321561
71489644
60134494
19679586
14885540
29328707
118975084
20806880
7905122
79604180
52941384
612473
14159148
10101462
24626969
18164420
24752484
87520051
169014609
14062180
251078845
79916089
26858764
103652294
140176807
71629445
63551423
69426451
140615593
14691709
22728255
16459787
20651260
61002941
478743
171613435
14885549
46220856
63840089
24765758
320123393
8368862
26063063
165839533
19722699
19460725
14603515
12
76348185
6408382
34133901
174740894
20813165
681813
30258963
8220482
784304
22400582
14208982
15754281
86336234
14074515
28184452
15759202
15348935
82453323
14471095
8660372
153051008
27949750
177231913
16421430
74474794
9245812
46207622
15666380
12615582
15310061
788524
87818409
14239043
46249872
17462723
6480682
16958346
35554723
15931534
313626071
28521141
19395722
16019777
14738561
117496835
45146244
346329689
16220088
6794502
6519522
16336998
25053299
42650174
23959074
41865658
46319532
26926819
25760772
15484063
32036992
31496613
25585110
23324461
14467131
30568788
23443118
19658936
19560636
16910591
9624742
65778845
22029553
1440641
54637309
14942612
18804081
49443121
231870928
184243425
45963562
204876726
91446637
17821997
56564230
56019141
16287777
52758395
18655567
67100074
51241574
15164565
742143
5988062
14677919
28785486
6017542
125440293
12611642
15661871
37861434
45436858
14474538
15534763
135077302
149262284
351116960
362542354
401284451
19344825
80176051
42950596
53151247
26385391
41806795
14852529
61907650
166252256
10433782
15294598
9973512
17939037
21689161
38705010
39822897
16147081
18822966
20462253
240519100
182107587
143860328
54211164
334825973
112009116
36793210
133196150
20740575
117662694
84061224
6149912
15932004
25527840
26784273
103887642
759251
28179049
88764441
14468078
14702533
367051383
361334997
116329337
354259901
293616057
15009111
213479234
312465809
371519252
370595135
193978625
374543333
162535413
18740083
23834147
18843227
246401452
8295072
29774968
55304889
5402612
18261985
15804941
82667493
331228642
78876804
5490392
278246654
358160990
271806096
143607680
342665243
61555321
348508421
19187045
19197110
254195953
45097534
61019938
81990061
198655549
167519675
22083910
19665553
14353392
67038852
18253799
22061951
38516217
16579346
61782928
15639642
19940791
103127600
33248363
15309072
14073029
20038221
94488699
23646194
20097362
7159522
66182591
161382873
281739560
31271020
256106004
326449563
340529927
183444643
125026156
75943266
35857989
43768055
73531107
35423929
82404727
176569331
33386266
28220400
15473413
178363987
102434415
24786796
85891683
5031151
19621110
239944391
74557931
48237762
5515802
6790442
23454885
17862883
65120103
22180037
14982709
14385541
19799873
810583
17451742
78960399
43470645
27337643
24879483
47399813
20257202
33578432
14982625
55352474
31143184
22997907
20258262
21950910
23503181
816653
14944532
819800
17781165
16318114
43166813
152169501
22057395
123333254
22503207
16374678
213295930
37728789
22745807
95122071
294449141
50115087
15032736
14722311
14097899
18741370
1578141
18727958
19066345
21361624
13176312
15165493
14761534
18354504
15165502
31063958
18995389
24212918
10297
9720292
20155760
14779526
179193160
18736652
17998609
2467791
89545649
19412366
14461377
14616022
21963179
23100755
14759057
19201304
14615871
18169053
16650023
15367053
19404112
15131310
17008726
18080969
309304346
161147427
7215512
15461733
16887428
19918353
18127126
1652541
42945321
783214
15184804
28123862
8962112
128882329
37223710
148022668
191642904
30354991
109702390
167674860
18220380
148516861
22028564
75328666
46737694
20060293
30090529
84661546
150752396
32515106
21688312
7152572
38543346
16892654
17463923
16029780
30313925
38539630
20536157
19802879
19031057
16324679
119853553
15640533
12925072
428333
15939889
34554134
19418459
11107172
18019555
23638544
37710752
30318395
10378382
16580226
47427230
36771809
14511951
121617733
24223641
16438248
15234407
17488015
38543618
24745913
221282583
211162192
66778903
204657985
238781692
165466036
24759428
161044761
274715187
187631078
15134782
6362962
80086767
16408759
29514839
813286
34700777
33998183
16657699
24757310
15492359
234489403
15458277
183320631
47633354
33907531
135618949
32676560
2172
16161860
45674330
273531261
233336165
35282194
91236773
17787705
19679615
41710620
36502186
22274117
202823845
257355139
246339552
260096050
193795526
20735648
2890961
91312237
18998184
9867582
16261627
24263257
119521385
19658826
19725644
17292623
19130934
18244358
16634635
15862891
15822969
17596622
17831464
57625403
13479052
28097924
755068
15282276
118756804
171698369
161035866
227711216
62622462
19928678
57839222
49115596
200137339
40237598
24115705
52248110
18958334
222294528
43734700
14120151
110031075
63479425
1344951
16669075
19990779
139477825
14342564
134705572
54819183
18328130
102770129
143852743
79618080
19518685
12133382
17296792
1580631
17567338
114559365
8521542
40290010
23070306
631703
14085070
18481646
19767193
86235163
87621019
75060453
69671781
36408451
48781106
172802038
99241191
22845566
173964248
73492689
130913470
48800708
15868433
23676149
65415372
138441815
138592225
48302479
14056732
61265718
177691033
125079896
97520922
10069282
21224647
60138458
31887585
23109090
179090599
116672823
37727287
24583856
157853380
53859767
43421130
16388065
76558778
14325188
5392522
56779059
23962323
15428397
22293540
17726428
18485009
19732332
12804422
45577446
21808029
11178672
17842366
20187443
18082527
16510537
18932935
52146755
34060844
16380111
14848513
19884282
3554721
46473066
170248008
26601342
162124716
23603529
119356286
36065550
124589058
150507745
45671954
31566724
162145099
31466859
73224104
14939449
153865814
146618440
43739457
122165061
149021514
58945619
93921121
98424049
132655244
52786633
21697654
148013533
29703403
84272861
15933286
23991571
20244538
807095
23458328
137008752
46380425
20073137
95359860
14157688
14980437
9422442
19669828
27069510
119473798
125766711
34768495
43950187
23176144
17248121
28593748
152347965
24245649
46970693
36650082
27093057
110450015
85601716
44767663
16519247
19031023
28099702
20688961
14289945
62935102
67386877
96608563
38300232
18641861
161524042
17565821
153862008
16933112
90778418
39537053
24653511
21485195
16431371
58382054
97701898
13787402
22506795
81141007
20769532
16467883
24646005
124021561
19657855
19655985
32372834
30028674
17089636
65723152
28404125
23982011
53203328
7161992
20830395
37839912
28297742
21901948
30186006
22213454
14800962
36183636
20829172
30343716
43403778
95758224
15292416
20004298
84245010
25623134
41462876
36116203
24223220
44442099
65716994
16027546
71019945
66910877
142231498
15021644
143321314
150481419
82208992
64537766
43230633
17758502
139881024
35001544
36511031
128990938
35896730
92385715
61721405
136837410
131632273
88599859
103123719
64098334
87321283
83709443
17820753
96023196
17086237
105260957
64851483
125065250
119241620
44695563
19943152
39037836
136097597
44159179
53146657
113543192
18627550
97277891
20089636
138507405
10292772
11322592
17529831
41446171
108738422
38274111
15850335
14537375
13829462
69195321
43024351
87505453
14800709
17140111
51670202
2875741
9477482
16740350
65711372
73292172
26578627
70260967
55656003
116108411
85640048
111405950
19329119
87964393
56701550
62333434
116012960
54984620
45681385
40947536
119288992
113488251
66790930
110863803
123872065
29265477
82969698
22086402
125960660
44988058
121309596
86731956
103930034
127975445
21921560
16619904
16437867
78213255
19694754
20568127
35306153
113186938
21116222
21709837
15532765
83783334
19044178
14973634
39797585
113750348
8409982
98256640
100461849
19291131
30290965
17918545
39522692
40347700
18646280
19060857
15912113
23841368
19402238
21581503
16895274
8963722
16817883
38474714
17392949
82382456
22977590
65511304
23665555
33610187
36874375
50117365
24880749
17290922
104006754
105062380
104708526
106618135
41697864
47302738
72492367
52180914
58591385
27740227
106819709
23965055
23222340
30994894
10235102
13233742
15145142
15285103
17220934
75911262
19415673
94452030
92383411
27741480
84126542
68287037
91706170
35898963
44925038
43656232
26089017
16267101
5158891
15695398
15732277
70211417
37142957
36778802
80329280
76061175
60217692
84109418
88098535
84152520
28334398
93691043
15380919
19386025
18645363
87375475
72704442
82687474
21094745
16771854
88425861
17795275
18694163
13348
15523455
25611032
63741872
15691423
86634321
31334942
38337165
55922466
32175412
46048042
17844854
19837036
11790432
40381496
62924449
15421468
57949239
17471979
23785337
31486186
17219555
55062207
50463206
76259958
44842675
16562949
28644321
62637457
15308616
10915142
17051344
5971922
2020351
18088309
18569484
14505838
22802398
16727547
26012511
32540685
67426151
48071988
54335357
37734366
19939473
48799978
15603374
50736036
17872898
47433304
14244354
61648860
30617297
22844290
61902439
36057539
17004899
34716719
54277378
7675082
28197486
59910734
17093617
43049724
20960552
23417070
26291714
27990174
33679091
22798674
17932955
17054817
13201312
53362486
41639579
26863382
39582797
3199201
17045060
14982575
4620451
14775787
21400494
6045752
18816614
39530187
55698709
22073621
57086667
31311757
26594901
22739949
32000701
21406081
56040076
40084258
47517237
14620544
38349184
39619235
28543744
21812172
48111128
46167548
43557296
14803701
22079998
50366089
34113439
20104676
50033539
15519544
40959360
17222625
38146999
32770411
23759291
29221344
16888374
14987728
43143358
25572437
14079909
42572385
46707502
17179907
43462357
45998531
43606008
18713552
21542359
46685486
15737554
18251903
48462491
33637973
45708478
19518491
15071040
38057076
39580954
17261350
17920588
11564502
14526616
39290634
17280758
14117425
35549780
24758773
16228058
19279528
18028814
15575625
23075843
24452205
19939139
22695157
17470086
29114279
14757808
18738406
19347315
19946963
11347122
30830432
30068744
23164604
19176429
17298532
25338245
18036441
23788393
21442982
17374092
15140355
15290470
9803552
29389182
29875784
17537596
15947461
21968928
34335782
23103448
26857672
25024924
15285885
32078471
31367238
30330097
14742328
25560255
14368074
20520292
2029971
9677372
10421232
23231179
2067201
11348722
22214469
18498684
28160886
21427253
18644906
17456070
17377730
972651
1113541
8034682
15537925
20945721
16298452
2729061
16878156
19370753
21833039
19685455
16938711
22984215
20832476
18207999
16307151
19950424
14912323
16080545
7703052
3460751
16302909
16536215
15594318
15917429
14529625
79543
17670603
21444120
17194296
20467035
15374247
14217286
18666525
19760111
7093352
18993395
19425779
16473568
13298072
20527963
16886396
18194371
14634720
4419391
20081176
19944715
8487622
5225991
14921620
15526913
14803372
16298447
1046661
11348282
15473958
17366486
14937441
743763
14425692
15345389
16310991
15987295
17450044
14259695
16624106
13142132
18907371
16906715
16031679
17217414
14958191
16475462
18785238
17238060
16539957
14133436
14804387
16650765
15625377
17930661
14991920
18431900
18090088
17972212
16030079
18132494
15314162
1240201
14067643
14145626
18261862
16404688
16894706
15142243
17296072
16407834
18519457
14172103
8453452
14856411
15794195
12994322
18157132
18034917
18121244
17886692
16517711
17057271
29283
76883
1799911
18032187
17935457
15737610
17028211
17821070
6186292
9724192
16741915
8317872
14998161
17138707
17924352
14260013
17566423
40033
1062731
15211133
10286782
15907760
17143198
17411352
15951152
13448172
17467699
17164406
16677428
11975892
17380682
16924728
17592872
14093385
15762845
16737309
16734393
16352458
14169803
16732227
17407578
10802512
16986211
15079153
1746891
13226492
16211009
14336662
8320432
15088772
16245822
9075292
10454862
16463366
14315537
15057943
14411486
14977648
8401272
9867372
14773108
14217739
15249171
15952509
17259281
781730
7277852
14759066
9363712
9272552
11435712
9890132
17013367
17146606
12371632
17077889
15504501
17162469
17144092
14622968
16646599
17100038
12581162
17085732
419363
7153832
16516037
15391168
16278672
17037798
15086683
17115616
16988239
15868524
16940995
15019209
14087103
14163914
15022114
15185199
8132582
5083001
1465611
16539573
15264877
14690367
12419022
14763294
15079886
10170892
8821302
15802457
16568227
16920080
16409878
16983277
14503947
15740362
14260862
16953808
9304172
9544072
16626409
6277542
16630098
41283
16159099
15209810
15871429
14702075
14928287
15285498
7137952
6987062
16528293
16269162
16017251
7642452
15651045
14507734
9317622
14768176
9435242
7196172
14412888
16107463
7632482
14334870
12888932
6427342
14681082
15349180
14156586
16034947
16459329
16387490
1845211
16392784
16484672
47323
16493012
16495288
34303
6795842
11519102
761
16506902
14263368
15296038
16302924
10259542
9252492
12589972
15934814
15954664
14327983
16472590
15475489
16270482
9343272
15722349
16246905
16213701
1153
8119072
9996142
14371873
11934182
14690527
16337410
12806942
16337119
14580937
1140331
15303779
16102362
15652540
14420201
15877289
16299728
15988472
11577122
5779142
14463107
15250836
1380901
14207863
14704845
15110431
14148958
10076782
621573
14199378
1435461
14750983
14815685
10716292
7614292
