3227742644
119671726
14382255
303335268
25682929
26108289
490168713
16085503
130633912
329722064
346720096
34422039
236989672
41141691
14783198
21948990
1260248310
1967865697
1429342812
2999523196
20988389
20641751
3295847181
22164491
2572635206
2891165916
2900870187
43029829
3156374691
540186088
2247498222
34167809
363824366
1486114231
2172403098
36153731
8143872
36749284
1223345912
23539291
16795352
2971610265
1327694701
3305181849
1090314169
2935272082
2970504472
1973081150
509474690
594860624
24180246
23933652
58096351
140208942
7482252
127400802
398928261
37722989
64429737
1289617314
2287534188
1087295190
16667690
110287570
3171116575
3229338955
708391380
3233286145
3289928728
1427300360
54966042
272968338
207553067
169850460
2273491134
2453980748
31453664
82177787
1261053289
65347070
18607941
87997272
17739988
3084238979
3193625653
1564034412
2183068410
476722584
252324555
1491637873
943005852
482884934
60967813
49504685
16893678
164733624
39766610
17589724
1242513450
205095491
9975472
133104213
519260770
1551168913
14403344
326459896
106017829
123331065
116002390
3159566912
268537494
386847094
1193906869
3044693607
531246696
3306847353
588623794
2305333604
320991023
320692616
1369208263
85383065
106241252
3120746236
2952735914
105856525
215725247
161041793
133127567
95951378
148086529
1202494718
430881647
22594904
1655890771
1691357690
28916673
76839874
217493516
3151612951
150969604
1141895772
244688424
32334267
740993012
3305246920
85801399
492416889
185524883
2227540268
452272303
252685544
3247904776
620875853
466325662
15767302
373532802
2209011578
228887456
26014974
289083387
549704179
278401829
103670163
113260438
1732280364
275547140
19271068
18881035
186504021
20835538
218677752
20084215
1544473494
14958183
2151371096
1145679600
497471605
3167447029
1704119437
123917026
3145697638
3137104753
3186966128
3028871123
55538601
3304507899
105250413
3057842517
2653735692
2792962891
1576450585
39927703
244198922
1054585944
28636068
3138412134
2250895533
2147606095
310465583
3236342052
285681235
2528578588
248917871
2785632876
1373398688
2288422784
170100133
348106256
30159164
540133267
1148936101
601175918
3126758134
2989797008
3128748953
601004860
302063251
858180043
119779828
617385156
2743166148
1005528566
22141799
153180141
3131386714
17354686
24079839
550507181
362253953
3242316013
2301644052
142432862
2327859860
3166794892
1648972046
903724039
2935425795
1521652051
3108142767
2951373612
332657477
2169530655
3127983308
313709126
2328802022
911484224
2291898589
1377713286
357097614
1946428134
371357573
26772272
2822206626
3185885700
3343805807
3845299823
2329565078
24204800
2782590231
44410006
459448273
71064927
570136572
23305619
156178834
33812571
26189301
2665058656
61852424
30807871
3021685300
1873521187
18741908
1882561
355011922
3691490176
108348254
24248968
16282560
17215726
2438629268
14217461
185994393
1558194368
2472219940
17571843
45759850
37173144
340367440
965345257
295954847
24476540
341878238
452666739
147798799
3302196586
2798738701
2655083160
511650267
161432813
197165845
893704615
2337272630
2991687300
3346429756
627264829
213492270
388780855
1168105532
194537078
515930420
3351684970
140962647
631035796
1444539368
23646407
69406135
357202855
161153178
3196694761
1877223469
607320040
21911558
770589890
105059162
288262433
3312296338
306467870
3243512640
46553563
3237264654
49024109
2959271464
82121799
972483733
156783684
33502265
318780384
393319162
3345469349
840410096
81895800
231612638
101267530
2325110389
2967474009
2842166925
3267485509
3342967485
38187646
3361343535
2270280536
360323149
2872280007
19752509
2348682661
191224123
2741196537
19136512
852996517
3346054186
3231801696
2350624231
1172449922
1518055838
3375584020
20403802
245391672
25072388
9243622
1292377892
44582717
910233571
823630392
3131310280
157097285
225372904
1379720150
26231155
23861639
3371760286
299979027
563032176
140196285
3320967267
17306450
532445813
325223189
3243432603
2998909443
2732818595
1007072053
1336694797
2350820870
324455271
163561397
3279015522
2740920719
1126526995
230780381
48871329
180940171
170336081
89188244
493532208
342320799
34986111
2778793824
2718077018
1487400025
142480289
398741353
3014291962
2860571050
3050092572
604280973
3014498003
32621727
899081526
292954426
77268350
2237885395
3282479149
3391922529
104623058
1459276262
249705847
248991993
719364740
2992454708
3268343712
3298453368
2662205988
3387772737
222030109
394764754
270465917
3400266233
2282451121
42133257
227192359
20972977
1418612100
28986901
148417734
151825103
2359959744
539619848
3188722880
112681614
3397035694
3304895917
26947892
2875699287
63284050
45294626
269851028
2725381986
3158119702
1566152618
3400226350
33480860
607299134
3093162593
3004686328
2469817280
552483190
155570335
18765797
1209356652
491195550
199000304
2908560426
2496678456
445606725
15514465
2384085433
3235566346
3008049271
48292563
3072302387
138193112
487775414
3131398126
1656317347
2813541247
2219890784
3071819156
2825305339
2865911481
2834297189
2835543364
14263887
749941921
388437236
299252454
2149455188
29840295
3128466349
3060249199
122077593
2214016615
1519966615
1425743894
594883263
2777006707
2257777447
2819718934
350395184
3274972772
91135990
2240997486
3408352823
1535200022
2308886772
15811072
827786048
229532419
264691471
387851005
1140871556
3070395101
1138951770
1700206297
2888240079
97406486
3027225139
193825963
2594825901
116821671
553078986
2842609706
3280811886
3231475095
3380376466
139731834
198884280
198488128
117245086
49874198
2547160231
317068598
2888036631
74483011
12549
77395159
57648714
2909432232
580512751
198105030
247659458
284067370
783054595
119798916
2715641405
15027776
109162028
230853567
990006769
39258808
497335570
3248097685
1238440128
3954507372
43625328
18733525
3004383325
1872030456
3309012824
3413090758
2304985044
427235792
218070221
1083745484
2571094417
298602749
179103681
1699605565
496250921
97640047
3124701975
3049823604
3344583514
2256920644
124825029
622579794
2997108646
1365356906
3576681556
794464548
388402602
23023524
39601084
1967095051
265560612
244144443
2652177085
2981048376
2465469642
3245020557
3303563262
44221022
268534136
3420698469
3425326665
247859409
836917063
51198161
205414937
35407324
2928882844
3317118492
354578530
581038006
222621792
44423684
2437164271
17062107
83709417
195816491
445099629
256137220
2712238933
1314174594
117562020
28633176
625787774
3424385513
19662726
2239574502
2811695533
3388953957
16426592
224275199
1228233805
222059081
3385569813
39364684
18228898
14348610
44591575
2854890325
823976168
3221421256
3431735903
39603334
2963608315
581198097
261027346
166670192
422840410
2709151927
3395004017
1201372038
575189711
3394351726
537415646
17694893
326710136
3226625739
1469576436
23779706
3344138710
2334087178
186545688
630290402
922303542
90431401
3431494119
2367054164
3069011411
592606432
325289844
3412670025
155620471
1624496214
3237596571
109991262
589682209
3148767794
2948136076
179650848
75513105
2883180946
2399507222
374492520
3307575995
716318724
3314038513
3378845693
3365874406
3410148586
2203579987
59283237
53553026
146485199
1034186000
3396937805
335682450
2366201131
3316194175
253181039
358419414
273445286
366202449
2934224385
704081113
1855713859
2340092212
3420949583
3053695626
3122502054
2910815273
3308092491
2379316180
306470179
41826892
1255774800
2375426694
137327791
477144270
2353160785
422752170
3131263001
2986217496
3260929338
38972608
3440594255
2568828433
1544277398
2280175496
1959311570
828879422
111440873
2659480022
3367833107
2990020332
60763214
33606141
454312032
2446128522
19357512
2413298167
3165841727
754321554
194710472
18948344
1449074412
26019255
1460401471
3293847274
8816552
124219349
3188510986
45168108
2849805349
3250271760
3067660363
2837853285
95822725
2951700556
491748552
1338582847
1247712654
21461420
99674990
437843321
3145777239
3441112634
2583592026
170357483
1414274042
1046843419
168610115
186515194
727826299
2315864850
3095546021
3958185135
255677044
3153189692
53795850
2906668825
250414151
75405226
3424642313
201977867
278232378
115218433
1523816809
2892066125
189099414
194725235
420751261
742466408
634368373
2807470124
3404536546
52771420
934492638
3603119295
3315298230
3535532775
3306989362
28293475
132452452
18047810
508717304
3213846741
3311806152
3075131669
1048698224
3226432574
2149870710
26562731
69664028
217366721
115012830
72740435
508129457
3428203640
208098541
3082957805
1403701244
3903191785
1140397442
448465543
3403258521
3266253451
281734308
14430088
29499590
69460201
556037089
488568248
2466569394
364982766
2321820535
24074724
172068574
412151396
17955636
905341302
3369059681
1532366262
2187228385
34874076
30069282
2886736426
849277459
1140401510
17329219
17329291
68224486
17329422
68225048
777312246
49098012
167792447
19478529
251301221
601916264
344121504
597944994
1367551969
164319023
112815357
917221424
334912946
2378938688
714494354
427382102
89297505
2680253203
54775288
270742428
3099942223
36738325
436228750
392065904
2398292474
169332958
127768016
2742509480
31941632
16102387
2221385231
2325688999
375826184
50251228
1523825102
2896234794
2897902530
2281561364
600244431
3141312465
792820543
771426715
3385102852
91894121
4402131
2326227985
1157842338
3234268530
3307176943
994740716
1323430070
18360419
1921624064
159621239
2249023419
2230140390
2309842318
3296482926
32751175
33671355
3785945181
3272353748
3786202455
257089641
582649247
2199867865
3436316021
2775456823
2855483995
523637825
134164947
2963630967
2502478291
624987741
3100269210
117006787
566082667
88609846
19521404
1563986172
2502354296
11736872
3013764276
3764873117
3463632796
3372923643
2243410226
1245131064
208209299
385721683
104971295
28197506
65545938
53987009
514518839
592862990
2382274808
3782389817
1636096712
787640718
2175043317
617563525
2325772688
83508131
16364713
46359172
2875861878
112463250
1226238570
246524805
3319557733
2425747206
3330014993
797285754
1708527552
3816318447
3705159974
201706559
3822245645
279083470
455761216
3352972127
3854839402
2252765215
3858003383
3777550513
591098068
387685829
3789127632
618899347
1209782988
3409003078
1529667498
2757759363
2218305637
27771679
610410173
518777753
225091735
2275667468
15086715
3239610499
26221885
3772889716
614111025
3594258737
1330010606
83770881
3230253359
3319037411
2429480929
27776304
2917299919
71668864
191442663
2422840075
2525400230
3366021677
546153359
77313700
1929337981
66525037
720297432
825652315
3231468950
3252164373
2800340742
80998204
93350299
31459754
52515268
1087970312
124247567
2212891465
35283690
1730024755
3026644037
17279833
49595544
1547066214
8172772
974738504
304070815
63964078
35872965
2463604465
1273228908
457828658
216091848
2920161053
2170800204
2727319466
817453585
2548624922
1087503086
978764832
258975382
344930778
3297252942
393060734
1717339026
43952326
21320186
22206477
2940241199
3301507559
2644846882
39556427
1161415926
1158396080
214498483
944050200
275018250
23854335
99892805
16810987
1516639212
3392109136
15424589
1467667345
3598116796
101757484
3025895074
70982715
3422231717
1293654482
328758578
2536802618
102573246
2733443484
2842893617
187133952
38353350
246359763
90662135
19036959
2820191449
2559231835
3302641124
1668834480
3313539710
2216011385
84395206
233219463
234858162
241540048
58033181
22061768
3405693987
1691121637
1675979690
158768894
364899440
2843903573
625872348
19893071
62443863
1280497141
937476451
15712425
584749102
1912479036
2294954594
2813660119
57284618
345483348
3504517455
3424272673
24695466
166614491
2620769827
3068636759
24971395
3069704350
3382871052
2407561538
1081866895
13432782
3602730856
221365825
2652916238
87756369
3077911842
3030279699
2180448595
2921783729
1338241290
443561401
3157797148
267832584
3356526207
102749165
3221554697
3263276998
112308741
2592271346
3289502722
1074491532
3290255420
43561116
3199619751
355799008
32487024
1881967358
2228514475
3011687966
218822300
1431909366
2188953025
167487180
2305468748
15213261
21765268
150540264
600435408
398270574
2221656830
1246708812
309783117
618392813
1355880109
507963747
2674810651
18378586
25252533
72623249
226045850
2356549692
112790669
2176282656
8454762
12084772
20263526
26855892
631300887
166198824
115304519
1226217224
1631296562
36390885
19560636
43716354
66926922
97352211
24647812
1601545555
123639602
398642539
842902520
14924128
31386941
2446256209
156024255
249803753
22352854
228766586
42455153
65036290
404526275
255784266
1574215232
187604037
1934758814
22124081
25079624
21674173
262458184
111701670
339812058
22691849
16434905
155997273
71395759
135258609
763743366
331299029
2376676429
161700030
346921768
14695660
15458880
390260650
491539548
36382029
22154726
15090453
182922805
1905858020
14269152
25581439
69687987
17498138
197987694
3111140416
1244655643
50515279
15857062
235268294
20028033
103887895
458140304
301093820
351127704
2898718812
328127691
18553125
552211950
36545521
1074729866
25853372
2444385391
1264876207
2206259418
492539797
2802146855
303515330
18983211
2252958429
20253942
22490481
15102774
231574844
14410280
625733783
172870641
243847008
1408727533
594836546
19459260
29811375
480508677
273562704
48685276
2482749966
46190313
5251831
248553802
600999958
1011594240
260886832
28906567
2809499035
282012623
15317362
36376198
34759567
390877545
516773284
28302527
67185748
2399987490
2496969121
58981847
279720230
68387415
2743762680
487996293
16579974
2985986518
59695649
148859162
40319543
6186392
151125534
17416571
448423292
147374788
2828056971
468732449
15319159
1123630782
17401708
20188834
78171262
300423699
77198574
298548658
143242480
5518842
131426634
567320561
17237961
295281533
22372197
47158854
19336500
31195356
30925989
48171315
15335132
31119959
1884266978
223454816
1513834032
1591940467
2815140307
274181163
174449916
280629993
119951217
63549594
261341284
133067452
158908948
252458005
111823201
25415730
22064754
1931169037
1560843024
30704824
25571562
1017563004
245818918
313508456
17975882
283525213
1037870730
942621583
168026451
1464820266
321739476
2533573832
423040514
21249488
45113642
2500199479
389005553
303281370
177163616
21955359
34097876
72637304
20100039
1603119530
258842012
189308211
61876481
213893619
1542837000
87969194
16505479
46524558
35582189
37541131
31863151
2332780032
59657016
148864319
492427855
25103000
241138877
1852601040
140732395
64995497
73469651
108417469
164788956
568852011
2566526257
373090894
193708664
69671781
703755942
48168428
600110427
1199205458
43037338
1639093572
16261707
14917003
25379470
16896858
1401932990
275410118
102480223
87619938
432673239
113536371
63435149
570239126
64604114
281275995
275686563
29564296
790953883
338395294
13779472
78381263
223968031
12384352
334271073
28404452
105704942
125707623
207528533
24547368
369944412
17797448
22950738
1286600953
17521412
319318150
466880520
2233699963
718898444
15515919
17791965
606828670
812125848
570230398
1115445102
92567162
155365059
15755923
458833210
20094133
2191076826
7433772
1881168794
8962882
2407065182
618080791
77619755
34423883
160306786
79764850
168264219
184767960
278185665
628562708
164280716
456747532
293487513
38032836
21324258
52794767
585307782
215027062
36677695
39795603
17826835
41414815
25209069
38324167
18891929
203628199
18545292
563957624
17430689
333450862
2591542687
14170791
1057013010
50853987
140221288
473212482
514983863
1252165628
1644835548
147307324
54819492
260614445
492475334
547756186
23529187
81505840
60960937
121208814
540427345
57070854
18997715
361611881
190420470
123334281
228450035
331301242
121798179
174595893
32344387
282778178
598725548
55709118
103773365
86101638
65975828
145008777
386676068
47281466
213143169
25797848
913441434
71158177
476057643
728043056
302214962
47241937
592330490
16583988
19535694
312125536
52709981
16478710
7161992
1323521828
119156670
3272
2302322227
232439975
62722428
26007961
34306280
128269024
718301322
19074134
496423049
385578974
236152093
455175116
21936515
2244760988
37982691
176545137
169772279
170065229
254641300
26672550
72909926
570269552
15724635
903868363
1572829434
2159885827
81947660
246582927
29973104
1949087388
141408496
15872935
130744973
25699922
19915235
1283672312
20546065
40740450
20085509
1313450768
20060577
2160421215
1282484672
54232322
92570730
45947054
14093707
14343189
1311553441
2205233862
29772060
15446126
18170255
57233570
25473857
188179583
856497344
256523729
1945489214
54331581
348330854
121828932
381012610
776595690
72901079
1146526213
904820881
76219938
15069263
301674955
889466382
16191049
18908459
292230976
519614203
1281730795
15369269
2471294425
21793630
1213844696
2230358426
15020408
843405180
2474187211
22725287
17377084
2238005323
607316347
836324214
28415686
144680743
83490939
15346224
1655729876
308277886
25475525
2216461442
180153573
186062028
400858078
112163351
1450456208
19207877
42972051
18377268
556422395
73460409
14939955
240832908
15868433
19202689
11244662
15476036
22662821
17951125
25313196
16187985
455222123
25093130
6772592
64464269
50008018
23674342
50292966
255735648
256090039
353247808
174249083
143186160
162102753
16690033
402709870
204491797
1260872875
2247448301
89086285
19550479
20522531
2497457593
17781673
417366772
298209134
145364204
2520615062
171709380
221794554
181240916
101889560
125461680
825362924
2188531230
2267601407
181647126
313574271
43948982
519174545
153844166
1382742378
487525592
90311926
280972276
50577789
123669087
25626894
17857623
134910939
25286822
2495769618
52870746
94487990
33430668
226405152
298300920
2581246309
1137853544
6007832
14295629
2382610237
1887847830
38702711
2320766268
751439394
1853483599
267948482
2624731354
216402473
397390953
102113391
177586362
40907636
219541696
194528180
21692557
205854203
167556923
106338862
2423356214
237866295
356756003
50251456
415866031
545812541
27894156
2463726937
262375385
124045717
16374745
2217509150
177754033
282639021
23070000
1278286753
309992948
408652184
25770001
94439511
146581595
87223116
77232089
7444292
15705259
275571759
255566443
17643528
19835106
556899163
325701066
25780932
15470403
1483521372
21766870
18678623
2200361665
858364356
361650272
1118108204
1962994255
457152258
1947403542
239896769
486110181
389530044
34676598
485939690
65393356
1856056850
2434434464
121952864
2484847710
1158436170
404344885
36568789
357735101
65258793
247101057
128178316
133776198
86759764
66766223
155981934
17465839
292250240
438555504
1024084184
86149708
44663021
190050345
219362404
15845507
199440788
348849731
29025973
1722714350
41873040
341931980
382431956
17447862
175573702
21432895
119544312
226695369
102818636
587644638
111645264
120304845
15783257
192369899
2180739074
1262558036
2194653926
32432308
15194217
6606572
2475882156
2195003495
1253070625
35534380
158096554
351976487
42770439
126215074
415714902
450725050
398775183
21691735
351844105
172910087
560673334
388719101
186473681
274230395
473252771
306032639
116339559
24538284
64261116
515774954
302891390
522815856
1118398759
217667001
52592078
34682985
123256676
115045046
316278564
52420448
530946534
75327047
2157958062
373127051
124639983
46515709
122735969
394415454
480767323
1463300436
598525477
96824115
415123120
558616322
1239996894
119982718
113798692
16955528
1262684047
536860759
87732804
60540284
313618863
1111807038
183249979
1284672848
61823778
576551788
491334206
53651571
376911565
259674489
2485713637
2204038262
52867885
2192801532
2192619459
1950329072
242022877
454319202
623797375
783698275
159114269
54562002
220061288
41376481
49743053
2478751436
1952108634
152803771
820055
2434558652
18436509
16475919
23102294
9976852
20468205
14571534
15495117
14128602
144599187
21486753
16716129
101253269
258627515
902679572
37426646
59520881
20591684
385218157
1414195674
938188062
1922163835
57440214
381603450
454129746
14417215
35471204
15374040
25402789
2239679186
1639908810
2305259904
190379998
1688137014
1048651
8613282
5668942
4959461
32145040
31520228
271195889
713453897
1543774849
2213999510
249220582
881358308
17043815
2346174552
2167142328
2376633086
2351907768
1476362755
122562415
1408760982
1934963846
904146097
1902195769
867087366
904149001
596635156
8459332
465631704
1251180792
187618258
130695089
2212948830
2364281118
872681671
2379481645
2373278718
795377755
1559457049
2413737626
155833464
884568804
25433396
48069769
340292158
26987797
18358676
1300686666
346741386
2340664718
2208027565
24799512
106817676
27367808
20267632
2408177107
10814422
6177822
14517899
370948768
295230825
14537303
16877448
20434396
820534260
33326541
82526016
104595648
69247603
95959059
222908126
2288745308
19919828
23260245
15162276
38894802
892019648
11206132
403511261
262766896
701257914
808839978
254590148
130812982
35685253
12299242
1409293711
15651902
14666226
16487357
902802026
223593577
203798807
248805104
362084050
17137891
241191942
114049072
575151381
28437612
109460638
1022146562
16101626
372131355
90713806
260445276
172998389
225959343
258621132
227694671
42419099
101874997
1210975034
622780353
287339073
1392051458
72767496
1309179644
191617336
2230808329
147092497
60307205
18506837
2359166210
379443302
1246304095
236967205
2293534128
1355523199
401621008
2216545410
10848842
22515362
27687672
213405395
27684750
16050296
196287255
372215544
26813971
27949990
25758874
59439396
48493063
164798402
169163069
11491312
1504011
15317044
64584430
182708953
10663912
24895193
115272748
30824371
227885169
55232733
51367745
32660497
146246203
173475766
373297404
1219059858
31032444
17950109
22310209
20310128
22302073
234493453
16209249
17551213
25230226
18220338
15998886
241844284
474229127
486223252
14814312
27476998
349986677
23422549
17995622
198748193
16374234
39239237
92720907
261926960
158497584
1355893922
1583797891
20418880
119459137
14501193
395418726
548800205
1244502571
11969892
1857825020
2153765870
515658249
214938320
14262474
78166171
1268322391
298012711
1405614907
1451227800
2216545093
40671571
21105850
9336662
349575107
728510634
2266021822
29735550
325080671
393455231
335955712
182104983
92356909
46950621
1898334019
475319623
1452969600
26372380
94919897
140427824
42819565
260063835
61574544
25466850
16003519
169997085
9492032
111381152
157344835
25301329
285596111
178892386
78825015
562077439
312116254
80904766
30810806
310602726
42738935
562847624
17548474
49871286
1306504764
335478098
598050968
533440411
419827537
18312830
1480614966
1480593246
374817741
2228363528
77780450
56501671
274208508
116331114
64047993
14116807
632162341
23172966
21663524
240786977
138222336
454443425
1037788345
101645623
20259564
145305040
268454161
438589148
84239736
18558020
24605127
1217791423
22336356
710781570
15340514
19602341
42080987
14292954
25074749
129223014
21881075
19066383
848177065
239603284
14415783
1950584929
279585613
22188192
17563290
366141928
23657386
72403
55318266
123700715
46787681
14297868
5746402
5763262
5520332
1373018959
1140511280
43192110
14709355
167565462
770729
82464779
17726339
486933781
18446787
14304618
57102397
523692041
24941044
142634586
101637119
116988614
586
657863
13348
23555243
272129170
104286459
183749519
35782332
25084073
258780734
14150661
1380300366
174433741
34347262
14194980
166690525
19470446
22402263
18327902
23986856
23638980
7354032
20930908
72372670
129827650
282389552
1557341
488634866
116303914
14474225
18794329
1640221
375001542
17493187
624989919
160684759
883187275
17794769
911112092
39191312
1205600790
108438654
15043651
23542034
194342233
67297094
1190051
38586254
14101011
322819051
234866569
28237608
203126159
18634532
14480727
112243365
972651
17909306
21442110
160700592
39523386
34043469
34082680
272706262
17964726
16685004
33846451
64844802
43976252
41003633
15307727
19033959
37373131
18798056
55443569
17088407
39411262
16186045
150853391
19996631
16452451
15671505
15040907
15410153
54726193
712454833
63231562
376955170
19826674
110547002
16492009
37895093
14650898
15950891
17835168
339148443
15933346
829373486
12962312
155905036
21442982
632122887
72598780
188844665
1009394088
16435117
204320505
73373691
179752291
19662791
21689161
14164890
84864999
16347677
89111377
97040474
66415249
106533478
62591498
17638487
31059414
24902413
277492844
229207558
21553660
131264121
207816038
73252875
19896945
581999137
58918735
16615373
331755890
19790951
211861573
51737153
14878435
15568852
96640225
378951643
100088156
561286638
1007377579
349125897
27019127
89769298
17446304
47273076
1499077093
7040932
745273
3754891
14148137
16675044
120210679
22997153
29863554
11620792
16306269
20931953
24775410
94682674
168857946
60642052
1081
30068744
44771048
113130846
619687902
10078
17503180
816653
3321091
197894410
15846407
402217354
24676993
20408473
25921440
109663811
17314805
140479487
24827206
111135769
194381116
22080998
20542446
171565890
26642760
1954381722
460433136
75323685
23241541
89084561
19273930
24319482
19397785
299430462
1316693528
1290360852
39759525
49745213
68411180
18886073
22829561
298005881
116572871
186311342
15040500
54730667
19932150
42445799
32521926
18853613
106836628
15781879
29738629
212676659
62918872
333433748
155773828
46507688
249335583
34362246
20574800
32459005
14780086
397706029
16855018
23033972
17523940
24278134
346704221
42962565
491025274
23563017
17506989
309978842
224023905
165892897
253299202
46707560
27818323
726976746
373914217
21897721
22169548
764303348
415630243
2735591
254612281
14546277
113729726
26925269
75844591
3476
158924585
228379737
896690948
151178344
1895990156
26982451
1241888029
84648166
22560533
18143827
19546942
21668101
40452104
1879831
18350448
16858898
15090014
22645593
31181674
33319485
14454482
23138301
19273794
19294924
30494551
38183151
28296565
16561306
14335413
14575107
14231458
152866071
18820362
25739804
17601314
103807149
79117514
155011948
14435332
44436908
154584937
33900304
11522502
43055997
14241704
14376953
113148404
17793431
8223872
67609370
39129989
23671433
7614292
45589568
15353894
18084100
18926223
18201801
62816265
26576457
79397304
29479564
44069390
17918679
21042561
29247574
29334444
25518846
16929396
34378367
14921141
14524152
18806753
36806802
50687788
303827856
29246547
20432081
19789726
17550067
25940364
46222735
14789144
40016838
87016821
24994219
16661296
23993734
321199647
16562949
18132494
586671909
