1332794598
4071934995
556162740
1029088842
388125476
2472193885
20707076
384655309
345577838
380701159
553185447
295427310
21168243
414538693
887126372
1170466230
52660212
1416661453
2615938171
1692867547
981857215
1107882294
62742992
101947308
133553638
437072889
1054143145
2183964992
631655444
1036017145
565954993
2421627585
415323326
863739030
3249170916
300487939
2911491541
593682679
479260566
28469650
2812355130
316287547
1345177730
194788794
358927922
46186400
1589828544
1206103616
2300629838
2748585072
256234628
1706564233
437154911
21778272
19017237
293317471
554794182
6539592
42562446
39633585
3232930770
25365536
3303293865
1056492074
3185897975
369238299
797442337
3062125146
2243464766
1590218965
990432301
36814751
2817864349
2802756923
2329816898
2354059736
2723110606
759251
428333
1020058453
472623389
243905905
85452649
105021623
457554412
288309667
5695632
238834602
216201838
440640882
384983424
52791522
216430965
56783491
492399548
23375688
904418648
393488321
72064417
18055737
14222536
45266183
1447719710
1711560834
336958159
743903378
84279963
181561712
1422946818
243022563
865563842
1385700307
266336410
149590738
105119490
2216627701
469517478
956730660
2209270086
39596022
1375758860
243442402
17919972
91408245
134954857
159115032
