31126587
1682456442
2859754108
2911491541
1692867547
346144579
384655309
49272646
981621324
1345177730
1100331625
1849583917
388125476
2183964992
295427310
2421627585
1107882294
133553638
1170466230
458190108
471544686
556162740
3878432712
593682679
633215475
1054143145
2227438910
380701159
620180818
28469650
437072889
21168243
2812355130
415323326
863739030
866541690
553185447
631655444
1416661453
316287547
109098999
716537300
2724712811
1395239478
3146583282
379408088
3312139147
385255131
3269609875
2802542235
426863535
199556037
1677017647
479809444
2526641490
41280887
1279635410
435425825
468869719
1517027516
414538693
173676124
368594433
1526238254
741677653
454419947
17919972
434684898
267869994
329932631
87284779
439569629
1416796328
746618618
300487939
488242107
2928749441
191316363
159722304
236549282
260038327
1478827050
1248049290
75960286
419924857
1376052690
304819889
845094350
1463776350
445265727
2459917500
446446556
2556204378
278343081
573844976
1097350759
1368377550
1415923700
27260086
493777917
184856019
89099491
1187127571
925754324
635989599
867233382
279645476
350686545
1108247011
354532868
1134780517
946981519
1368286063
515957180
961724407
277346571
388110346
111227719
985138934
75962731
1332050672
1137677352
462209887
1049670764
1833227323
255069745
2352265609
30914572
1249434392
1183674625
427894031
2171174808
840901856
276368623
1064304686
89388194
1353236256
1519016335
115802998
1023270044
