1898609179
315572467
1442229133
497082587
43908656
1107765690
2798623182
610142993
15763818
24925410
3676128195
2766335769
3246418970
34304231
558423684
2291324431
3192465737
1195754833
378672915
1686423121
60694349
95572056
66738084
250380782
85421957
225644761
3404946035
3311857651
14654552
2226291373
11090842
2786311606
3286846034
204832963
34722543
510322989
233663430
53297035
3337913771
130649891
85446130
845777736
149590738
267092230
2352310993
1373810180
149593228
19362299
15888142
822048619
111462090
30106176
22964444
199328455
55362999
273971617
96564060
502017570
362786454
398458864
500651859
40519628
406337592
19936565
22815383
499336680
205302299
288304848
29125493
1058237474
549600496
1291672926
217429015
338084918
457554412
85452649
46428865
131948686
24952595
1374923108
287867119
311488768
267850381
340703214
459477482
2408131567
512613427
492566290
102898416
364233534
1584051084
572437587
10848842
80998204
41038781
236930610
1349849700
27043485
84162101
226813554
2830872505
1197573757
247560825
17919972
18965761
35471591
430222279
167155452
1181122501
701764778
15164565
262283601
199399909
574587488
135288093
316640911
1726782145
104551858
376037062
2449765214
1231811341
399209289
194133424
480711212
155997273
235157481
86972419
14247287
168735527
2598345516
607873254
600435408
1945222448
354464050
41692369
15601251
31181674
2438694151
2439042434
34610091
22640313
7139082
21324258
42863785
110958846
565963556
111372861
29246547
2447984276
2439072962
2439057246
575792221
2207271536
36806802
14789144
23993734
29479564
181240916
27711339
109335353
24994219
15353894
14921141
19273794
15137097
15752446
1214410454
19777398
46222735
23986856
21042561
29334444
14524152
303827856
1093340041
24493773
35725810
1848835140
29810701
19697415
45716245
90670558
355307031
46194519
59474561
18266504
1391920430
65095263
216699311
226887759
25189194
237590404
711168290
18368680
36929536
1173108078
16562255
774447246
36600922
729206600
736417956
376499282
1183232918
139986343
1641150530
14094741
148496087
30278532
17446621
199792983
11856932
23544596
17350250
189248614
72694909
586198217
14592723
325830217
17539497
73238146
43963249
15647676
7402662
222953824
11348282
28472888
19816859
18002296
20955168
36782022
20348431
11522502
20177423
53153263
262359713
62591681
398092540
62290422
43192807
50374439
428333
19058681
90420314
81204765
15312292
25371684
24490706
78354743
280612293
1580342072
49110693
280491046
440536939
256120206
134772943
31975854
32256522
68217046
257635291
170886667
278211420
1851083557
42970928
26569855
125128420
167495237
247383995
26628211
16424132
22720074
1400284783
21313855
28171935
403632664
605824568
22558898
27538577
23767614
594961323
322255131
370217405
127930273
273422868
71119132
117173633
14460611
20188834
619611554
122785566
1337872404
184648622
30271564
26553086
322803070
243905905
44215023
31239408
32981735
56405314
15966494
518097389
28382675
26585095
191165306
18964685
48294321
473493882
454237315
45668062
398323499
27078238
51241574
309070309
255128753
54635428
258618079
93440753
38470841
16027638
117270375
29840295
17497090
184634154
77888423
22832029
173999134
34097876
18420140
30704824
49573859
336116660
41259253
109660695
16381279
64496398
43269420
31293110
158414847
22657153
60704215
85603854
52551600
46576295
185314895
91390383
21044752
22898904
58528137
268439864
25092574
62988756
26642006
222565407
124003770
285282053
79293791
114610602
92367751
268414482
37344334
25203361
59247894
29555251
90334660
200913899
551433993
180014279
40908929
21454322
21774892
74501824
56481539
16008484
544517731
462495192
6427882
329746058
18396070
30503160
16579345
57097104
35348026
375383001
113560280
127431090
78385842
588570637
502474118
62934462
977733859
1480251510
1249666466
63519471
28785486
19863215
282735852
18812301
1032290077
50626884
18159470
613913776
267921808
96821645
14293310
1198406491
1138452288
5388852
254117355
23114836
36168772
588609936
496394130
500042487
19636959
100220864
9541782
20417365
87501938
49235739
85192925
143917846
125398809
248618635
109647217
111617640
109015729
197488005
612438542
258499430
8539242
26565946
511352634
531524384
30104231
997993410
111912589
23690344
184910040
770120310
1093177452
31641658
44039298
33041426
33575662
269647679
18504694
381847929
50457743
24889998
21267237
10875712
56628763
21816707
52534584
60689545
1093090866
9499032
6299522
23006794
35094637
105211981
22575307
16190898
32688479
813286
454476936
254189974
15485441
15166316
26053643
847783501
581219754
50537131
50515656
267251734
483152730
424640281
386244525
48672487
69491538
49988522
32985158
475212144
40511475
28706024
144846166
164844720
212321528
19397785
500048973
34630995
430959101
225539878
61355746
21870081
300392950
157798886
59010637
587735364
11435832
16952065
35415477
17762060
22487278
21827584
29655018
16331010
52824038
263326645
90423929
368336890
133733076
20437286
219081975
130997057
507762718
18730191
134533186
75206471
467815723
52800359
75052666
14184651
15224867
96915603
19148708
39601084
7744592
21982720
5392522
30313925
30973
432160431
436095363
114724375
396211901
21790466
47817812
66561957
43544847
17161586
351994786
216213131
24954191
17412037
4116731
25408311
16285501
11112092
19454840
92331418
13651112
16584779
372185599
102491335
10378262
2902901
6212782
14369901
35821820
9748202
112288540
88543110
154584937
35865630
256314377
15846407
2883841
18806753
106837463
14627153
40016838
80603405
63737212
397569517
26257166
783214
18479513
19426551
759251
14075928
25589776
6017542
14511951
16129920
142525294
21608868
21102690
1898609179
315572467
1442229133
497082587
43908656
1107765690
2798623182
610142993
15763818
24925410
3676128195
2766335769
3246418970
34304231
558423684
2291324431
3192465737
1195754833
378672915
1686423121
60694349
95572056
66738084
250380782
85421957
225644761
3404946035
3311857651
14654552
2226291373
11090842
2786311606
3286846034
204832963
34722543
510322989
233663430
53297035
3337913771
130649891
85446130
845777736
149590738
267092230
2352310993
1373810180
149593228
19362299
15888142
822048619
111462090
30106176
22964444
199328455
55362999
273971617
96564060
502017570
362786454
398458864
500651859
40519628
406337592
19936565
22815383
499336680
205302299
288304848
29125493
1058237474
549600496
1291672926
217429015
338084918
457554412
85452649
46428865
131948686
24952595
1374923108
287867119
311488768
267850381
340703214
459477482
2408131567
512613427
492566290
102898416
364233534
1584051084
572437587
10848842
80998204
41038781
236930610
1349849700
27043485
84162101
226813554
2830872505
1197573757
247560825
17919972
18965761
35471591
430222279
167155452
1181122501
701764778
15164565
262283601
199399909
574587488
135288093
316640911
1726782145
104551858
376037062
2449765214
1231811341
399209289
194133424
480711212
155997273
235157481
86972419
14247287
168735527
2598345516
607873254
600435408
1945222448
354464050
41692369
15601251
31181674
2438694151
2439042434
34610091
22640313
7139082
21324258
42863785
110958846
565963556
111372861
29246547
2447984276
2439072962
2439057246
575792221
2207271536
36806802
14789144
23993734
29479564
181240916
27711339
109335353
24994219
15353894
14921141
19273794
15137097
15752446
1214410454
19777398
46222735
23986856
21042561
29334444
14524152
303827856
1093340041
24493773
35725810
1848835140
29810701
19697415
45716245
90670558
355307031
46194519
59474561
18266504
1391920430
65095263
216699311
226887759
25189194
237590404
711168290
18368680
36929536
1173108078
16562255
774447246
36600922
729206600
736417956
376499282
1183232918
139986343
1641150530
14094741
148496087
30278532
17446621
199792983
11856932
23544596
17350250
189248614
72694909
586198217
14592723
325830217
17539497
73238146
43963249
15647676
7402662
222953824
11348282
28472888
19816859
18002296
20955168
36782022
20348431
11522502
20177423
53153263
262359713
62591681
398092540
62290422
43192807
50374439
428333
19058681
90420314
81204765
15312292
25371684
24490706
78354743
280612293
1580342072
49110693
280491046
440536939
256120206
134772943
31975854
32256522
68217046
257635291
170886667
278211420
1851083557
42970928
26569855
125128420
167495237
247383995
26628211
16424132
22720074
1400284783
21313855
28171935
403632664
605824568
22558898
27538577
23767614
594961323
322255131
370217405
127930273
273422868
71119132
117173633
14460611
20188834
619611554
122785566
1337872404
184648622
30271564
26553086
322803070
243905905
44215023
31239408
32981735
56405314
15966494
518097389
28382675
26585095
191165306
18964685
48294321
473493882
454237315
45668062
398323499
27078238
51241574
309070309
255128753
54635428
258618079
93440753
38470841
16027638
117270375
29840295
17497090
184634154
77888423
22832029
173999134
34097876
18420140
30704824
49573859
336116660
41259253
109660695
16381279
64496398
43269420
31293110
158414847
22657153
60704215
85603854
52551600
46576295
185314895
91390383
21044752
22898904
58528137
268439864
25092574
62988756
26642006
222565407
124003770
285282053
79293791
114610602
92367751
268414482
37344334
25203361
59247894
29555251
90334660
200913899
551433993
180014279
40908929
21454322
21774892
74501824
56481539
16008484
544517731
462495192
6427882
329746058
18396070
30503160
16579345
57097104
35348026
375383001
113560280
127431090
78385842
588570637
502474118
62934462
977733859
1480251510
1249666466
63519471
28785486
19863215
282735852
18812301
1032290077
50626884
18159470
613913776
267921808
96821645
14293310
1198406491
1138452288
5388852
254117355
23114836
36168772
588609936
496394130
500042487
19636959
100220864
9541782
20417365
87501938
49235739
85192925
143917846
125398809
248618635
109647217
111617640
109015729
197488005
612438542
258499430
8539242
26565946
511352634
531524384
30104231
997993410
111912589
23690344
184910040
770120310
1093177452
31641658
44039298
33041426
33575662
269647679
18504694
381847929
50457743
24889998
21267237
10875712
56628763
21816707
52534584
60689545
1093090866
9499032
6299522
23006794
35094637
105211981
22575307
16190898
32688479
813286
454476936
254189974
15485441
15166316
26053643
847783501
581219754
50537131
50515656
267251734
483152730
424640281
386244525
48672487
69491538
49988522
32985158
475212144
40511475
28706024
144846166
164844720
212321528
19397785
500048973
34630995
430959101
225539878
61355746
21870081
300392950
157798886
59010637
587735364
11435832
16952065
35415477
17762060
22487278
21827584
29655018
16331010
52824038
263326645
90423929
368336890
133733076
20437286
219081975
130997057
507762718
18730191
134533186
75206471
467815723
52800359
75052666
14184651
15224867
96915603
19148708
39601084
7744592
21982720
5392522
30313925
30973
432160431
436095363
114724375
396211901
21790466
47817812
66561957
43544847
17161586
351994786
216213131
24954191
17412037
4116731
25408311
16285501
11112092
19454840
92331418
13651112
16584779
372185599
102491335
10378262
2902901
6212782
14369901
35821820
9748202
112288540
88543110
154584937
35865630
256314377
15846407
2883841
18806753
106837463
14627153
40016838
80603405
63737212
397569517
26257166
783214
18479513
19426551
759251
14075928
25589776
6017542
14511951
16129920
142525294
21608868
21102690
