3449739613
52660212
380701159
840009810
101947308
2354230466
631655444
93756591
384655309
184910040
415323326
547242021
1134780517
1416796328
2650151136
556162740
300487939
437072889
3311158190
3009910362
339273714
945323340
1100331625
295427310
443481192
1708921670
381346406
316287547
2250606367
440640882
553185447
57107167
2421627585
2812355130
2199907045
2505063001
28469650
1533039812
2369392135
940613425
2784866420
2198514673
562573007
363515923
450104484
413524452
865342856
180608797
558230244
16252784
1232692328
1029088842
3296965622
311768086
565954993
552839395
550746240
546518458
1517641806
2908461493
3244789166
2273450832
945385688
382344369
2274003062
2927990858
1546792987
2613007746
2664447457
1646994925
839683100
2562754465
24448535
2290746865
2279920243
895491674
1133056010
3042685195
1677243812
711419444
885857347
351932774
1222726338
2198793178
2717306778
34342156
1877705700
3146413624
609264346
1559913228
47175300
1571363028
548071622
1714316876
1371039973
591529620
1226724984
540375960
166049125
2246571052
3035295170
624399115
297673170
590012147
2312918395
15846407
1045871965
2963348700
2311209872
2277859878
2320382339
2393081912
1057175659
603269472
1716307958
2428072062
16427380
1594757053
2366312142
1372975219
2357168402
633963040
2939157849
516002509
388327959
586671909
2583369096
1343174040
52839982
445942856
2232444956
105119490
430113596
28861172
1546960556
1680989286
1252117819
355116686
2185646160
490175502
525874219
102912481
367256104
624341873
554838579
719571072
1473535766
1463580031
1586366000
1426546520
378396332
1865150352
2176962864
458884982
1110451844
501443486
1952811048
250986678
2749596333
2891485331
308086996
2694854215
2686406378
772841744
2529608446
2204370001
467637088
17919972
130649891
