2434973545
2183964992
2708383116
512395182
82992228
2900125707
1158565782
134695679
93259959
2896309515
1107882294
1406770860
40148815
30041086
2883841
2227438910
2472193885
95062188
101169011
400454250
1129428085
1395526837
49272646
415323326
347003194
136355919
591127655
105690151
295427310
22179997
30601935
553185447
133553638
967407799
296503848
1669585316
408939562
346144579
556162740
471544686
1849583917
981621324
1416796328
854200838
1100331625
866541690
593682679
1282308902
171427951
388125476
320020775
331854334
1172826379
1426424666
100373567
415327954
1859003833
262439659
342369994
174796338
467876624
2421627585
98733245
244306389
174509132
219403259
