16347305
57558113
1851957205
26329195
3040304059
499173337
2413595257
24056805
41366372
35496179
3533516176
15846407
15485441
475199073
18171254
10677482
15665650
318601356
2799930684
3233318408
19284380
2704291198
3655197217
3148922313
2868278951
3055169878
745444651
313647232
15816918
20073548
1344591452
145772532
227385402
2470309081
3195529775
60623722
1895483022
245945745
50153876
96379315
1977340538
272704358
14100581
31034496
1097063143
94120223
62882022
3189934879
2289822403
18707961
44967872
3422489177
281596622
3166548915
174747813
3125788370
46781334
1877374302
273138806
3300004998
3229986248
15443673
1679450024
18136130
3273474110
180505807
2725853051
55645284
19195914
1888463372
2303196157
224530119
2160844786
311748432
380666934
237870401
23151437
22461427
28245852
299431654
3153439194
858475921
3300834197
22515362
2956397797
2900575850
1097486719
480048146
102402814
1291365463
3006400839
16365636
62543532
3021353174
3226251959
3134153467
2557521
19923144
99844735
24797974
2509014771
35675192
613360768
205413225
2825794392
225565370
58840085
208218245
2306092351
1390410278
26169965
3031595235
3004257658
26145940
2693222052
127610788
3122832943
557068003
344955115
37089954
325810880
730014180
2580639552
390888582
4121091
2934257958
2974825673
49050047
50000798
3025871812
1517187876
1613477232
1715647256
2970718054
987584988
35184346
3022446957
467188648
245878352
15615783
31541414
2230563428
34648336
2151824544
56606399
368685195
2151837618
2153802864
235625327
2161758408
557911455
22216534
205398680
24955599
21744640
252730725
366607703
62619621
253188214
180127430
172572933
53187289
25129750
182479082
177133707
15430487
1553920118
74071900
404470074
11034542
2960032314
236994475
210653010
391657608
217472503
2766829026
1390366026
14784903
30217679
20639333
21114090
1120954704
2151831980
70303480
27065318
2494614332
117945664
394383957
104285507
421095102
2288725531
906754526
111392875
2151782563
2297427856
17979946
25638291
2849235014
2848759097
1704989844
26565946
2495376559
22310555
2445960306
2424434612
405964012
17137924
104390002
238653226
194287071
1608836484
2882472679
80236737
40094300
2652002204
1278667495
2164937005
406345942
122818079
117257672
708808254
20661539
293850289
270393265
74305518
236121033
1523731117
2236918363
1583163818
14438527
18957549
347871585
1125790500
1307922728
208314698
838750064
1329813517
2163776220
402592742
22943168
179691408
1093090866
2687668916
43952498
67424765
500951886
104292260
167869811
340166816
14416823
2200370473
2282489791
346589632
69369231
2510919020
145451838
18149133
50653253
257015946
14090948
14285301
2328643919
1107727082
2435435180
58186724
1691688708
468017138
267539388
254919415
2327555653
1882233530
604188752
42321325
2598023282
17259008
1158500804
52615990
1619350130
2155045712
30856757
111622050
18776432
435172160
1107369344
20092481
377455965
396962789
15601293
1023027943
21909508
153842256
603098503
19732728
28142003
233090542
20693033
2507564738
154168046
2536006624
1024744507
232782107
184500609
1283797104
192971881
41712322
339442185
45605811
15318861
771938815
47178926
392488528
16721886
36872427
28918280
73884201
74517504
365872109
401829071
59163147
622959311
256593427
1205458314
45576636
467645997
2162430155
2170723422
1573787292
15897147
1447659595
19404475
22674239
190320358
91179916
148775202
18127548
20177826
29346593
2296290608
18087738
340520500
402925372
2350778936
18388395
1201796664
2389221828
603745474
403622403
224475154
62156315
223324569
28507349
255353362
18728980
88357582
120836630
69940547
21512873
165505149
27631532
440991031
400134968
410013106
176920814
46241448
10202402
1212745130
167064110
312770372
26297285
2345534040
23126875
2206224462
2205471258
884058186
38109841
1170318001
2344098529
1242258230
569304623
2237305194
1698032192
370513362
16343374
719328482
475321673
75296671
14469444
198857934
20870790
18819527
399566982
88017564
53425294
1260746106
14243137
25554431
16688650
2291253770
577322530
1918419439
2176256467
357661582
1219922982
298325540
19772521
456208224
175158177
778549248
13527672
726974287
961862718
146115452
1058992710
14089943
20636964
50624774
2182433317
395252799
26587452
80643046
14985228
152169354
1245124388
17545140
229858877
74492318
13262872
2209473973
302041353
568238758
214785136
361394346
116077388
627799297
596582290
1525855850
27091468
20710809
23518723
25170188
30278532
114589771
265514561
197177555
809584514
1245229250
15784372
222540151
102118456
66715600
14513109
129934746
2181160572
46463835
65515862
103608233
366120789
100318009
233579576
568415965
80678473
1942564452
83948708
478584631
614568232
1311854108
1657413078
25456478
18676177
215393869
247330536
34026644
46238160
74759560
1863832082
84821468
90952365
314842586
16402507
72596386
67164062
14402664
143063120
172062516
68897859
52294250
154161381
34042587
47098892
115432090
1054126309
154689916
15826373
38590227
65398917
468448819
21746692
61378376
39582817
138516061
127830243
75365627
135986913
66606854
16789203
83055545
592111506
556388851
1673246570
59845539
53531157
29767807
243442402
16834494
212365886
291254695
53518563
46207622
597627851
108735687
153759602
231078273
14237001
1194686960
24267609
116873366
1226038838
1395294918
15539037
1199186424
77267799
30565260
1418153090
38264255
1426238497
1438870220
30931520
216824852
1093404524
1464979784
20194989
158237202
1483984704
15212156
1488273374
609466298
342601720
242155041
171584655
732938443
1551548510
93670366
327048300
868332331
1572072655
109357774
1576720824
21331372
160194618
1546916570
105321788
21003201
1396147100
320029891
536511232
40164973
459821050
147845476
361312530
16310945
14709355
467959700
239235247
1441963350
167066847
272200009
69159995
78710608
1480261764
28382021
1275824431
121987456
35677627
467827879
79792019
1390244840
12966412
24198697
255544093
415645294
32765534
227918832
1416524744
848260368
14939981
54906166
100571334
37023169
23192384
326999774
26437124
311144382
481685376
199967288
563833314
1042000988
287192647
1043484614
78931725
24752568
518000686
98438793
901001316
714272731
55071902
544560280
201879063
785241320
887608926
557737978
905197656
513476149
558994316
436909503
218194516
314368736
17209738
631401913
887700920
129829111
15706176
1338330434
58776726
336116660
148496087
51148026
17429011
1344664500
160704318
408449474
478866440
22931516
537860602
794037822
90840195
23480621
27684750
34705608
286111460
763873376
120943272
494196897
133831752
254145353
93715293
17857591
1087115821
259397060
537868113
16422358
948985142
293580196
55608483
38196731
144672458
116351453
25216470
226442641
39328779
50727475
245488088
28595878
23689592
51849779
34716259
17091564
301061240
982917313
450092992
60082178
198944896
125515154
966569276
101552950
971146699
23167299
471429480
97233471
34935679
491455273
320568481
500094624
331285680
24628323
831955117
248486841
33793075
805522867
252131732
288525979
9131532
102400856
389468684
515776777
15919016
589245975
26304307
46541493
120173417
22378267
378053133
17818571
375452789
733448676
33576085
46218719
29314853
110529967
480865850
57395312
556074094
147995428
190688494
18492255
29644926
437927839
155288964
267958040
410204701
144106159
377220220
262830728
113298860
23190932
61555940
32030164
71358218
60901875
189001257
305611794
137806425
40320847
326992995
112931099
24120820
17882795
22986718
21783739
444054117
183306630
17883546
23695722
210161726
19914859
214329318
68823684
286499886
35315981
23092617
14511951
127085467
103741749
44045211
41707482
372439064
60768771
51220443
37250900
69018006
701802757
239170789
21679555
403430902
309362464
41839556
248524653
132939510
467565529
44785813
42139929
7623392
56455935
36729078
15245650
506721657
127885728
613975789
259890508
7016582
278395894
31521110
19664666
26423223
32440521
19401923
128328599
231515153
258116038
16120258
131213325
21971792
34273213
33899023
138464216
604569577
127591057
259890924
46766839
16825629
565880500
21971037
212073308
571524686
265560325
26671440
126515182
433743341
68239759
101861519
17992871
144185006
40759509
272564021
519634328
16253217
20277132
33781204
75153477
8329582
15010370
309937895
248461286
555041724
413247096
27717840
29529039
20552696
40888536
86244559
67193757
365697529
162922904
309508801
73438019
500414792
104939361
164355146
111951612
29916744
18132958
399004803
190091111
465300666
25293727
41477732
34549636
31477915
156147348
556396479
16581731
32667176
462988631
25717363
24553791
322218448
63616731
39587041
15634764
14050638
38208569
26235031
47508461
6760152
117611907
15724468
35012968
27051313
58378191
27781943
77297565
48126710
22924754
133336150
14500039
410263873
142374918
71928213
44533986
15145767
14103365
54045567
20580820
485372859
31218458
271922549
13068122
53818786
461774135
34278975
190918932
412737103
18371092
407099781
458561281
508036077
476266843
16517048
39119417
215295837
21703120
418489159
99377561
367242198
317798286
63974518
265458081
216938770
38680612
96497966
16783686
15396893
57937672
438065871
36001561
15823152
37247902
14824849
16639340
314651498
22917508
117342585
190683870
314136379
459549262
113135215
11584622
89863144
34942165
102813509
237433610
25789373
161944311
51221133
10791942
32932445
181621546
49419767
81994517
11988452
96625884
46453733
14930074
17427618
140875051
55072066
255139796
72869744
262916107
53213197
39615210
104062267
26318497
368988209
309409930
273619385
32460296
422723565
16677009
40109953
59138765
370763631
464721278
23379387
15726200
360656839
483462087
450330316
185753768
42331893
485298156
486762368
40930439
473600024
408224240
482206115
393831984
19873982
14115234
16707857
486275882
54399879
337493313
24028538
19000747
16192136
221067432
442083525
74590833
350677160
160990641
68845376
34983759
15319031
282640918
217279118
114609028
98242137
169337035
458840376
196378534
295828152
165782875
389598421
69298455
65189498
444114418
37229382
54953006
285327312
224741627
260882374
46191171
397645743
204474640
415851259
19558085
198287276
27947375
496273018
17329838
287087662
163731067
67341597
497813016
275319843
499168846
21003380
484371255
16353944
499938507
259380237
386372545
50535713
80835598
53426067
17400291
504534266
38966765
191327735
267324679
34714451
37248302
35641749
151546445
373377250
453575745
369487589
412711915
274858908
165939835
47830611
19993439
24587096
20060161
34068247
263209135
83665870
59593743
16303106
42948428
109750327
15398343
49511895
26486299
84444531
454634343
16252991
86013397
82185229
16343082
13076312
382963599
335476128
285314563
405613756
373675241
36575927
22336718
301202890
482426364
217546378
117147872
128140199
26154851
97761569
35071635
402377079
20794809
128292813
264597172
278388996
313992840
295839943
460221260
347450621
48772004
465630790
196753763
461379683
109634140
26954789
110562230
339903816
240981960
249943136
174503298
239037368
111382082
466790051
426729484
397670646
49749644
18031321
105192432
426030218
40923314
272660099
238208603
18554619
23153968
248957427
143501416
15354443
30073031
27318220
49544051
30227675
16049874
443867076
38738431
13792072
93327784
46539555
15097360
26679474
28015433
147820245
19522485
15842399
250389400
21724834
15299900
222939663
806736
19801277
469900399
367910330
63164442
18337342
116814279
231547916
26299711
16193455
16320560
22183428
18223550
393146475
128220567
199425289
32122637
296519166
14141151
15101357
17602971
45741041
19519376
26926000
52840862
15074642
15347147
26188631
5083721
143920874
104513256
16152403
156123331
10946932
388470940
466778146
389821772
360602673
15161622
19931063
28994993
78067434
24903493
34330530
167554111
21126162
14957111
49661176
14976738
26810777
4782971
453407229
24620096
421871772
65130305
107511952
20450454
23148096
65290008
39837478
37367041
23973831
19852484
21431138
191717010
461765625
463898614
97766967
271470432
459853616
351617402
27333450
437472952
462253276
232687060
17879681
463263818
16643439
396299504
288966070
19713937
38213679
16180441
116553153
14969040
9624042
16316157
15338284
460625585
21099869
461374332
41304243
463454858
289688840
116679900
74744985
16245086
250775143
29773854
7630962
28284010
16706768
36569263
64069062
57982473
23764647
21730572
50415064
212814156
55838938
157395902
27158576
245643900
221854360
21162256
417828623
20534425
14479036
36688152
256672816
77529140
45209157
16609802
14615193
19981630
27938068
241229675
32382422
15360572
244316378
115286278
17809812
59265763
160009261
29296676
116525454
68869742
52589579
112838056
14051666
191275514
330556441
34709178
415213732
49535348
270181490
82978325
18029498
91416018
34766766
41263592
51828484
461466418
264501405
323663766
237083149
19082907
444938129
24230748
28606644
84481996
19542084
19913891
37465307
141339214
23996960
105909196
96821645
18739212
385170594
63219442
54940841
18057459
17904776
78404274
16915511
106488533
15131310
30275309
25756910
61656725
358226715
44366677
23965804
234521957
10722372
24423418
79062716
29124197
22946005
9971552
39126181
26297496
45075906
239961729
42676676
262172582
233342922
40892016
39607725
50869543
249901980
135301685
16452799
422220128
106572743
285121361
405367112
203962325
375980006
369110750
98690838
78449874
44387915
437995717
46947888
298647861
230107997
25690347
23288253
17629777
62134906
57279508
45136444
52847728
16148583
19025210
6424382
12039612
15770208
44636875
33943616
20548566
294259167
33726536
19408436
15463483
20087661
16785475
19852561
104694598
33656245
22932526
7117962
39401721
59170955
