268420821
16379018
527102677
3873549972
100890372
466143522
107317044
384655309
372648943
484492575
433084913
1658725742
627052204
517137568
820979234
587948698
279883621
343732638
485391489
347069642
432298196
505361581
853451454
175220405
344951722
3195878018
3529859057
2610254538
964823923
1046247870
10126672
222189729
495670501
2612778672
565778482
2916941383
1660853791
2936479645
1102955580
330010055
1258349922
2303963918
1006658460
588652615
2458969795
1454702436
2694103754
3118592023
287056132
202416362
439702046
2866198604
370363113
3013801356
2406306462
613976208
2483891426
279843885
1067151096
1714199162
2874123716
178886750
499238848
1330841130
72222240
2796228429
1621534957
554894987
2326287534
429443694
335142507
2241416346
2708812287
2680488108
2783003906
63219456
1109558880
300544697
2553734328
112846686
631378887
565019750
2325926677
1217274487
1741579830
557391879
1957704332
609352803
1356320743
1700177424
2187337280
541077959
1916622978
536649400
380592950
612009655
2456056724
2384342989
344556488
2364521846
2324562799
1049110291
602920299
465329148
1677427123
1032010046
2225540851
409002178
2215593842
1319655758
1245403364
2152086324
1057186729
335103247
759856614
489755250
472564689
546546043
115221862
1494115466
528629831
145806909
344282733
429318541
235840904
1595005538
1624237830
1422314617
84769950
221133767
1036064875
1109748084
266903063
504862368
473459829
352447254
444325773
764663388
340229028
449547222
1256297293
920301085
509401666
485373198
329562024
304119307
434545375
507801235
469967659
28738974
409685568
415323326
95023423
490895748
427639329
