1107882294
981857215
1192354375
556162740
458190108
887126372
553185447
3878432712
161057429
1921766900
471544686
21168243
1871250176
346144579
1054143145
1075556587
62742992
414538693
316287547
384655309
415323326
1282308902
101947308
593682679
388125476
2505063001
1100331625
3749770872
52660212
2421627585
1232692328
2268395264
381125368
450104484
437072889
295427310
194788794
49272646
863739030
1209852014
1963806853
1036017145
380701159
2973184530
28469650
344448621
1416796328
1029088842
3229076999
3301120051
890075342
3275297808
3265488372
215124716
452864069
1199613912
289931787
1273034660
2890133101
2233644626
298965498
1465510280
133553638
352693382
3074401939
3160439858
273747439
620264632
18479513
774429432
3137567658
739840982
3060805628
166900088
816713179
2331004501
464091467
818507371
452735188
237548529
2364890594
1102734757
2911750628
1672373281
2729938388
499238848
1227855463
168735527
1032253226
2713127431
354698568
1730402048
1161159721
1084833288
2193584450
2708383116
169740780
880560984
2349531308
194714715
2581650697
892331978
2569958772
355360776
433134058
2563612242
1327604989
1393740240
2542606986
615407158
423842965
959138857
92170665
426750655
1470909433
1706158910
1678823816
1668424898
203334122
2456011669
2446278168
534595562
1064662512
16610468
2399073450
2405821584
729500941
2400857826
20709576
2154979243
2196195608
1317572396
2332481443
1043673667
567371785
633404149
313474170
1326182461
430314150
581405242
256409561
1477412414
1308724134
2194448376
2287327410
2281538857
2247903967
393725635
2244556435
1372975219
1038899449
299469011
1921406514
404494533
1676856073
1292426508
2172420266
1302327163
31839038
2183964992
961357543
1674919284
170950640
974934990
2147575754
36441375
633743502
620746089
727154588
947094919
1475849299
15802470
983690312
181431936
1009586886
308870427
1674293238
1668574693
1642324117
946980199
1495871341
1112521165
1551096434
113220936
554818467
1494464803
1483922533
723404203
538613089
1187439937
1439422525
466645191
917665926
891826837
1388568847
618456226
54959127
878469847
1362831961
710123822
1148827909
776049583
878766481
1237812594
1158102985
242194938
523737358
885678757
500286443
1226594515
461659933
92193940
1206610423
1206257443
460633472
555672250
1049685408
27961547
434594679
452751551
41265813
1065197251
948668605
310476148
304196434
632257368
91650733
571498422
865463276
17074714
521084210
928114214
847850156
864008730
570662493
803639126
596846709
43024351
139272543
570553263
768532074
262018451
750498318
453511868
330862977
281766200
605849786
461700009
201003106
407430955
535942699
406777623
399473704
531873477
552142876
488142789
453510918
114999196
513660129
386330537
435490002
308322873
311335866
393727727
442370154
467520901
52703539
446780948
449614535
505288058
394757869
506842282
421644467
