235181669
45006808
407929406
24268066
21608389
474971518
77006469
137535354
69310845
249945623
18542501
908676252
2683561146
2786564756
156702578
14412533
183502719
261074207
237147973
110415837
307478701
110582367
129195215
13850422
3272037727
14007532
108710418
3379386892
3171285572
50393960
21307076
16814948
343638363
17299063
40168339
14532539
30146998
2877489892
132708764
17507250
25609013
28221869
47506568
166764258
19034656
14857290
78394905
235233788
189511205
534842435
3240954566
1654200966
3164321270
3183672196
3224565880
3183683117
3224502311
156306739
781738789
16726566
82118597
2893717685
847123669
34935679
29859415
34095268
2462153450
829082228
115525083
311063693
15157132
1703636814
26270913
555393138
18847416
345008875
20521987
36399036
709180950
229520097
249654507
1536791610
34989477
270952890
512403075
2968424201
188376114
20965101
2501740604
18452758
10782182
41603710
18382184
2941380690
2756471904
586909317
3071251042
3065753301
3065900255
3056142064
32487170
1320448878
1163491183
259528506
73277296
39181868
23261531
202416362
2882039752
77117012
259882225
116979295
171635325
551247631
2395362643
16342422
275055001
463765807
21019028
2657143946
52264878
98738389
36139166
67961159
67133275
23508439
167155452
53120768
19735580
31447081
24277551
22290224
34930912
18136130
1513626126
134196350
49810007
254215318
16066629
24732974
229507831
27034717
1886830622
1668957589
204910970
417223593
22523741
85605195
542990921
325811067
80937511
292777349
111342637
2389709155
2750919210
339946047
81276951
1918012254
8220482
362523555
422068543
276635773
27973318
130690609
18917517
1507291549
196398678
35586563
264507564
176595253
41954652
729731486
174058576
188625405
295328347
26400298
17441042
752355378
600824714
2455889401
2788683960
443215941
57679707
333160805
22737278
71468442
217518231
204489416
19542622
59468979
250205792
24255624
26559586
22556535
26748334
333409021
27082579
26589506
71161711
70231500
42019382
42143327
632203247
256342141
965299622
160561302
33222598
74820061
95290762
92201806
47034524
73194974
11347122
291888539
409719505
93876666
26837501
16930125
5692542
84653850
16955870
324679842
251627765
15988710
2467791
206445421
300498915
138141495
18678924
12272322
28009377
39324127
15640005
93905795
1613681130
19940085
367873443
241964676
46195370
520569845
1093526941
728704993
44125563
26930438
245840474
25005585
807608628
75974281
50374439
27457788
15537302
169194549
10984672
42796727
32717570
70728069
223008427
198587616
126716505
130594732
109975247
225072440
22717141
11731322
808108063
192729177
14063612
26578816
190758544
22146985
347759070
16257130
349290706
237822256
349291934
16539917
38234856
349297814
95176766
34701524
27445405
55307193
36901242
2710372253
47218790
20182089
314089782
62874652
107409628
14940354
512207369
15489945
36056115
4790881
218129328
36870351
255657736
700077252
214157202
18946160
231510077
625050387
16438494
23050826
15827806
970207298
29442313
15667291
159541526
342165503
25432501
43183327
23083404
216881337
41651800
1074480192
521321191
25355724
1881014948
75033472
216489255
74518740
23065057
42040091
193095044
318757563
532562634
354881184
2272328665
21142561
65157663
19411787
2577476334
23544596
115485051
28221296
19777398
2167119666
24493890
22035690
490991627
90128173
269348217
2176550448
414268387
2231352799
442870573
303994581
454313925
619247259
16878156
14342564
299890254
729177876
17131847
24116824
219243547
86230406
74791999
1109584069
26981013
25117278
36935647
23505298
22997059
1395651324
36744748
21170159
87479571
275634554
19900412
41640153
14980903
52878912
625756554
26419007
126048724
282735852
56223278
22129280
27179593
101155845
14390548
50446226
15446531
2303751216
35077549
1164984678
972651
2227084291
270920024
22502646
587517391
14860319
74550690
252409940
1720040299
168723831
20809456
43129790
1957483543
127337295
28349128
48567279
19923144
475988505
295732072
42673970
589123768
16877611
249722522
28370738
40895805
18873112
7212562
42258864
1100216394
22536055
245879011
532465322
15920291
14327933
70144495
19737404
743649456
15846407
81146519
45886194
393637215
45136444
1528356764
30103418
13838562
26130423
34812781
102873892
281009823
1482587869
256573865
57097104
166655653
288304848
74633944
618512779
269957637
35105353
95263195
145867900
31852520
594061594
890891
123417995
1151328307
19362299
91208190
38460734
960899598
2286817471
553238794
552796567
79366215
633349672
21830846
260829220
867773311
100571334
19182301
165505149
296993420
32448090
272027613
2233347655
30948732
208366169
845706414
24191521
21237269
12859012
15488528
37261304
20626103
14283170
36737727
236530658
17152067
33590096
235375947
16727535
19426551
20291394
326934696
257548783
15635604
424534503
37267617
36519292
180463340
227035095
20494730
18943413
343631219
41288787
548853089
1615463502
75296671
1278251388
71023061
61062667
373180628
141468221
76561208
261006598
16456165
44799919
20244625
24290484
16659092
20344118
59342982
68441962
19785801
27934142
61824637
58669256
47848627
50772918
109001556
19212622
57100687
19509884
50684256
138804063
325687450
240799074
18155773
365256150
215423552
270949258
159523955
106528198
32521584
42813442
59303878
22018258
241209954
324436261
25019638
37036894
23973831
38945542
24026381
209233393
39470718
790136510
15398442
69576090
26597673
2557521
20714206
16302242
40390377
218349448
18840896
19113374
87029266
23985200
86158118
69147333
40088633
105318846
94182210
41509142
31464562
44158537
24561680
140943126
371596038
19394188
211668051
23574106
31514451
95251230
18772406
90550657
76692861
43467353
21751701
534788190
486196468
49443690
28565276
29975548
168502762
22322730
23375172
188019606
151963505
153944899
211054662
898896330
32922275
28637224
18174031
2157136904
17292064
350508156
20559231
16545095
253250012
48768067
309259366
284672007
749779938
69066533
1023096199
22720074
19471123
86129724
63262233
28945635
33395719
59157393
22644385
18691328
14517373
16630213
90959399
29808890
41646662
23992159
198975780
775264357
447202395
336116660
16713771
97233471
463205843
67673683
452753447
40892016
15227791
246542637
1738105273
295983299
121559445
28055894
343791862
8824902
426260556
44507891
517657650
40235392
282713139
1495615105
95973441
24622728
84092181
38031559
26806410
22066555
48224124
96845237
267897886
610922415
153118706
142894598
462560281
306961807
360919212
259375460
57113624
1325241931
19637934
293482180
15970567
311434643
15694286
14063426
66799896
17011177
52529896
269552973
372439064
22188774
201775043
19421938
68219213
16812787
246837516
595515713
75069067
757303975
68999404
1339835893
15162901
31214807
43139414
15136924
17655804
227098769
17316916
212256947
90651198
18906561
568247551
24752032
15923563
57395277
74759560
15198507
37941938
161023696
18026275
19378473
240025822
15220806
32135704
174491217
264301513
488011724
36362259
23501022
87493961
44375901
14363534
613542402
17410730
344420656
1128353214
126349093
575846995
15164248
25830909
148376661
58889572
284089166
28870086
22188678
120943272
62290422
21268897
26053643
450941680
388538690
263292498
51405063
26619516
159614034
35808159
27885248
21925358
40953325
29260880
14333114
62587361
88485347
584064981
188039706
32453930
41449281
108617810
50323173
25070885
30322683
106855966
25998368
51263592
88763317
78703294
43357245
17636490
236336591
45954369
248900032
55424198
1330457336
155784594
500704345
479720599
183667377
26033708
48488561
54969017
44661659
17595745
78506305
179822898
216299334
250150187
89828373
15937025
20521159
27557391
214164709
22730876
457733799
51240452
162869667
82189637
115087241
27529312
1024857528
1059194370
154268804
16303106
339332911
48847011
40116885
15097615
24439201
731167584
25300308
16403781
30249306
191587334
16365305
46479416
27298118
19674502
44039298
22012091
23108081
22737112
79943236
22680819
130496027
50411743
783763632
18097821
26657119
21982720
14466538
38271276
9624742
325830217
16340501
294728278
18776942
80638910
73238146
365109278
8953122
14688489
25073877
297532865
35800079
44177383
17910554
35218566
7334402
14676022
16160352
72198806
113669611
263759043
15764644
729110515
1278451134
770656705
717249912
19772618
151601332
224762164
44070703
1917731
108500536
1652561
392032950
65889008
29450962
26003862
19071682
153110023
233603286
38002432
20463402
85961526
275217630
437700198
28534252
197418586
76987599
18219628
115767285
103157233
145450074
112047805
640893
15664289
18948541
224424419
1198663765
18320874
45575375
30041771
20161308
22679585
21249463
22075696
17461978
30793542
15707256
37435137
14963032
21257006
31508962
312737543
628548325
107208504
30046435
60339338
30008641
7744592
47438401
44397881
60627728
222140591
16379018
140863851
270013816
277165873
303898942
42958829
299798272
313537605
342072272
370789794
333667269
11856342
61193131
24111487
334079075
15679641
13213122
22190185
169171481
32567081
8839632
16012783
20776497
345066247
198538064
944054868
36585157
415794540
32327154
1137830155
35027698
26257166
14885860
18766459
19268706
295899118
23080711
18227519
17223014
11762572
21228708
42389136
97503010
238259855
197536380
246561567
16228479
357461232
111060879
14173315
11856032
369505837
118188665
615443591
15808765
11856892
35773039
1947301
33792634
43409523
829797714
342803375
331816614
234521957
607289206
271476647
76133715
203296606
98543618
21252618
14552725
18215973
364423298
614441689
47415772
70771229
409456907
14146966
295855693
27511061
15441965
44134773
16076032
308233424
21414576
25913058
475286355
15727317
30647780
17301707
1111940934
178474436
59167437
16198573
20688358
14716058
49758766
46435868
29466408
20730021
355906128
606780846
15007149
440168523
874916178
1093090866
131144091
50073507
18872477
270060679
52070270
116559622
198932169
156763824
93689220
41305464
950552984
949132650
42692935
18177016
235660300
16157855
54208274
31127446
224320485
16789970
15210284
35474809
47739450
14251225
16906137
14268812
46176168
59676104
137466464
15922214
254186356
131497030
18686907
453319164
17038854
15933690
33919343
16555985
157046198
7381772
14413466
24619328
106182754
49698134
522282462
21880237
243291022
86141342
22149851
69480815
299790272
103949895
27901418
322603418
14588748
423135707
29738618
93069110
18767699
21612122
51212195
18791654
10042612
18791763
617825073
163203533
21316253
80617430
130945778
17291393
55009164
5336752
148529707
15446551
297067961
13524182
24659718
466519303
15952856
16129920
78419512
916834944
21619519
184136149
15111011
922238588
90484508
18872313
21388284
19412160
718060706
19952656
33935957
19822322
39358126
858646280
15740491
7684882
288363743
102792727
19697415
29293808
82160097
22673630
179578127
240396676
18557258
91381168
44513878
608547225
344271386
14335586
15836506
22537898
15409520
43685537
386229895
250128913
19553409
15918708
15234546
7380872
20508720
19608273
15731368
14345062
69193833
18587457
20786801
164412502
90405702
28811251
60919240
94000180
259395895
840013806
30313925
114497182
173999134
59331128
59145948
63246339
52419540
807095
51241574
22112848
15224867
15012486
759251
11857072
17006157
17074440
20479813
14669951
19541375
14780915
76339506
78183672
15754281
18510860
265081512
448978160
36018513
4244951
14601227
185754276
193150768
128943423
264331473
56277200
17204399
239472362
13264332
4911591
402094758
18172905
11640472
20480549
45671898
20772763
1106501
158426909
59159771
91180720
494583213
21862217
97474887
4207961
14270650
21220931
314261554
61220477
191477653
262223982
250784170
352548417
254117355
205864193
18622869
14962779
56700964
59031230
21844854
17976790
22185437
19529387
40931019
16228398
19682187
17025489
21111896
71294756
20608910
92079350
15931637
14703188
451743265
21014439
9532402
388513351
89820928
15463671
79743108
13493302
16017475
9300262
813286
115979444
103684882
14529929
15473574
103130238
55355654
2836421
15220768
19107878
182503471
75052666
48802204
85131054
14246001
50325797
113420831
92394644
114547989
14377605
356885109
244655353
409486555
95368728
30043495
15667802
330592913
939091
186714608
14293310
158414847
130617778
44030337
43383705
32765534
20998647
42155888
15485441
7259302
17220934
428333
21313053
24431892
205415788
44159806
14717197
20818801
15763416
16250929
792853934
