412256451
406793096
3594686176
636552419
37520270
344506330
1442157043
2996593087
2153338367
154931027
1210724442
613674397
574814204
3748378933
338380489
3314727378
322352756
2885155759
891932948
536209983
403585079
22184994
3111789250
3164448637
405152669
548821953
3819621433
946881704
2926294172
2585863736
2365731727
1597770211
3666268762
2695703830
2161691539
3309323070
200727420
22308035
483624305
332052328
2861493750
2934198965
3256964827
338767748
2402257818
4222094571
278285829
613059445
324746843
1138616587
2769299356
444853691
3751452912
1638843078
370392140
925255722
206150191
3043038352
131757357
1365377509
1135972002
3238986810
107701880
2990679528
604965554
1103944862
33735667
3771707773
260655483
2723074621
3172224878
1432107888
2935551147
3035839922
1187238337
3035291177
1280561989
1874556391
2872662775
2556597209
42216993
2506389582
1049876258
3811008974
1068458696
107390201
261732163
2265139835
543108546
2352606181
2703478076
2387123945
351108260
1657442394
3282177984
1572712650
2355479552
513945577
2900368423
783575642
3767436620
317861483
1331949072
129336002
2369951024
1433859061
387350565
710985529
3411690134
1584537656
1323611101
1578430944
2788626222
1522976582
4065680594
2534667699
3237000004
2902133412
603879183
144640516
705985519
1320524569
3241113013
1909430888
913353535
3892727073
2171028845
2975622350
973071733
1314034002
384031851
3990565875
1958621082
1532491916
1561379730
363465314
1673425652
184175711
2406082548
2902058046
3071509538
215444925
3149339975
2166329005
338197727
1719973213
168257119
733722770
1087181108
898704319
710068896
90601669
901631342
2549638700
3877660813
2747916183
3577306581
1087761774
427192896
397782558
27948122
3580687277
2741118585
3633335662
2972465620
3985811779
3292310956
3022429234
3298678749
2546295656
548856698
1651772251
1950346513
2664029351
1237883905
2255893903
2863230376
2932639486
2304187617
2439274680
3298085992
590367038
3079869364
42123132
3061698479
3336004407
3352624684
2421909254
483116243
2906834735
2278404121
2354436608
1244653891
830678736
3668383094
2955420360
532661905
2693109477
2336166738
2887686824
2317514237
1449278401
2874185122
896445464
753664790
352638436
718750991
2832186416
295295962
1674939523
3357984279
1479706447
941032405
493099344
476260279
3257638832
1325544764
365144858
342585839
3949061655
4046138386
4046797936
69508519
609621429
3427030523
987469700
20703234
1626397598
1702260240
2810120451
2946664320
3735146416
615181161
836374650
3117585289
88168967
2212464722
2425620043
3330511335
3197426496
1007356957
970771682
3222809520
1713041155
3387544034
1047981283
796717098
2862529519
3138979629
1969665127
3432048688
816318222
155748452
2213484186
3244759767
3208839525
2222895864
2235384402
4003641032
1675877724
610435192
1947908982
16469475
2183303767
1421445019
287888332
1065861342
2938248935
51592548
2928753540
1643928726
3266147131
1437042949
720524808
2445615985
379203698
3081756052
2957824226
1149773502
1173722485
2276876362
4082394801
3375536714
2443174179
2908069833
3337741600
2384175595
3342199775
985452152
2234690912
627271223
3192727068
3623490268
2187449635
1674943506
2961403649
2210805110
933709428
221357393
1034105078
3222901232
301984231
3280314098
606569327
3269545368
164543605
238696762
1688379336
2287997184
2745047702
1319377171
721357172
3558910339
1325894006
4088636355
1934639484
2323532522
3349058054
756297792
3130269357
2896098023
751828730
4076829314
3169721074
284838871
3788413942
1675406936
2935528413
612696712
3293484413
548296922
3516240914
1573416361
968737272
3053199396
2254247179
2880718698
2251466798
2617224415
3197581117
3325440122
417496016
2806474498
361607373
2581270461
2802208681
3285950504
821419410
1360605020
460735528
3415577991
2579732394
2587577288
3978935421
3089671682
2796535521
2579254832
3281312868
3746902932
3241085438
1214959891
3725197094
139291243
611992175
634568646
1861978686
3455821218
2964264294
2646956796
1315684686
1315906063
2671157758
3313294397
3252778703
1438105550
2587773219
2506741973
496571574
557281163
812035634
263394243
3277655798
2444124077
1927678826
3984054124
2584096175
562467745
3429095123
917610674
3124001777
2458596673
3092439725
2873314654
3497646503
209169572
3653553497
1504473049
