25099380
378259736
2331175003
11317392
32853823
382945026
802665247
257651752
54937895
1421096077
161379574
717726750
3305960134
1687765428
100068931
2352296922
2800364413
594643753
242328548
608905337
1688454416
1857503864
2213627784
890868258
1542662550
3318227257
607841323
2529158347
15890585
2783964555
385276586
2959535091
2836887803
3378627922
3305815775
22554631
251456768
17791015
64319270
295973500
990904392
2853469713
1949132852
445851378
62183077
2995515395
3132007510
489929554
31311412
156989502
88764812
30054271
2281007594
242271271
2836793415
370879693
2881236430
22419487
2829966844
2385444380
2474452219
1421082818
1448304912
314758565
635123740
1573697186
14441838
6742592
2981170887
152722527
538778092
78118734
9618642
589975555
770368572
1011349969
11824072
45373841
22171156
187283701
562817107
1115365544
259568572
19409943
2895055576
1205345400
19843630
151257881
46300208
618462026
183548902
805810843
745320876
298709411
196877476
276643081
59257007
2557915058
2562724922
40241541
256793538
2228194166
33179657
1327865594
212299083
2240803728
2798665298
22478416
917495210
19360666
145618946
1694260158
1120098811
19534829
1687831542
321652549
26277608
2319375978
2717200609
241278137
561297215
14324284
1253721834
255220185
1235031679
1379638549
161939929
234173341
248950816
29429862
2761450992
122973487
18328820
19767193
12286942
15154811
1464677300
2866211152
2469853436
47983577
13487232
35337456
632538212
388345704
21237486
477395210
1217132137
47052852
2165734609
56487205
21184460
2467226497
2835547038
2826832092
2285471886
2678236062
1413173948
303304039
563152660
20260548
1388592445
2495422695
1902450630
1948935782
424429106
1405149102
208238452
33651124
156953462
62228809
38875053
722602670
340331600
2557134968
411012219
540281606
473168389
381589648
24001758
320210499
17881832
606549267
2277806508
613038386
29717083
863054959
1676175931
929413796
2280385843
100255844
584020987
2362427100
1146035994
829772340
52010875
621353919
334048260
319669334
320268880
1286506417
768562657
713648564
2361513739
143844341
815177160
25080613
