19234106
99586071
16924667
123002228
179129861
47319664
98412169
59742254
30001506
205910433
1180518872
229024721
573925851
126590318
122411538
1389553430
249453810
161656306
144626914
1582617978
51183924
143491093
468927016
263768986
2993994029
45957677
48801117
64354305
114454045
10915142
248742334
67283363
70725281
246348124
407068486
36066745
17596622
407644381
53023494
242539525
44090154
318258698
2190056023
19394186
19534873
465973
83814679
1053724531
1536791610
27466653
3191292237
15125978
50023090
21383965
14327196
2445809510
407730106
397350174
397306055
2248481442
199226563
64353992
859557360
21218554
765548
488349425
18045120
14174897
373252007
17376218
297947269
627406713
1325112157
117376676
551426814
110397757
85555796
37963496
621543
14499829
163844242
87715935
94509573
407766714
454952766
71210524
16949344
588417249
1585469030
122383497
91312237
1531496234
88914175
57484168
16201264
218980359
26250872
224197600
122413878
114783737
1860967812
472929211
23575322
262652556
404526275
41561657
1511647802
279144084
20982118
393972233
425146617
463005972
223430081
347188522
538926991
373873475
334839023
15237935
523339137
23484629
183223458
273935884
86876782
33856511
221702605
26748889
46696817
19927627
53374143
24907913
621563
111305843
25512417
14224719
19816859
189087228
143039548
1324292497
265158526
60849989
45205091
138037459
8447862
17481977
198118653
834788730
342710270
2293646588
18448883
1978806614
283640557
16139649
607110862
247354615
309043147
40385166
185667152
260685403
158378782
806545
15803034
12819112
27596259
17409346
130790952
14407007
57107167
1510580364
39962361
15066876
1490357647
301333938
500514511
330991042
2432192768
845161208
36081360
1482577760
505851732
47861070
51485350
2980458689
917313810
25118264
76051271
117192318
2980533923
318604526
474493888
2450291
19766166
82898546
75256411
87299315
705423774
24163711
2352078128
31492972
239024396
25306611
253588542
15119529
1339835893
49421719
22643373
23121787
114585808
55397909
2358644066
114463650
15376357
145654669
17871298
2491546873
352650591
6241952
135180251
262725987
47625057
855039499
2517897888
2803422212
23602600
206372089
74707022
22698134
20551617
325050206
2369030473
39160416
6767432
2504091510
6410432
456852439
16318230
1001417670
19472400
817685
2274921
218179230
763506235
72406810
125148375
503394362
18911432
31443503
44418062
264399952
200219772
135989360
2798941923
137703483
276644113
82148553
117414521
173895077
241554196
281052960
606257010
486483546
891292496
1193505782
1422701178
15889747
19657855
2825910698
452859131
39736088
15439395
2649551
238099607
26268870
25734531
370737723
1872590082
14711491
14356909
291912369
23452901
19655985
250648713
176038442
97999837
407624682
1080753187
15895180
228566325
1302983966
18985501
20239153
19707850
879161563
1362471780
23503181
103865085
285973967
34554134
21436960
1046661
1947674420
19530134
14157134
128216887
16343974
1652541
4898091
5402612
612473
13
6385432
21982720
17503180
79997785
75887588
6612402
6705042
1435461
15987295
21581503
17939037
15110431
37710752
35749264
621573
104615636
2384071
7400702
972651
816653
50393960
15492359
78874095
18244358
15234407
19722699
17842366
11348282
32372834
17471979
8963722
19658826
19402238
20032100
25514347
14630696
20376276
452987804
430199139
36843988
20870495
18080969
19932359
119401334
36333109
259403751
7589572
1220211
499846759
5225991
14869932
326202486
223176219
17791581
13982132
29002666
15135214
174740894
21416711
185345185
67351514
21405623
16857753
14511951
91478624
607843
16045268
198626433
5392522
20604333
15538226
253536357
2186051495
2467791
807095
2396721056
25007225
5988062
28559489
18804364
15898172
23459740
14123751
1307614093
22363802
1510311230
190678954
433664531
29093157
15946628
854581958
14271102
2372126287
9535352
1433181572
1193378816
1361963916
334738427
157981564
28407101
54856459
13112582
1435968216
25690886
1588886442
1528708502
1450773104
14910440
20821119
5105001
978131437
254190291
302666251
628765360
19389483
989452274
103625781
1299765877
947970482
113434431
22611252
189271022
97730897
16110739
273956196
14797738
2220031111
14700117
17814938
961458414
281947428
21744554
17234452
14304857
23993177
20268413
47573636
268470247
224175032
16949087
2444052414
215066622
382087246
99946960
899964133
153966123
44724477
20536157
1344951
621583
7905122
39522692
106044916
83808551
2270846821
123847438
14647570
16649758
2242586442
206255645
487833518
15862891
123582098
40846478
17868090
300319223
351586760
17567533
224631899
15775918
267543468
408793557
18096679
262603748
227660675
66474084
21769704
34592271
21185158
32361431
107391777
86292908
350424151
160877807
21437654
16294897
23783700
26560483
80867038
299816010
482117342
144972081
610421678
522150871
