2458567464
3030922321
1901405066
2244469219
2518972011
1058518825
26993786
16567705
124224165
198526130
50393960
813286
44783853
1023020557
426909329
55233321
461242546
434935832
543700209
306204336
587363353
370680823
125756662
151936506
132241469
119486479
115472158
70497369
160922901
148018691
102055258
165868331
20746400
218601716
167009218
237330598
282741996
242780637
161726658
223560830
243213618
271073726
402157926
262665704
45483423
289532906
280586964
242800713
130593516
57425073
95753389
117514658
106895787
95223853
21928178
20186316
39250316
41164651
59769395
44970026
41380057
36078825
26780409
18683406
20746250
20746476
25552666
38530021
65669415
33659010
63726308
68987936
68454824
25372825
22079085
71061891
67324224
82710088
86943522
22148550
97464922
102234123
15134240
