2471315234
45586617
204970573
2969727718
96716109
2900413869
455100251
40047360
15134240
56879674
108566175
124397553
145182442
100068931
2412822440
87967476
65315286
107733816
267823551
95950390
183171384
85811861
262536577
406955423
78604524
119702501
62524258
3404387099
19402238
319002789
326625586
1640786388
891231048
1547563471
16308520
144972081
986720551
2799613117
2904264497
3255705280
2848106691
1100752052
162496681
1414256335
135443828
2695500318
46342393
577132453
1943460498
459453845
554491879
74724779
102069506
49119570
96779362
110885132
1965039428
2602508256
3300489892
2233140938
332378970
21436960
397202905
253536357
82313794
486735773
81114859
737398903
212503356
1379662802
591776330
19668775
504820241
3240295671
1926867588
289601740
3030621628
2755712888
1073142780
2666002952
1379879916
176371365
174683705
380816062
3070112081
808851710
267664283
18036441
39585367
5695032
63126136
1053724531
1243467265
2904435062
2315152543
20660144
567335368
368886190
290009041
1142760997
342740823
409317141
34222024
552082523
550448704
391069506
3003407361
1376893698
1704312426
47393723
757225843
338920909
1091716861
2838318774
205195655
1089599760
1051374200
487833518
17470295
2752355256
1077122150
2383306306
17865542
1444064714
581874862
2794042491
110751834
22624441
587518815
1050291174
403163083
1968860750
382992148
71210524
20675960
2493131347
2233090550
1513221576
2233173834
2230080559
2291347014
1585293228
19256096
87690320
167483601
57579512
264124770
569921322
39906381
17047208
136406719
204441470
183548902
23666720
1352480185
214200223
810577974
11348282
16575239
10182882
6612402
89501886
216644075
957191768
281065936
295860788
61555777
40319674
14282672
39582797
115717883
38500641
17567533
18048466
74690215
95363183
22378059
22462234
31443503
136325501
20342875
302638470
243371175
15484063
75304043
342632844
339640020
81849860
95732573
260979419
47730394
206128869
95265217
9780512
46145761
14055820
20821119
62862144
39694489
67403703
218673086
587489193
523734123
773887748
22332814
286322453
39188688
135540665
443547543
240401817
243722558
218438315
605449722
121951137
58517350
498383502
576971538
555282763
234773428
587875290
34675456
19457950
111305843
608138323
266972899
39478054
159951505
467551928
111072713
32147629
424326760
26074603
20570290
236590586
202578100
282210667
19843630
87198154
314758565
19416598
53529588
216078355
36035743
349390447
14066035
261896292
165551457
103541806
233686855
318159924
353607508
167057702
147584365
83221061
14118334
388532081
338935434
35108931
187804799
361249278
404783286
191323358
114505222
100567485
118690641
330292980
196114862
219256844
210672830
21852798
281055585
217313010
155192439
17171638
64132999
52725534
257353887
65595647
81887593
38148704
32372834
46128549
158336781
65053003
190215272
220374621
63886603
115039678
15154811
21215740
57888279
321868094
82761528
214933692
22839233
20133643
19767193
67003972
17292623
46129631
55586523
75015382
112386661
21572529
22081607
15132914
65007412
52373404
50340806
14506075
10012402
14699615
21659138
23609696
140856920
54003872
83500405
112205912
120088140
118499250
111584424
36335047
29991856
123284564
123582098
87480860
97064954
15493608
9624042
16017323
51702826
14318519
22354225
18237848
17182560
47253976
8365512
19211827
27902723
65427986
44335525
104740065
19614356
15460048
96419925
14085070
8814152
17083959
14637833
19230701
17083904
93315494
14897792
69444401
38892114
30034124
17604915
44203296
52017784
65074008
76955139
17093617
96088247
46707502
96532455
56378468
19679586
109639760
43093791
17467699
11082782
20138728
65544374
14295341
92010665
84343389
112407307
17439693
30862829
23554196
34324846
26268870
21744554
24907913
20507623
32387946
12819112
19658826
77977848
111331599
48289662
41561657
18765388
48425629
20815041
1435461
44418062
20971256
21237486
18477428
56685979
17089636
19060857
21242028
1046661
19837528
74695419
20769532
18198832
19532925
35259467
18726353
20693661
21581503
7905122
29024460
43312070
27320089
47302738
48473181
38177845
19019298
88425861
20646711
19492959
62839179
30064358
17221246
16700025
41308320
19062483
62496433
75035157
23602600
8963722
19114465
21410687
14499829
28567809
33474655
29726578
17082745
17779259
2443051
16896880
1940581
6647182
14962567
14162582
16470732
15862891
17278322
36759379
45831501
49663503
33528078
52427000
14717573
17473006
28173220
47999622
54664239
70651172
78637018
16928770
71490827
33481728
71023545
18681920
16465385
38845292
21994103
40264423
45548984
19384782
29954112
14564875
725323
21668060
15893046
18089292
26269367
26728221
17051344
16633016
20975313
18473787
17343006
20277810
20719587
16649758
15028704
19283328
19342625
19344270
17897474
