37710752
251983774
17869798
59978100
174844673
1499417562
19087668
172000915
2836941830
48120914
39168709
169845203
25975036
28390516
1455149599
1452396050
36246939
241109716
113026203
28176066
2419384094
102470330
22990962
2721777926
1526228120
3108351
15996830
2400301657
14677919
16503944
16955991
266717381
272937977
1633696110
274226538
388513351
2151302699
13143682
5695632
2168991014
32909523
1730024071
564001647
1711671505
330575788
261011094
20255812
1021631
1552776714
16133076
17097970
30788137
144628534
21001022
34888175
74521793
380423311
555229375
295889124
112814095
27943265
1241737627
199708944
204072843
19816137
380661341
36966852
233770491
538147975
800867006
117218218
224674172
227774553
78296767
307982591
25017913
15472140
268391076
23257699
378097808
21116401
1300567201
245422813
1394605356
95731075
19894091
216759733
18894320
17874544
204325558
40886069
170402958
110720273
1313339132
1055241991
234228894
479579776
388555493
42584840
15485643
18529028
197471161
213501060
58337316
23136819
390346559
142481442
989147172
21885033
1223071476
17001388
228377172
15896162
15791186
121781275
49374382
20118993
32540250
16532983
21771322
169089454
56001656
197492862
19541697
20805829
1080016992
16020373
821946295
553102260
24346536
751542331
104571680
14882435
268439485
18943233
46176168
242757606
10791192
23832853
78389622
280804405
759901363
18154361
859919814
18251155
16529160
314196494
36495230
42898736
150409206
16261201
21785699
49961516
15224867
14086744
15900436
124537786
49234687
26403999
275370651
318389980
126019423
92407522
19919350
297615120
547298530
88288164
217789716
28906550
212674482
18986746
219480139
267698530
24385451
184866734
569540227
104377689
21792202
16189042
11207682
487840423
5770442
15606755
13719342
18989002
77220986
21324063
42930296
351077088
58908090
636495369
31467217
15829402
13000872
16453340
204991039
20057822
225581622
28635395
18364698
15265490
18228178
21769727
17141539
131630960
19789299
64115649
16191878
9651842
27745484
15670644
14477880
47107415
36129751
22433605
58833353
105276602
50011708
190730968
41757433
16189990
172491865
556167861
96569103
23474689
35546775
31332696
32489919
203070845
14386715
15723806
22420134
147812313
170425110
40308864
26562115
121872035
32027422
70709534
61588416
56552341
499035819
510423789
231490540
2726631
16261627
372575989
26813101
316832383
432626681
171168170
188796415
9255772
40507384
23148232
17685737
50760071
41443459
390689930
165730790
473014087
199479894
15648008
15750667
27085401
17134268
29546945
58550415
42958829
205392468
18812572
27669935
25949845
435978700
304407399
22760252
51747161
14153020
97739866
18767699
195380444
22138357
15392053
14085099
16334281
16657699
24928809
16313592
10878852
218523764
16334139
24920395
50303740
156974002
350982275
343419057
199836680
19024819
16760131
175535957
17486677
203226736
166200173
21306875
21702539
40711814
270508448
48362159
122396513
24943151
18642609
21774546
55866884
24362769
31464562
33934592
30241898
245220581
19792457
351019938
54275319
16640598
331211313
21111896
6839652
292929561
69718702
90746809
20538090
278606956
154619001
29057694
219073535
227037531
48821786
14445574
266580182
34370797
260906265
132585908
246329877
22189918
191544233
190366360
783214
188412002
14409428
15032862
174352161
168779030
169495645
168740977
98980596
16299627
16083576
174145542
16107006
119829799
102238997
146504742
50766433
52066271
14885860
44644758
44616313
43122903
16330339
15724082
41662642
41374504
40303521
21905301
36980516
4119741
19083676
16588288
30936551
31127446
30261067
28590240
28351033
24020586
24694071
30003842
15741208
21373560
18767649
18776942
