180505807
3039112298
2837643903
2349614412
30544948
173370657
1131421448
69377495
2424405384
1684533302
1129250114
2397215438
2384219168
2305440476
2331378727
325944500
94225854
2203874178
322169651
1226016505
469408293
1710289008
1668822181
1666436430
1832752303
24201493
778905373
869367978
1126593422
1653459445
196274873
833977530
803890230
73544251
78401975
159237022
550635130
369492414
1531994442
712605422
19373178
38690008
334963622
495677767
519667403
393688373
437817907
19608297
415791680
718551618
117157981
36843988
284170362
474138410
326299320
64850353
88208035
380526303
17600223
33868058
358305631
237612289
65694282
21931396
44026107
18029948
581000522
390243643
278176278
133836828
216855454
509506415
90208522
369255580
600192798
614380560
193848352
259331569
124010256
15211602
316438899
39583086
117561682
807843044
45716847
273231966
278280512
243368452
20548440
18009217
733384358
16685232
287503069
1198190700
1199518615
108403705
1235861022
81761985
68809626
210712524
69453516
252914412
115722844
208815443
1127184074
860910374
932963461
148457466
280648207
381131730
473354756
484182229
89288465
116301922
268412999
91391339
615214895
59592572
49518077
112944594
21316042
292531199
26351964
59504346
22699484
374310033
23105307
36368002
278424638
38264132
78947948
455437631
45928911
365877618
21705478
1282449432
159582860
21952872
633278720
14063016
803376991
365486065
122559853
370267209
61216742
24335767
243471727
134208542
46904825
19372353
193801732
544543595
14600977
377802782
470687516
600223969
243952196
335498133
197200310
246090881
69020729
16005250
384600203
97349265
355025858
917136926
771786890
35966135
93722720
823942062
470418757
208399923
109475168
9998602
634221376
557810075
256333510
14602589
65466696
48017578
50210792
401699746
28413080
75624389
7166582
849467882
184786000
344875929
113685351
250015879
774142460
153877429
608591083
186180317
287829568
177645704
816112106
44639382
241608523
53786125
45869761
30128506
14941699
36796887
22203223
30248029
322655538
135284373
551278206
56702869
78114017
62888867
28496774
67539981
21355106
74302001
62887462
53164682
23620660
95346455
15533253
42984742
23507842
69997983
243236975
115446862
75077661
36066261
219444380
78514771
363395107
379401591
214986812
580129426
419578125
630474932
21437452
807630602
22930958
877088743
208755112
205428550
201064850
118926468
70490179
114669569
102142584
