107346436
362109540
1206550188
1321418522
278400445
44438256
2262202430
118950423
431762931
172816522
22961751
3258252168
14043142
233372517
3177505453
143086518
183548902
45373841
473089502
37732219
3656369897
706107882
233364902
14187403
3420493167
279418921
3819446554
1949299478
12836562
14741250
1580467730
2290210458
50140857
2980387427
3239165174
206255645
2766979356
164338298
14252342
2848259962
3234015833
17230461
1087183776
3061255931
35306978
200634860
73099025
15060148
2262280069
153324320
3047826673
323757765
802511191
105393209
87715935
1059273780
527706284
273375532
508431136
15862891
165751336
1631690197
1474971558
921694542
521015242
158505365
86328927
1724204797
1584749179
125547081
137836269
1523643422
14075928
130885802
19124313
44903491
208442526
305709307
14420767
19416598
19843630
19722029
1676175931
1671296839
27081406
334103380
789516698
42873664
2372338046
256793538
2801969536
2494504297
19281751
2797227720
1963969297
36730054
95221142
1286506417
9905342
958046214
65428483
90258002
11309502
1249676186
20280065
529140270
14602930
20478716
1979287862
198919608
272101018
227855273
2558210098
2685676771
15684633
364980338
27596259
21184460
25160944
2281034472
65672980
475942577
1170208442
50393960
822087098
226041293
2303751216
18683406
158219828
16276553
495517322
774222709
31936449
632301127
13958262
18883814
5025281
224145669
152553053
1220139644
159012668
1308884352
60990812
259568572
134705572
408303912
1860629960
15361570
252204344
285787156
582981232
718983061
237857140
84579659
132916189
16245822
46828073
240092062
755768396
14655177
103445595
126335187
633
881896045
15473958
89465917
16017475
24385907
15030274
62321534
36696793
8780622
14363806
223731739
174119814
370738657
16994706
16272345
1418251
308046737
21706743
18395993
18235204
15154811
19968025
97266677
90953027
20372509
1398261
23044544
1290351
