57129188
239533093
2187603096
2478625428
14090948
573788425
23117374
115304519
1633117279
2432580692
774142460
2180389027
15307378
172072794
48014131
1238179008
522282462
29607664
17051777
36520207
21802242
8198012
22526559
16228479
35847728
208102314
35766606
98395301
18688379
22948550
78104907
15663307
18021686
59577517
90721862
16017961
59226213
71653295
19259102
17912982
38285453
29524681
204096816
29495759
15756475
60617941
28055527
28564763
66375473
40258554
14869449
54613264
870043220
102679150
161170951
36066261
365000627
1343059993
1199518615
437817907
276660052
311524342
322169651
69453516
1668822181
322655538
15087302
9785942
9300262
16664681
17004368
26834222
759251
2467791
807095
14293310
1652541
428333
543995538
487716824
861924349
378933726
280826032
476391617
516588616
52409262
32545745
41657673
19684235
15651634
19926983
312937157
1275808658
221867858
858469314
108492761
921524869
1339328684
216030559
18814491
108838088
1026704700
127344644
937403012
74725264
516134483
81797031
479884440
300433021
279228586
848387420
778183530
427677838
1090317098
1340709469
494080864
301586594
440886449
37032036
222155137
16032593
85341683
18959163
18043103
2347249628
14600977
15533253
293637880
580129426
849467882
7166582
25519370
26351964
45716847
17093617
113685351
334210395
44689598
108497000
271537829
21705478
57647745
14277364
69020729
42984742
28496774
23105307
56702869
16685232
184786000
50040843
56472220
105155118
194195760
287829568
279085323
148064059
321896080
344720506
83850037
317213380
54918402
22930958
18138767
66444962
76354105
89164563
21316042
23662340
17878842
28144343
97061979
44891895
70490179
56277200
23620660
22203223
19404907
78114017
23507842
60323026
14312391
72638170
52869109
75366812
56714555
78937753
76101593
17464397
140913624
158121466
