621158891
2217207002
2385348794
38945542
94182210
3438374727
1205322793
3436062945
1465030333
356496747
807291270
3341821992
51241574
27665527
38720617
38794442
40300883
41153280
57678732
106808699
120842648
172401739
258833167
350470096
89492950
57433398
21338010
132636142
157412251
211267493
1430729515
621264046
46465103
83875176
16365686
40296081
40890253
57440411
106768069
128286686
157413807
182429132
323011542
325750564
357885178
499149433
621254841
350467070
323004974
106767235
57432795
45667610
26763214
587114038
35100452
1548695041
776240827
301032087
2711964330
52097913
16435792
34323121
303242703
150704063
189258194
25368284
185703616
33590096
2802276241
309778086
47693252
3129895331
56490632
78183672
17447988
57333521
3065981667
39631839
63799043
31662643
16312447
56632430
56402878
411937121
2985869019
44168607
50766940
89046724
356301285
436237812
277920020
390253851
2731803242
35847484
36771902
2282524176
2825286320
361982026
701232481
19767456
105242077
121494429
28327049
455854692
622033004
2709928326
2740841269
20835188
28419276
17291393
64496398
502227883
2734619223
29731181
2677022238
40616754
188715385
185802351
54790811
60338882
365100398
778821961
103637045
17093617
223340705
323868726
43395268
16931843
240727572
111409543
204856343
2480739846
106027470
2468177244
2469805812
474994343
1323074953
480627016
355556237
39550144
54984065
22025083
1433241842
2303376175
203629270
208176267
1949623231
2296873244
1704882307
17790917
255327665
234521957
353884793
41509142
790136510
39502576
38250699
46589936
85961526
23261531
350508156
41417186
1711019281
57436774
523712223
1144016275
47159177
606474784
236459083
600591262
555205727
67112229
191091178
258483959
600557655
600658041
73406743
379711304
198749028
309967289
38678753
123316185
240393879
344922649
49538700
38380338
472487761
979234489
166590096
44477041
57100687
52253803
26279927
40292670
17303647
25593665
30927893
25236287
463073725
610992142
456373166
36479004
67659474
1311240499
19027116
30877701
46746458
389038362
1119657150
548853089
22271814
386015316
110835748
40967271
1339835893
1330457336
612660105
181180906
29300352
68540316
44199041
268116640
1115541787
54440851
18903428
143102146
759623838
1408890733
1668157742
1598495492
246989644
1692554490
52105412
408773779
716351162
709586880
522626749
22657202
48770677
39181868
1560801703
42640784
69066395
15630957
98179314
493127791
42258864
112554582
168673595
40349928
15220127
34369690
587516668
402318272
19720019
14620190
14275290
17051641
63219442
531245263
90790845
351092380
300392950
282571492
85917567
171725393
216177328
292990275
337786535
246876306
37096240
157410178
29248359
24177968
414861038
26537922
58612485
41577567
176899369
65448844
475380170
111946846
245536839
44227913
249679275
241238487
87736536
73194806
38724129
86358997
500902970
32463369
37036894
373671644
840795602
258113015
350468100
42677763
616454583
179374724
183303019
49623989
260873695
327375508
933121999
45887736
1202033696
120943272
308577835
102734290
513657775
291883031
26284739
46260740
60394449
599591784
176535528
43172880
776181960
34925881
22018258
80609193
972106194
321586997
101566422
456687233
776126942
256203380
323003569
65157768
258878061
188035875
106808419
26020313
636195716
19041312
115242357
461386279
19342391
321427485
63796828
138804063
30971588
20514378
165307416
700190029
381131730
6253282
346757809
18612983
29777185
45882566
606433843
36663742
43327458
36697854
36365848
21317964
18216108
387320860
350471280
22065260
217416964
21311856
65477401
18855528
17277343
19576379
65067637
335413069
14285228
214997626
30064477
37664076
25229235
77290892
365642635
22137228
83898716
183330212
331013295
176861338
345653910
29307707
372078975
26516795
26338526
18382317
15533253
30032915
23220667
32246387
21316042
59342982
275608630
51298932
213286164
41156772
84201644
55253484
117535832
17237540
154921444
37180778
350969342
61355746
277596528
360022514
75714684
17874544
339004253
366046484
323012485
245538443
19346308
30142169
37041552
17526643
275157452
102274174
249974958
157421383
137396575
225654365
36362259
16220831
18216020
46893467
25232520
334310321
14666324
16830830
284089166
245616788
22882864
59162466
31782245
21727499
221949216
40892016
17310053
186726223
18315625
21920274
32584946
108388673
55424198
39126181
108962139
52529896
40297612
166663563
246401452
17324085
190367919
58639365
78140378
75296671
64453098
39272874
19080974
16030735
15111011
26097398
191911841
166270127
171116456
68486843
39533864
74591342
134925891
36354710
140244186
167138374
62586383
58868322
156714242
59801744
40891771
49527889
125762072
22636964
57067366
19789372
13785802
88763317
113526925
43058461
90959399
115164806
41640153
13234092
50772918
36747734
76837759
29805206
96530044
80643046
104256723
18959935
91931356
92093248
61515212
109001556
66119889
18194810
84092181
47275328
71083492
56472290
17339428
25354366
18685948
63540062
25019638
72865469
19509884
24369924
16659092
28163299
41796688
18455549
50537131
41135906
46139542
24026381
26581267
48849410
19212622
71023061
28353108
31225986
24740036
36666490
43933710
56580687
36557139
71285729
41197114
61824637
40197535
17854621
30012029
68441962
45136444
33395719
44644475
21870081
27619032
69068975
36334438
69677863
20627330
31122496
31122174
19598173
27082579
21128914
28100678
56707614
19050461
19785801
41109987
36623013
20714206
17859981
27029537
26294495
44978124
51263592
30690661
43122903
29534841
43512673
28161251
21254264
44457290
23860472
35761328
18166634
6998452
16317570
14946736
19425947
19362299
26759991
18215834
16302242
27934142
17971971
31464562
7972912
25432501
25235080
34703080
15731368
35811464
15640215
35583547
46195370
39503883
15640253
33637841
38874577
23145103
25836721
25152724
23501022
32134081
31447081
22808963
24277551
17617227
14140913
18135029
14774813
29713877
35586563
16026732
22720424
46119289
43913213
36940175
16023029
15859184
29554784
6995602
31191508
39824565
38663826
26762221
45589680
28355356
26791713
35728561
41404125
30870308
41591898
17914196
26211782
43139414
26358567
24028681
36139166
28370738
43144358
36969574
37066397
21257006
23114836
34376265
20093858
14637243
16296659
19082650
32765534
34989477
35310127
17903419
26747046
21845346
21246341
20277912
36406095
19773627
26072066
17812398
29767770
29098812
26289496
35800079
27710378
21740090
14963032
16403943
17486040
20405560
22161172
24580952
22323319
29507226
23778898
28870086
13877002
16252991
26297233
26515347
14715573
18428675
16431918
34701524
24027730
19733898
18048496
23076436
17299063
22991455
7768692
26799554
28127662
26257166
23825147
25355724
21218367
17164488
14427407
13265132
14885860
25139751
24929053
17001533
14114564
21917202
22654469
23060436
23708689
14269771
17870317
12413032
17159397
19480470
15755096
19400793
25930765
15603412
23244842
25575509
19990724
26588937
18558612
21247587
17220613
23985200
15754281
19670346
19455982
26589506
26736337
26291588
24020672
19347418
17711408
16210841
22502646
21410529
17049258
7302282
19931063
16260506
18138092
14528874
19481099
20344118
16032407
20797245
19367533
4170491
20244625
15764001
2557521
20482341
20516068
18883414
16180441
19420667
19741669
16783861
9893842
19046500
19543797
19086863
16906785
6973982
14268221
