1635444026
838464523
139773533
1665225474
19739636
222475003
24871562
1533218911
859719576
510197480
65569689
423924980
2972329191
16936674
17122817
49780094
531154069
507859626
43199901
35773039
17550389
27024872
18108742
473565589
1050873745
743476404
20693661
482538727
3537282855
2414788774
8963722
18198832
15862891
17089636
26487100
82761528
3601635861
87510035
346568888
110441210
86626845
537648764
19402238
15110431
1435461
3070959165
15458277
28838219
21581503
119401334
14617444
350424151
3017754982
2535389053
22506783
1228366370
2154127088
45579282
64776011
91478624
1430797741
399549643
848034830
2556861044
24539444
47433923
580411725
2848259962
3242072481
17814938
3045062759
2238233438
586671909
1769551
17292623
27013292
487833518
16949344
32372834
44418062
38489678
27596259
111305843
26832834
12819112
52107586
18911435
2373250270
2181072128
89421328
1883938045
887203562
364319964
2688123266
1549349017
74474794
583233410
153492935
139598778
16059891
843929270
201857425
331268086
359120549
2463686052
2550149892
357006878
485518752
1414256335
134941111
1161203622
255807625
17530296
213156908
17230461
1382802114
1319869016
2605049792
35736369
257893956
1909761859
1532347374
18846918
98471763
22686454
19767193
550375285
1249676186
18135822
277296622
19539314
356324811
1345385060
1198101553
20450235
17653260
34222024
837693559
755404722
16629477
50393960
601025225
580269594
16564324
245564615
325100054
20121480
96419925
213563808
526226529
337754635
439281831
176178852
16223317
89456112
398176168
98703000
258944051
45008432
311052101
339213186
308663679
14085070
14846807
22977527
335461958
272163149
277478106
23845320
289900655
46126781
295993800
50998548
16817883
157052982
58489734
47388774
161672244
14268082
133444623
29726578
19722699
89719937
90482332
34886664
29347448
19658826
71023545
23541406
65134016
19776354
17987512
17051344
17047208
44203296
49832877
31359946
38450051
14313922
36541205
21885781
36272124
42962220
14293571
18985501
18173452
21888601
39284958
37258899
38986882
38208002
40092095
886081
37717545
40454313
28588873
23941031
39066690
40598003
32427234
14420132
19384782
14276503
31106472
34298831
18978061
30800926
32307786
25338245
41324655
26016503
20311693
27034785
41501441
38205525
34189283
14325681
16811614
41745451
36921506
25529685
29375773
40881386
41821917
10892482
35741756
15608644
42001994
37512560
18823005
28284303
42392677
36664403
20491064
41903687
42570337
15376378
24045605
28568611
16886570
17782352
42743964
22105093
28553287
4345081
6076282
40421303
34148680
32520787
39686955
36738738
17757480
9625832
18614646
22828618
14638515
43091419
43130782
14708746
32879813
20792726
22580057
20130377
23417264
21355482
43312070
25924539
41501007
20899621
43361657
28912478
4083781
16018985
43783504
43819998
20193302
16183555
41290536
15823542
44018232
14667738
14063950
35922272
16018309
28336179
37768193
15367846
37701973
27902723
38502311
20645723
38612297
17044237
38500641
33679091
3467931
15003266
20038221
37027629
39086306
21919251
36567889
16758454
17083959
29018616
32987420
34300106
39308571
26454087
20769532
30648447
16707579
1574701
34588010
27320089
38892114
37185334
37621853
39049231
14314861
24043785
25985835
17266870
38157428
6201512
14080831
26728221
37998653
38133599
11114
29954112
16429628
16645335
14180310
35863345
35912246
36054781
19523163
35901579
15167121
34061850
15050670
28740964
17300862
36163830
14747524
18918386
34038747
31052338
19984404
36401241
19837528
36455168
36492236
11834962
35922168
11829512
1891521
17144683
35649508
35160844
36829063
26521820
36915023
36996645
17396212
31070308
37184612
795350
37463211
25267162
13991632
35215154
18679517
18379293
37878182
35701011
29668210
26748889
15408869
27834920
24814956
12993382
35091580
23570911
21876142
19470121
35397246
34708113
35456661
23150861
33563664
35634590
26246112
34018296
25094098
14223577
34006507
34986172
34065258
33965672
31242824
34374043
22127500
20577751
22240914
28063027
31411895
20507623
22002541
34692269
31150826
8365512
34738121
22671862
26024732
15479719
24448926
34819080
11678632
34832059
34874410
22911525
34201819
30811847
24671903
18408477
22593860
33064823
30187313
18432948
17107635
30574123
19240934
24135496
19689807
24019579
17832961
8814152
20824494
13963012
14928331
21700719
32297557
14670517
31141100
22114596
33117833
33617636
33635864
17590117
26312081
25276538
33792590
33824102
29411907
14493886
33942636
20308951
18710396
20142114
11188552
23268108
17920380
21379779
20739805
29024460
18810324
5588332
28528165
21645523
27757731
24554929
22073621
14036362
31168312
31245394
31351033
31349834
17913127
27660137
15236266
27250213
19532925
29998971
30020152
20440416
30131458
30153056
30153461
8931012
30233813
18217519
30378521
22434701
20357857
30545422
20821119
16896880
15998924
31037101
31089798
23416680
24690276
18164065
23119700
2444351
725323
23748491
14085084
15135524
28323302
20719587
28962963
28826750
28779878
24265851
17892623
21669789
5688502
28405442
28421642
21702488
28421689
22653001
14717573
28487586
24506059
25646351
20591644
28118869
6620402
10007302
20516666
24687077
24697765
25102301
13100222
26552083
14602259
