4117637723
195504255
731208397
778905373
370267209
151342304
2384219168
2345767754
405246838
3697602629
2959945759
70028413
1684307671
116991492
1531994442
2996482889
371341499
299217116
164940590
245074691
2859411483
316126941
306434129
586139245
361282537
320561994
2423634729
260582627
15564486
858779515
774945746
1120756604
2775553814
3040382720
67358777
2650834654
51798250
348793770
230248552
364075550
112944594
334876063
336258495
1036228368
260561017
3013791199
2994068293
1896124603
310535008
148430991
224780021
603986609
367377319
243030230
284313779
3016165023
17919972
2396726238
114625663
1132948555
503320148
926256846
279239110
33600157
411986759
478136900
902190924
475365026
2320030518
1410502682
885472194
373496849
291797837
869367978
282745854
343358997
114609586
550635130
169786131
226318039
53164682
289418264
187784084
37957896
109346200
519667403
137539362
2385659659
74832434
138559847
182681925
152080881
1653459445
244356187
16834101
733384358
84182459
132303731
117288714
74948825
46904825
94225854
816112106
21355106
75077661
243471727
73012669
89288465
404195033
59504346
316438899
1668822181
1686460650
26351964
309317193
1117027363
18961745
295869085
70967278
275593434
2420557560
2389576687
15302312
25540223
2247765384
455437631
69997983
419578125
78514771
69377495
608591083
344875929
208399923
1126593422
1198190700
917136926
747947084
280648207
9998602
196274873
57647745
325650454
271098584
390243643
177645704
257001374
102774442
600192798
216453181
313542550
69020729
268412999
19137213
223278069
250295781
14466627
50210792
53485368
19923293
158249492
75624389
774142460
473354756
437817907
74302001
109475168
615214895
771786890
495153072
287829568
97349265
95346455
365486065
15211602
292531199
1154285222
67539981
23105307
62888867
322655538
62887462
78114017
30248029
509113974
36066261
15533253
115446862
243236975
7166582
56702869
14600977
551278206
186180317
21705478
205428550
15441117
93722720
28496774
42984742
23507842
113685351
214986812
22930958
60054156
109702885
262359713
326359913
158128894
381131730
22203223
23620660
580129426
208755112
