2383448151
238197220
775286364
2829660295
480441259
374426116
2990169645
3245215168
3438917087
1449120198
2176183995
3333462857
1033656470
24183598
1444064714
1398074671
3255705280
820984412
2554819800
607337887
2289978588
47205692
3201131333
891725556
541591393
177684507
1704312426
1372189993
281055585
562100356
221052679
39958512
2893477011
2444052414
1110161882
2524825386
28628202
235072498
1959469590
177519732
104604540
204279080
202806809
546017714
59257007
474088050
339213186
880338901
492118148
326578221
223953813
412971472
2393330924
370101469
115395687
29982331
387112097
382992148
2688123266
87480860
2386626780
2786149840
613808763
96779362
49270737
769171867
2487853952
2556861044
113617256
68253747
407472256
1261520766
211486295
916410936
40264423
320702172
379268081
2561397751
2412822440
1153066634
437588769
2349037400
165367317
2233140938
324367317
429146012
891231048
720754110
342632844
233686855
1164158197
387834679
240286563
577132453
759184088
271645211
2294270095
14683633
469324230
916030754
361188022
905626430
148874972
38177845
325110492
267185764
347931190
92059395
194559042
1682665711
834921601
462065550
384182912
835828592
332803704
550448704
1100752052
463414713
329579000
356935855
2437006993
938350616
115717883
95972239
20862478
1201716864
2443051
423420150
31088181
114454045
17051344
1104763074
1690761806
2162994943
21242028
32147629
159951505
1381484306
223605846
14441010
22624441
15353955
50277194
214864850
101907108
19766166
1537985016
21155592
56564230
805004869
325126593
96206129
441052871
198832264
381154948
1104874039
154615926
17573273
67976245
18198832
123864717
269700525
962997733
25743783
42882468
114857580
14063950
67401481
47336791
325719227
162496681
407141780
280354655
241191056
21611239
434322029
33279328
43093791
133444623
283786676
23009778
22081607
596603972
154610487
551007201
1241278741
2266145328
26534249
1383933085
107174526
20971256
95856748
64132999
200634860
16640235
456361953
152889033
17226612
34934712
16150688
1379662802
23426889
63886603
48715988
543700209
1435074373
49726703
297719472
272163149
29024460
16564324
208956347
79570653
185732924
211261440
1522181906
174740894
27081406
59126394
350424151
83500405
2190906684
50749272
20769532
46707502
20038221
1909761859
2238233438
2291347014
26487100
59769395
15154811
19416598
85906238
16629477
38892114
32624460
20746400
23184591
13215132
41495385
37710752
359303591
1316552491
1605924253
19658826
19402238
1585293228
115048780
1279168772
111331599
150180278
454977993
1235031679
338920909
118690641
176824969
324896218
21000110
119401334
27320089
49119570
148815591
549084953
19443280
2229469993
1382326706
345931871
21218554
212299083
256793538
18089292
250137376
338240032
19256096
47999622
324978824
454952766
107391777
467551928
44438256
15168790
318053222
17089636
28567809
143039587
19342625
1080753187
25997546
407624682
420574055
18499709
210672830
295993800
18918483
100068931
176932593
44203296
82761528
46342393
569921322
1503128660
87715935
74724779
131999950
18477428
57579512
25327370
102069506
55351494
526226529
17047208
397202905
297315854
17042078
8963722
30862829
27295244
18065266
26267038
248795646
17369110
143909021
38530021
123582098
21581503
21237486
246348124
15110431
13787402
115039678
15521075
20342875
1453013305
1425872160
19767193
14647570
71210524
412933559
258847118
388345704
16465385
44418062
75302402
111305843
16649758
26832834
15862891
124237063
19843630
183548902
2237581626
26728221
67003972
34222024
35306978
30064358
15458277
429806799
138683944
755404722
43199901
96102210
16536844
15460048
26710622
202968431
5694822
39585367
18036441
5695032
48289662
33474655
135443828
364319964
27024872
395253547
2220279501
15028704
1345385060
580269594
49832877
837693559
201239379
20693661
75304043
14085070
15134240
19837528
205195655
65134016
487833518
32372834
12819112
1949132852
14953097
20675960
380816062
1513221576
111584424
2233173834
19344270
1968860750
2233090550
27671056
