21705478
574772067
3012926605
3191149225
2891732581
560023780
2756732996
543082527
2555965470
2798927170
846660499
1950634998
2172558187
2966594381
369617921
3264230365
3262620554
3262427358
3260186496
3260095014
33943354
575586978
2674209787
3257035044
3257052440
3257085721
3256964040
3257005712
3255946590
3255924774
567651831
2784313245
773762172
1631528022
103088540
59166140
325335134
161304204
159488523
2468057256
2358753656
3165913920
74512103
74948825
3305643790
106495646
366214573
318077713
224275203
456935677
430897813
51568511
1539588272
2203723332
3033214802
65370861
71008782
138497317
133989883
82376068
582180918
62896680
253641737
302094105
191041782
74522754
66464965
37911744
304579237
104227147
169179893
192955949
1278828726
808128301
153447127
53407532
36209268
145679960
3169056434
234424015
231852779
182676106
199302226
318446877
56497035
2155460856
430215051
296571087
1700845669
78122237
1850296742
506815594
228864092
480570877
21919205
800294348
494166969
743465095
259237300
347930118
27055628
2937349728
194348988
42681096
257627526
30481603
46397079
69025526
611777254
135518778
333497500
2751415258
2861646607
107118936
2865883820
1563264818
1865150372
1457599544
400341095
1689431137
605880659
16106946
139808463
1152248040
491643632
329670772
494146737
47703620
275678057
372996409
48077335
414982842
552281298
2656868574
38028510
369585660
402272713
199000835
62945584
64828409
360123207
175130339
145743546
1764310100
404536171
48719087
2267773146
284183733
586665087
588552503
63493599
20792281
871044996
245564953
381120966
400170149
2830008848
441229821
482258845
28387299
297489984
199729968
126074681
3038481637
32154289
463160491
41009172
39789515
284225400
56762593
760494390
87056365
165816757
772694748
418745548
349180974
2890180285
21207027
870043220
7166582
395604209
2310157021
518888646
960544285
3046933969
16365686
563113603
1531132681
771604488
601261332
426885195
351085956
393462377
1945023644
3041997403
45928911
286302947
267861289
21355106
381131730
256203380
22203223
22930958
48170431
374088728
78898839
1083771152
1459931490
1225406318
1203118111
827421283
1545109976
580163519
1564547328
2349079898
939831944
58562120
2903060119
1237782864
2385904490
270048503
355326012
273749148
151035665
203727880
377184992
1187598488
70267719
993725250
1050675744
2835667946
2745819488
158469454
2436117547
1710289008
452621486
346167007
326527808
380465591
2208145226
1202386620
268425379
789650833
379886160
2742567836
2424640038
2535556512
1161840631
2598162926
2559577303
1707900920
342392435
1640714251
1058541144
803783227
206291183
370281224
1083810248
714758148
380172200
873921326
370202295
146067318
1191669193
338528272
1710496519
768490464
2247765384
498508550
523510575
17093617
495617512
355738215
78114017
214986812
516239517
35865782
325751642
9335962
253891676
243236975
64503514
252603815
64822065
403614427
385501318
125975445
386104072
46027777
19404907
45648549
15564486
57103944
78947948
17132286
36066261
69919939
93722720
15441117
30971588
15533253
21437452
60839582
80793603
185802351
28496774
19396800
53164682
23620660
21316042
