2815613005
3414705281
4022228603
61157857
14159148
168784481
1921062409
2394659376
17899109
1187138857
3377034905
2152736647
572271029
199340897
1489776218
1444689834
116716199
52084584
986390774
108935576
993161678
19619404
100260784
295807687
608008015
529379667
113491007
1276335439
117777690
2337610214
3234001147
76920043
94018183
2611285632
437770266
376161322
581208856
2383500127
20693661
94580096
3094125645
30667061
164208335
109055617
358240131
24744983
256393236
224655400
20000725
236953412
385306338
236588290
24909650
873819098
130280613
144791011
351812038
31756041
80802900
578932351
21666641
3342660789
1308056658
606411350
357741911
3695120956
2189203662
325754627
113607268
3074842481
147734164
35781487
385936104
142322547
81909433
45579282
347967174
1227837836
166925953
21581503
2228583392
331018200
551438964
496951341
2385389695
304396684
1447121808
1464169940
1132726627
2997366319
1218047916
237653154
296264079
176770683
2147636718
25267190
1333444854
234358197
46411921
1225730898
116463284
29086984
621868564
1614626342
198579311
1648754732
181107128
550193157
777983173
1166835074
475120607
603488425
461178382
472107228
20772268
1115443668
960472544
2823355954
1563703046
182407547
3295094129
80855842
64431008
202675814
38722208
243681911
2974495097
31267104
2811939775
3342596050
3377926138
240608775
1910843418
3174275882
478491097
621533
31105169
393950969
4408501
321295856
473083490
439241446
3192251266
536732768
14499829
125403342
606325697
39536308
230210782
3247589153
475724858
1640786388
492570413
2573492658
1227257191
3334988513
793963615
2789446977
3286429109
112398730
460401829
3245013815
2980307415
955817893
3111063321
976131900
26719898
20516119
338945570
1139640932
1647662983
111949885
2791785553
359909279
3295003571
2338580244
3235585619
2612314123
35961145
56488059
3086243991
19837528
541009459
2248771189
256108230
162129923
2999868527
2601413444
250211976
1021745684
2709170899
2573542442
2797895686
589931487
377998324
400086050
351665689
180415006
20051506
32369044
168852799
41417211
23452598
72341341
9260332
36672211
1647623287
1670600082
2221320090
140424054
20992801
17284595
1712707561
64030190
2713416997
312077482
476980253
25116656
306533671
2273220884
2776091545
1657451630
348974190
950249762
105838665
540191614
17411532
1598846257
70796349
28543847
243855814
105880024
2813808539
128211280
21751830
1580522274
1241258612
19460461
103065157
14157134
2302440189
102765919
2915286544
288375438
92498317
217442176
369573624
636465431
742637196
1251427442
27613493
159124085
525490748
130847701
275115450
337722294
47292062
747065222
405804026
1227295489
374425392
1848953300
976220060
233995732
742543573
1732203596
2370386905
1331520553
418187883
153810216
227599735
1591669105
1168560127
14738561
397502018
267809233
469511905
1727455976
2769102790
30050744
1662485388
2831368882
355729179
2832111249
561518048
1220001084
224171430
187248054
14525315
2832353679
90856868
104515737
91572893
319034693
291204979
1496509506
42858757
23132770
344057126
414705247
2386839469
492981842
561194876
19973162
127505147
263708169
20198534
1371836238
148788201
945982350
869824183
2171134992
76649130
2612380680
1941090002
2663842740
2396077640
530038050
43198949
6467332
15010349
61781260
14224719
25657401
49679835
1734766740
397871845
572797747
484804505
2789641754
510484741
292251001
300205226
161687420
2615105630
95873820
101712079
467894517
211495869
980233284
105800463
2706386456
1150505802
1201535342
335343087
1552637701
456202722
338380650
263254088
26476395
16949344
1224964850
325093276
2374800715
41561657
1728408043
61167492
83163481
6705042
303760414
1259678011
1130882310
14243046
27013292
16864209
27254739
107024149
505944033
297361922
556805628
19387608
738620162
1324395199
551426814
326790820
36048046
583665692
19645534
189931440
472113431
19520658
1545791478
281593336
1291271958
352340433
151823851
1493468616
415732097
1430840870
52354784
197741879
87205198
90424954
145418659
465674067
378206565
246042255
998051376
859399368
82589496
216824249
21237486
17542775
21086179
297987127
275281827
106845221
1095133046
1145244132
1362277508
517037826
23592732
1216228962
369579341
34222024
58795608
20990898
277548136
151456736
39250316
489575277
130440899
482172186
325582142
771834204
1323212810
132974765
574571187
36639834
589059787
366012686
27855414
295652971
39735654
97199751
196968085
102976802
207667494
5383942
17226612
8170292
64657405
512485633
600901655
110749298
188413838
57333022
300814469
547834727
115056181
998729029
353176792
972229950
927482708
490498911
115132543
197747513
15196135
587875290
78610586
365447975
146046445
591652061
879228432
346610010
626296024
817327975
146030833
14592723
529375167
397319919
45534698
323282222
320293216
233917645
16928853
23609696
131268578
20772583
33967016
234417141
7349062
38022768
620307999
375291251
333591471
54506896
433478218
20579638
155844883
57579512
427330274
370022448
294756257
224557597
91379895
200421052
479541240
259655598
594693040
94333576
473814022
18979328
453228038
524215311
444565566
33462536
124145512
304938202
437636351
78526061
249681396
221471466
59753137
544177065
47459271
16933716
183978201
5715682
69591304
298329112
40270602
55485812
52071402
18844757
119758585
274982796
330302277
23094795
113440695
300808388
270938020
29692162
462979625
234387457
482138380
226603998
88722311
319258745
19120341
26735143
42866391
466461711
348346681
435232451
23078883
161274683
102963815
87965944
327101083
422106130
55247083
84296426
225234472
314226317
22145200
32523291
127880009
89185925
429786572
262860217
201905312
53870754
220837005
171153500
419526753
147936195
45213561
395920909
413849446
29982331
167328290
29480649
305235937
55239797
146221712
276942093
346740364
145570262
175774205
4547711
305661709
56220683
245665850
385571408
20144241
16928361
274723066
32347436
44843157
50590205
339245104
196639743
331862640
327899933
130296414
329042882
284996150
304552206
28341111
36038230
23739352
85555796
244584595
110386351
322822463
156122057
164351329
114830237
293682889
248593911
218827276
153054732
18045120
95037503
20071917
289496211
279954590
19125148
61156502
33659010
255195161
20432177
98984232
308443216
114442342
26203609
236559102
31725704
66353526
169016373
80018787
20445725
111094007
268399611
28424724
90379103
277550917
112161023
296341919
59761262
91107110
97631390
57301080
76954887
224629415
38947866
192891501
247196221
85760126
182763634
240203784
287825158
44853190
131891626
118405218
91432205
50405984
46106662
236756084
78711712
171098815
166516465
20937750
20600826
31091978
21299778
123238450
102104262
40310763
22619596
20059964
21004410
47591702
19535210
23058937
34217589
19982434
26993786
84296804
33249457
77014927
54606317
62265008
86129983
153348383
110145393
257114201
14153075
23050415
20057312
210841321
17389502
94312025
16432203
37963496
64375648
57346365
