249392284
4169882413
38792138
67545254
307520419
52213639
303551122
2372334558
3433497197
2469935714
19432203
144695978
242902347
223373647
41975164
269867532
369867537
273231966
475365026
223278069
456872471
226735919
243760182
1586945810
1945330290
1072053368
2312696240
94225854
62888867
33600157
22930958
1110092034
140196247
69020729
26351964
153877429
230851688
252780717
233408739
189294547
383016213
227207862
150528131
2917931358
310062128
117485485
289418264
114625663
250295781
373496849
478136900
279239110
226318039
2290187083
37957896
926256846
503320148
87517577
74832434
291797837
114609586
404195033
138559847
132303731
152080881
902190924
1132948555
2372570107
1002990643
343358997
411986759
74948825
550635130
137539362
187784084
182681925
169786131
117288714
41709951
1170707082
467782241
273544994
178006238
323011129
385777362
290259441
263524202
170017361
1494276564
399031319
281755813
1198190700
207804154
164021893
625069807
212245110
133783338
193557874
352660181
167885933
165636646
229577639
380492333
38587645
87563022
220092988
287272459
339983952
222496003
300076554
210556328
183274175
75845108
191502284
200100127
125458837
41247095
322970359
31256448
17763883
316896267
180919122
135904761
251288880
229642864
331057991
109346200
61273129
44821608
785113051
364406226
294424027
295907413
281106088
543981673
493581434
516874954
338734734
334988044
289599815
54811179
255159317
71112993
138785685
219499835
111805820
174705836
290821198
183911257
318768983
72235322
177674570
221094603
364028181
216880730
327790007
224910894
39194221
153108578
305299993
160456608
101526182
173615883
364652483
169797920
44938083
276600731
251949823
518851148
256820568
263889234
127613833
203991783
303590282
263856313
90222680
268322051
348077671
143871769
484187484
38491185
257708707
142845223
252891748
252710775
73012669
70031867
381170788
84182459
423927312
334297110
100154870
383426172
355964827
233377523
301490788
256553290
971136008
310008079
45987853
176841132
598796325
248984147
46333352
308701127
329519304
163550882
279651139
249863623
325799382
355106834
381317656
121277668
248478154
308840565
31019409
36242989
339737548
484059336
276169538
300518715
328314936
176632235
193436375
323402110
211858976
355298434
169305194
312140735
239443640
353845474
260453996
346636698
411956893
355974224
585068868
383298147
35966135
214986812
62887462
56702869
208755112
59504346
53164682
287006810
45181034
67097409
442394258
329861192
212437452
281676044
30333596
250656099
97591966
143257019
307194569
270163457
269783311
27275747
178441598
202347327
310535008
169580959
266670797
278247305
289695342
727863206
241704665
513666335
113685351
205803628
168324287
1126593422
45928911
338422136
413690626
283319827
870043220
1858839984
144971482
468645097
197674803
131052215
309254940
764347880
340945616
17850264
871113692
541105405
237974434
383301323
784982738
2571008049
496501541
2566881536
316837971
33559942
47968252
266201738
293244578
434534687
583512136
848226115
336102737
42477520
286880562
399130376
582504174
253259601
437025805
276782229
261566947
246434225
2329040184
325954309
420676150
427928130
378114376
58951156
425552075
34005146
354530563
363872079
572285240
69917385
172567465
217145423
246000510
45968441
284265634
184517390
323014560
348672952
496415954
247103837
2830386674
331290303
185802351
286508173
309702908
392978485
622416417
262753077
196161743
250494953
2247765384
23620660
