3226238609
4002472288
252774516
339213186
374095894
800266135
65134016
15862891
2517853237
51820738
17376218
120732533
412933559
246877444
3325342813
2717189600
386168615
3257162537
256793538
627734398
20675960
319525327
2631589626
164755139
2908500712
116273314
343497131
2188337107
180505807
566155203
616171439
2993994029
720304995
66842542
532985949
246394886
1562642179
852039852
2922895174
14738561
2878784774
2589703207
2341337263
77525525
19811190
38300119
104969057
602317143
5559402
241290894
146438687
1279175893
2605027879
2646381782
2213692640
1928272748
978437101
22222283
2727817645
56768257
22007227
256515492
65604254
779780
2787858900
65045121
304798049
206255645
29093157
144972081
469754483
39537053
101611375
50858099
2770530158
14849531
37416382
139380872
162530678
85582524
540812894
404092406
1376608884
351001423
33468211
851681670
528744550
14196790
19658826
40914713
17487733
57579512
46342393
23184591
20693661
19930236
1688672498
2492657060
549608648
1144050390
2590242073
407068486
2565438043
21126840
271920086
48160604
44418062
264399952
26748889
127910801
21237486
115039678
71210524
78526061
180576167
20474878
20143111
1891806212
8493742
153854344
168304507
184906418
5953552
865622395
569921322
467913601
1530953521
19977759
21581503
189065376
158461979
16649758
19837528
2315621323
2166282685
9457032
21682000
14230850
21737590
469509187
29342640
17042078
20678389
161446118
2190906684
16066596
53939210
19530289
2207530272
26196334
6599972
59098717
14049848
512554477
720185229
487833518
32372834
44874400
27596259
41561657
20792012
17806125
107358888
532284837
19256096
568922950
60435664
359289831
142760196
14145879
733681478
1371769502
845868410
161652701
113683399
225096034
20526449
28838219
118342418
1137328362
701267743
36735522
42462248
1023072078
620654544
544788276
311954807
99112571
435775186
254547343
42954954
40218646
14195880
620142261
740109097
62000400
28978705
21336954
391891226
288809017
90420314
55218051
288757156
186300970
19533817
230025585
33315010
485558954
354847710
442847698
407347022
211975005
31345166
260211154
85648619
15040935
222584256
364488011
250137376
397229345
14122603
311938618
137515215
47643608
19530624
16681111
350942015
210787605
15995101
61445206
45579282
177185878
19062483
22419487
17539313
64375648
211163164
19816004
20523099
80262276
20990898
29038088
157218534
64371402
67010509
198584761
213238038
237070777
22342406
20779255
203028146
21137406
174402999
16619832
15251613
47583067
14973943
46059944
135583203
187371887
93944893
2729061
88722311
67281674
43963184
140118545
190030960
43313304
18980276
21873834
83210801
78890225
6705042
92611991
187586206
184814707
107438572
15722996
62581962
182807220
19906615
13131592
15253147
86491771
126881128
80273245
18987924
14810327
5965962
24401061
124196366
135293054
128216887
17062358
53915741
17196656
62943603
131888602
87011026
23066372
17939037
80802900
18832501
25170397
19683765
18477428
11491312
28840861
20005161
