15441117
3182142841
57647745
75624389
483503317
23105307
24174620
109346200
472595203
205428550
344365481
365486065
257001374
61978248
3163069867
2422679658
1536791610
759251
5695632
310535008
2895213578
1148368490
2314224084
917136926
335498133
1686460650
1198190700
344875929
1126593422
153877429
115446862
551278206
53164682
56702869
95346455
62888867
186180317
62887462
24201493
28496774
78114017
42984742
870043220
214986812
208755112
93722720
36066261
7166582
15533253
22930958
21316042
23620660
2294628337
2247765384
550318943
