19941653
1534424083
36066261
4169882413
556526911
1377322334
543787093
279847974
2990553949
993477932
69997983
272095008
3515469082
3305196072
2997403410
3433497197
291797837
3183222542
3051670373
1684307671
166208869
257226366
242902981
548955984
234628614
360891465
29092285
2903060119
2331378727
2294628337
277770252
1686665390
46904825
94225854
21355106
2548603866
520788740
816112106
1003292696
102147125
778905373
16268340
292531199
62888867
519667403
216453181
181815561
589283931
273242894
358211009
276604588
354634032
533539725
2239977396
22323087
195242833
17258210
259331854
2384219168
2397215438
2462433571
829622509
952465237
772288255
168324287
2347332236
2837643903
498288425
3033371874
2859411483
3068615334
3075800216
2307420241
26669130
101574643
404195033
475365026
28627806
182681925
137539362
89479498
280648207
53164682
109346200
65466696
59504346
22699484
870043220
325650454
28496774
473354756
2890180285
15441117
1668822181
15533253
62887462
551278206
35966135
608591083
580129426
78114017
310535008
208755112
42984742
56702869
214986812
243236975
75624389
344875929
256333510
78514771
151342304
153877429
877088743
95346455
205428550
1126593422
115446862
250015879
210712524
22930958
2247765384
23620660
