2805693717
2515562376
592486868
95176946
125941014
1080211093
321870282
1916989982
107140050
257516506
165442258
27493854
22227518
292407130
113679065
198926513
4106204219
197522243
326665662
22493750
213279552
182354392
21810329
2851028915
2969760609
32429400
356725454
306756011
792316808
69351973
498778019
1153969730
3246262138
108263069
294118241
229021298
2539447891
163060113
2491457720
1334020825
1951468699
14385336
1161156193
47788602
130303126
433480224
300875329
2682745410
36206080
2192645179
428508038
116799581
2872332330
1566383408
39707740
361928910
296025854
1056164551
28357128
3939415282
150985157
20344740
2837746400
2865352137
3108351
2533099302
2149737589
545147045
2616820849
240716610
2687239865
773535127
1499960233
1875686262
288121107
447109835
558769424
2546816869
731322643
105079368
279526571
34235533
995025032
2231224849
546484593
2829664522
2420936184
41132165
903532620
3376190463
278236303
2524969622
1914850316
628070763
532172035
1669901286
83852789
2478354308
701100495
1322416015
474163035
1952122813
262712656
848905519
431063310
385425892
2254673281
12594872
2909720250
370367618
30076364
352341926
2289956294
2190351606
1162496053
586624861
2498945270
192842634
1647573157
472103609
3024547640
46763286
1912657304
2744334432
2672281369
1622783882
118640220
2243712318
15848867
716589799
59490293
73697544
460966881
1513718124
344877109
2308005420
532651119
3333419589
1136294664
2305386283
240339489
162372970
1979393906
528990386
1329316562
31518999
34953691
143472281
29918711
82170503
49956176
52731009
82938574
116401494
1192927921
142830500
2460979962
506716122
78990577
3317573601
282187999
3320579758
1209918978
34143160
557379658
2295369918
2445209411
238728526
1633117279
18179682
2239475791
238102218
331170695
38099600
753216326
237663638
2515657621
51100553
156651229
1652541
437331842
58821552
947078040
625435544
1267982563
91973118
3418000149
211272658
388361604
50072900
82837334
275132657
550261515
60898019
1710160338
107953498
1357931292
241131185
1003633723
3364349320
2775893226
245386306
368512705
38689870
31019385
1937869878
3065818115
3252726813
1391688272
295640370
1441199510
58495407
17386064
271432409
37873233
327155131
428275049
2646158832
102772425
194364678
2469416845
377328685
1428259122
1704030108
112396213
241067860
1912142396
23372822
586593817
514807515
23067226
475652649
21081606
148606062
102934369
373457468
829802490
325499980
556875827
1135262197
40457984
78206585
70913228
1470419755
74534453
861518221
39719681
2805693717
2515562376
592486868
95176946
125941014
1080211093
321870282
1916989982
107140050
257516506
165442258
27493854
22227518
292407130
113679065
198926513
4106204219
197522243
326665662
22493750
213279552
182354392
21810329
2851028915
2969760609
32429400
356725454
306756011
792316808
69351973
498778019
1153969730
3246262138
108263069
294118241
229021298
2539447891
163060113
2491457720
1334020825
1951468699
14385336
1161156193
47788602
130303126
433480224
300875329
2682745410
36206080
2192645179
428508038
116799581
2872332330
1566383408
39707740
361928910
296025854
1056164551
28357128
3939415282
150985157
20344740
2837746400
2865352137
3108351
2533099302
2149737589
545147045
2616820849
240716610
2687239865
773535127
1499960233
1875686262
288121107
447109835
558769424
2546816869
731322643
105079368
279526571
34235533
995025032
2231224849
546484593
2829664522
2420936184
41132165
903532620
3376190463
278236303
2524969622
1914850316
628070763
532172035
1669901286
83852789
2478354308
701100495
1322416015
474163035
1952122813
262712656
848905519
431063310
385425892
2254673281
12594872
2909720250
370367618
30076364
352341926
2289956294
2190351606
1162496053
586624861
2498945270
192842634
1647573157
472103609
3024547640
46763286
1912657304
2744334432
2672281369
1622783882
118640220
2243712318
15848867
716589799
59490293
73697544
460966881
1513718124
344877109
2308005420
532651119
3333419589
1136294664
2305386283
240339489
162372970
1979393906
528990386
1329316562
31518999
34953691
143472281
29918711
82170503
49956176
52731009
82938574
116401494
1192927921
142830500
2460979962
506716122
78990577
3317573601
282187999
3320579758
1209918978
34143160
557379658
2295369918
2445209411
238728526
1633117279
18179682
2239475791
238102218
331170695
38099600
753216326
237663638
2515657621
51100553
156651229
1652541
437331842
58821552
947078040
625435544
1267982563
91973118
3418000149
211272658
388361604
50072900
82837334
275132657
550261515
60898019
1710160338
107953498
1357931292
241131185
1003633723
3364349320
2775893226
245386306
368512705
38689870
31019385
1937869878
3065818115
3252726813
1391688272
295640370
1441199510
58495407
17386064
271432409
37873233
327155131
428275049
2646158832
102772425
194364678
2469416845
377328685
1428259122
1704030108
112396213
241067860
1912142396
23372822
586593817
514807515
23067226
475652649
21081606
148606062
102934369
373457468
829802490
325499980
556875827
1135262197
40457984
78206585
70913228
1470419755
74534453
861518221
39719681
2805693717
2515562376
592486868
95176946
125941014
1080211093
321870282
1916989982
107140050
257516506
165442258
27493854
22227518
292407130
113679065
198926513
4106204219
197522243
326665662
22493750
213279552
182354392
21810329
2851028915
2969760609
32429400
356725454
306756011
792316808
69351973
498778019
1153969730
3246262138
108263069
294118241
229021298
2539447891
163060113
2491457720
1334020825
1951468699
14385336
1161156193
47788602
130303126
433480224
300875329
2682745410
36206080
2192645179
428508038
116799581
2872332330
1566383408
39707740
361928910
296025854
1056164551
28357128
3939415282
150985157
20344740
2837746400
2865352137
3108351
2533099302
2149737589
545147045
2616820849
240716610
2687239865
773535127
1499960233
1875686262
288121107
447109835
558769424
2546816869
731322643
105079368
279526571
34235533
995025032
2231224849
546484593
2829664522
2420936184
41132165
903532620
3376190463
278236303
2524969622
1914850316
628070763
532172035
1669901286
83852789
2478354308
701100495
1322416015
474163035
1952122813
262712656
848905519
431063310
385425892
2254673281
12594872
2909720250
370367618
30076364
352341926
2289956294
2190351606
1162496053
586624861
2498945270
192842634
1647573157
472103609
3024547640
46763286
1912657304
2744334432
2672281369
1622783882
118640220
2243712318
15848867
716589799
59490293
73697544
460966881
1513718124
344877109
2308005420
532651119
3333419589
1136294664
2305386283
240339489
162372970
1979393906
528990386
1329316562
31518999
34953691
143472281
29918711
82170503
49956176
52731009
82938574
116401494
1192927921
142830500
2460979962
506716122
78990577
3317573601
282187999
3320579758
1209918978
34143160
557379658
2295369918
2445209411
238728526
1633117279
18179682
2239475791
238102218
331170695
38099600
753216326
237663638
2515657621
51100553
156651229
1652541
437331842
58821552
947078040
625435544
1267982563
91973118
3418000149
211272658
388361604
50072900
82837334
275132657
550261515
60898019
1710160338
107953498
1357931292
241131185
1003633723
3364349320
2775893226
245386306
368512705
38689870
31019385
1937869878
3065818115
3252726813
1391688272
295640370
1441199510
58495407
17386064
271432409
37873233
327155131
428275049
2646158832
102772425
194364678
2469416845
377328685
1428259122
1704030108
112396213
241067860
1912142396
23372822
586593817
514807515
23067226
475652649
21081606
148606062
102934369
373457468
829802490
325499980
556875827
1135262197
40457984
78206585
70913228
1470419755
74534453
861518221
39719681
