4003290629
3956310743
3390934078
1361442810
17462723
2154127088
3333526492
3364208597
28567809
2431686332
57579512
162535413
47073443
2830073474
1369330465
2375289668
3098181104
2977580734
96779362
48672881
1732599787
19541922
1140688806
2361645206
49119570
23932994
384598391
914119638
2653987874
55059417
112419076
2467226497
31088181
68253747
472710990
48339714
25070192
226602062
41561657
1198459106
213012200
1957145862
14162706
1569046800
1109865229
337357518
253221289
437770266
2202429150
41592143
229711796
20862478
34320563
169249504
140486422
773556150
2228500290
1158733934
998407880
588586596
1669572444
1072730425
2151173239
2253957595
281984472
2385241033
44806607
2388371658
85114554
160877807
2177797945
16471432
20298671
8963722
15492359
52010875
330101315
1900944043
145980840
189817784
576794667
15173146
435266816
37976723
1289536735
495909430
333509523
19676513
269426340
1260470648
418669767
519952673
1250165227
25841927
22462234
118266357
426470160
297563053
36995478
10180222
255217146
1671296839
17944633
64003841
1431747402
38372813
1679260675
2282572382
19534829
633557068
143629076
48799978
1479694620
198468700
56135094
856471832
815177160
635123740
395518959
17737680
905718624
228769545
17093617
490056323
14085070
14043142
56685979
175691292
72842277
52488565
14747526
278930750
334180397
143086518
27087967
14567800
13766492
21576334
41358714
352650591
45579282
40854900
1110167586
378707123
10012402
40846478
402333494
2166116277
1139069748
2166562870
48988084
359820822
158198443
30549662
259476338
2177238678
20660144
1246397209
553042931
330021174
1398893936
171905878
1655442620
80618068
505650259
17047046
256512896
171753220
425539276
14793714
104753494
46299743
273578767
210787605
15132914
21448858
15812051
98188333
567467234
59126394
350424151
53560219
22750673
1115365544
515751159
232523606
224631899
1898653928
462169997
1418774700
1905104917
1093324700
472057669
146213978
12984852
22394209
33279328
184931891
1967914327
1952975701
19658826
12432262
20693661
14617444
18365948
40870398
914699534
519493182
15234407
43848067
51305926
243072901
292280780
589113225
1253721834
248192696
18821994
15428397
1733387202
1210182949
1839948714
538476748
46968094
60956542
88540146
1704944725
1143863730
16455297
112643711
43213031
1569180318
378272434
334292179
806393046
561297215
454724555
580411725
22741656
17425943
85906238
544662665
333508711
148815591
544666438
19767193
93950513
262365030
1286506417
212299083
390721007
115395687
104446059
269043415
18585425
159951505
464159257
320210499
474911726
138380863
385276586
118690641
237893980
326453785
141242032
235283160
15496407
17793440
59221014
502278199
175150751
96102210
136325501
27596259
88914175
12819112
834928597
768562657
808664977
416105754
35304791
307913949
397552950
713648564
14441838
21994103
318537499
320268880
380816062
39537053
34222024
29717083
32372834
23962323
55351494
167057702
23576240
226691837
214099847
45923583
365413008
7973282
36814136
137836269
27924685
22497950
21928178
47983577
14647570
21237486
1435461
17089636
19256096
43199901
115039678
67304620
45373841
5762302
1046661
49270737
22353109
59257007
269700525
225911067
18683406
177005581
386521020
325126593
44629346
16174754
28590658
34018296
314758565
56564230
41215558
19837528
18089292
21581503
293110255
29726578
15755223
27320089
71210524
96294925
15862891
9780512
16274109
50318478
14738561
16172894
386869663
184543773
19704268
63837338
183548902
12286942
33249457
16629477
19668775
20361904
15154811
100068931
17047208
32331234
19843630
91951516
14060537
29347448
19416598
82920974
