321933
2917585904
2744668507
15871746
585767785
260900441
3197587503
6899782
1620131526
2356886045
413510079
3729379637
3273797910
3364327647
627328101
364560137
184193373
1262152812
390380539
2362260206
2776091545
59013254
3219528122
76611203
2674946479
3164167377
52133120
2822926504
1870545037
4046381953
2335357554
2191109263
3019472505
2841156136
31936449
127024131
3180692304
83530796
94790698
14293443
519564222
29575969
1276883383
586321264
3230012032
14370378
33651124
2214727674
20126211
1437690446
560826768
2469124412
21799265
2207527682
364947560
306796594
4016886255
52366390
132073755
2890181881
519493182
2495800567
1247351154
3929814742
76408592
3098372972
2855633270
53067977
2538241706
540092799
74423525
320210499
36370775
2148446229
148001265
2894684050
35662742
390266289
1461653630
725323
24633727
377905497
2539467448
370907274
3004181585
27500372
1889760162
112386054
10264542
3115701824
63886603
52267479
63886340
2258209074
1339225556
39791934
3133733616
1647906314
2669136602
125695429
3883477227
43091733
18466916
418058641
185631499
188833554
3834904066
2999201142
378265445
632591287
316382193
166081382
2833734593
862715178
57552930
1716913423
14438869
3526349958
341637500
182511718
233491567
3441954625
1360340191
107292643
3291961496
269881079
296391169
1269663524
502916683
228015307
34693826
488480041
3680347158
123284117
195921737
2441561904
49877495
2334838986
1494855450
3403915570
2375288959
40105313
3130093606
531697681
502127597
36382066
618553720
2915136229
24601315
3234257456
3163055411
252033785
2923669327
147453295
1097741347
60958086
236980818
296300255
1728408043
862023668
85301360
2917924887
2487853952
3270483271
3370341443
81801020
338941467
1340775810
252095927
17061155
3386600902
210024874
1107781652
3006321508
228714858
629818445
42680667
110441210
49546022
828917498
12607092
1567116258
20178835
423159995
272008339
1295436643
1023097015
43037125
18153864
1488677640
22042578
53534474
575554060
43817816
2969510056
1070703408
3124324315
19159888
17668934
188966404
14866627
2577067932
2857905437
15249076
3184546630
193731213
209155608
381326641
3225783883
66450516
524431997
2657942712
230683835
2582456827
787460143
16416429
2604298789
3240093266
975835292
3427704046
587645817
3301099062
2931908070
3432193751
3430050851
2903358833
188423774
5034531
369620734
219655898
369458218
2375705826
83054101
1901997422
3403908483
18154205
1224085675
11342442
105278536
19097159
1246016197
153330529
952641
3194732233
64958499
1563273739
43653944
404946566
447914976
366634533
417885365
5951562
1612233594
211745797
1566010718
246994013
552227106
3370996024
3369042688
19355816
2205370274
1157578424
3231139852
15369506
200634860
126024407
1536622963
61722243
1541953706
1405915842
129834401
326034810
2589515736
3035360836
3235373053
38633165
1249421005
2903173148
355761891
1083181514
568757967
716492450
364319964
3243530397
124202458
28448783
2423453340
3164914430
2502128419
3053851407
230944453
169633285
3389167425
1663621470
3380919179
467900841
23032536
2575803865
2789742375
1118823619
139705283
3287571876
241638973
78109680
151914231
1504311
3017070604
35731120
1686160789
114019343
16061930
2227466713
1006790738
2787644022
3235383289
1858456922
87922339
1920834342
1852409701
420574055
1902187710
190420376
158380504
964010064
600490304
529048272
3232353024
3070112081
2534969637
2822698047
826980018
1295348160
3295970439
334912047
2982966481
423556756
127910801
196556977
332279509
2880872098
213698628
2318485374
56302544
564855281
588271226
77309658
9308212
3290156986
20916230
66789255
63013716
405033226
3246246155
842143333
2974820925
2468903443
2950730994
3193780950
236264949
2871578822
3244759479
3097507245
337583121
2784009771
25662166
318703526
1666523137
39218179
148096720
6977272
264641839
40707676
20041139
551116769
3167335559
770285538
2187810463
237650650
3160289749
2790652818
571993342
14467267
533603725
1064850134
1513221576
479527701
105075809
3171039090
216793572
15132914
24461482
38766002
2960611408
2829242078
2731274162
215046979
352230078
6656782
14077148
231141217
6218802
66564600
72763982
3024611718
221802159
1679221747
317151085
1665158046
354472005
1976302189
426342057
268570500
2750408784
3028671676
477347504
2294614166
116010935
311962952
390159434
15240059
541951444
20661695
1728313302
2431454917
347477466
841497890
89169314
1174372050
399091038
740655883
18365948
247262532
233661443
344580768
500608732
3131150746
3135061335
391105523
309279044
1396007449
1168142125
224693224
123641583
85906238
782615960
89655125
377273749
823277695
1053684541
90560117
495064755
1589376188
2954080201
359624930
1401507799
37434214
3007874005
166857229
123858892
634109297
89226314
111097299
10552072
26616462
2652400452
52853085
1225871688
326165873
58181291
2875615025
32615991
3085995030
130201365
288120196
3065207706
65701711
744566065
28562876
1281678510
606934602
402333494
1932331285
2842025330
983159431
2803191
137247768
318310062
41561657
228586748
407200271
2524825386
99312460
2391328109
434020661
57325579
734261892
2444608582
2713107342
61573910
120418926
17343014
622009392
24697560
2852116600
298726408
3090842288
2493407430
209983922
1969176980
473659096
2560937077
3104278151
144731496
1451490834
1314017694
937573465
2535272285
2322715397
257625620
34222024
1449149371
3092756806
15186930
447321709
2176175740
56360970
2201279472
2841776049
156064015
3091713533
3032390229
2734298095
16195981
2878835690
2396905326
3075122882
87252725
17558439
1040815020
128401236
548556779
1443891559
111233547
18547477
18583909
221648634
37740589
2844185531
3033677922
970511108
245672124
1324394616
1325029760
3032245677
1398876810
1250334985
3063763069
2813510514
3064065599
3064857862
352521528
517701929
401794523
53893339
1746228487
2289824142
42558652
37732219
3066144004
2881161693
89414035
19467685
48394666
2535282108
349701935
122458732
337134932
390452975
9237012
376285518
19118873
392775853
7431072
276914775
337282236
342187007
1560363475
384188318
91768468
1151537048
111020569
18247542
43199901
95863266
2517807937
52196137
22483776
227753217
27281620
112017535
283594148
15308144
15276911
293116923
234886028
15848391
55388565
162087418
6520462
182530815
285777840
23432171
281031538
14686282
132112504
4531221
76733186
35460946
271156299
185402175
208543176
14875890
47367225
183661891
248576207
271052764
177274780
17905357
57309864
62183077
45001035
251653610
71291461
34617752
605643
210672830
30507310
98651167
15846427
237786830
91272961
18910471
7079752
162003169
46300208
149460258
94811026
88936048
130080405
15003266
347263346
14819353
16325864
343018077
529485983
394649936
572811991
16308536
14324284
14897792
14000542
65626455
479447652
16961966
602925511
2239368259
2182731822
19581702
485581186
347659229
215822029
1260012025
210341321
351784362
3025437868
49213571
43968258
70166944
703977842
438729858
9891262
16609726
2882739367
529263546
23186166
64381024
2674759244
253503499
2412544298
30054271
1571090821
1924228452
1353625675
1435074373
53724728
15661156
2827037894
498304170
303465665
487370865
2210326663
23184591
788311514
502120876
19676513
362469319
2272117092
829728188
2765066105
397552950
58539108
2456816503
275690183
465945847
278738679
635567256
275019578
126037070
914180233
1662391848
15201021
2788632888
2180508037
322061462
136301916
100591187
314208911
95494624
14534523
2907852322
17258849
5662932
796287235
215244619
720754110
49354895
595599304
19645781
2331103837
52505128
46017717
2968571226
2241108109
419433634
1692123338
325126593
14365634
17419608
133239513
583180584
214146874
17645638
14206243
45518340
22462234
543544291
229568909
365068861
468040866
65575900
2766175959
1186829977
2382549125
2540552629
1522181906
23009778
249394061
636598354
96111619
55943941
229826979
580999495
49344076
2717200609
2795149595
44687734
1506161432
360814176
220591490
450883235
2419710651
399223433
443532181
85247574
93655345
26800968
2416987094
935002428
2367314384
909021156
434336778
11417572
15517096
2433380310
618201967
16807767
1972974192
47553668
2898057187
192384553
263724774
28862870
271767796
267256091
355032358
2794042491
704363558
2855155712
17498064
127003086
15273272
991600273
800321600
523156292
2919851922
78344516
1451633702
143086518
2364287598
1401383695
116068784
2426899684
245107956
300140718
299341747
951580482
77328307
434875052
18710396
1410437030
1556081730
237670014
1297061911
2170380296
1521713239
65007412
21234787
92978241
53560219
621835593
16557883
1954023469
375668090
41557345
537010391
2564730816
613907776
58756672
198902933
1692248610
43398596
367230333
5405512
87511983
1324479930
14130770
50184586
255847016
239255514
2709561560
15027761
227769423
1574674273
120022468
602355836
601655420
114142293
9727002
1732599787
282741996
2746156591
514806103
2630296141
117360280
1301711640
56407807
16629477
538714687
33854287
2291006202
20198007
17136713
268830189
48966898
190126197
2161243633
469374940
329579000
2461066782
2361459788
14880915
493497979
52670412
2194991526
2491855340
579941875
1472814475
632712133
257343500
928232612
2444096628
47367118
17590177
42635826
402151670
392334878
2446729519
1140295447
1410316838
1336476205
223548382
1248442970
87325115
461099519
93797544
6434632
15478759
5754632
64822247
71210524
213847579
1561417146
6296562
30841319
558686162
454977993
22026168
935049596
173492957
554370613
93950513
543700209
115039678
19342625
20444825
123582098
264399952
208988759
54976457
244200123
8266782
325138382
275079661
303763679
297719472
18284047
261281450
56202639
41592143
253237562
22023030
