242496394
3199033990
2821239209
34222024
32385573
238343708
1478756371
223331992
402969893
402972230
1005864980
80553339
56666931
94868537
72442742
398662273
151201617
198944267
2290311302
91233385
248484564
2904854221
2537532749
2461088374
36081828
26397924
24563272
422310237
954526350
2489977820
2158754264
569558117
14252011
620217707
38555212
1290951709
97860223
48242132
164709683
955042604
28856938
49319860
188364628
180686621
610232970
157192885
1725977996
35376380
510777490
965229584
18929643
305651345
217312050
1337417400
395871792
273301064
230595331
31636266
28596360
263478768
551129771
260582890
2164883573
1704680695
20791294
2482493371
1297886288
2449944637
813732404
85403559
632371173
482585965
1443179760
330728462
2389131646
453259861
1474648814
412265119
28368227
115472116
326416401
348616187
2388838088
143475211
54068265
766077098
142535550
59916471
564687533
83944441
778946778
1165756022
2826017100
16817753
852737306
339455443
602360748
413736291
99551845
715170360
264496980
188169746
536494724
500825663
30793112
25599456
86761426
41590148
711420577
140139451
1400484493
36426583
2165235193
2845020387
102379734
523320805
98244299
455751635
51140760
29936615
111941114
355697474
5660532
1557470694
1668319621
1964693936
26748889
408234639
1521956790
2548582874
218498507
484081432
573930616
242153194
21071377
374701901
604538912
41013626
190318463
38893234
139244327
1017882374
245389045
92926922
24828537
14175120
168696336
552236870
76392453
27253962
91465089
558333993
73937639
214558299
155202983
349439148
1348565120
326387452
161086223
720930661
147281751
1389044599
885356264
1419760538
2600951416
148421763
46586519
82475130
2318041910
245430302
20687083
23801222
53980067
123632186
1968357734
67083536
94883779
52475893
184698942
136696537
520990792
749738534
1369579490
136011912
1001554555
853367714
126973708
116050553
101483264
736921668
2836411395
301581466
497068803
593279964
714761113
87801083
19258752
1466319950
26723514
256864974
19026407
175737279
1413891942
18368407
1406043193
47501934
16413817
46581007
546374357
1177718582
472777204
43458844
337535026
2412765300
332368295
216593056
2980458689
587601141
283486333
59103212
1924483482
534296597
2850600291
1077573896
226245854
756319579
42329738
2267133612
38531995
449366136
131971190
298136487
272621312
536562843
356917120
607162164
2636517886
578484468
285806966
263473031
404342491
156287998
25361068
402970891
70292285
38183594
39416218
1355682828
123344596
1335693206
67797645
88914175
96102210
32665375
509721535
401661883
249786887
269805989
174102868
1053825037
32907693
247279500
429851351
493033493
2296322256
17782359
1655039822
433671657
2257244833
635833627
176263269
1424464910
2166898684
21218554
1173701365
536931203
21466801
33683039
1256438840
1146810048
173944475
1286815076
280662910
245162068
525654396
1375425938
2535392520
476469000
123678726
214653884
36630867
2934375069
123689096
90758519
574342230
205904311
48132980
1873771620
1321501188
392006399
328347693
315057334
1471683114
162447803
348612028
2357777604
178182412
1720363566
146586112
2273840696
1419829806
1247248382
55421409
1349440454
1584352045
487645475
1423343054
45581109
92721065
1505566921
95292805
306939667
22619246
2858830358
1225781408
1258578710
14323863
56070225
29253031
205625093
50394903
1365608474
1612062974
1538200208
1434760202
21717708
1877642670
2833952469
221835336
588449097
198928899
1257110624
312840253
95972239
20272531
54641489
59244301
33521576
5751162
14557481
90534351
292933647
46940689
27905563
2535294673
1288677241
219724165
151764759
2796482969
384661847
708233816
22091213
470196395
56916619
149177408
42383845
396259868
1695665107
562908240
36767598
315024285
2637297894
2796114613
1949097961
17758904
835298557
309931344
403586502
493045566
68269765
2374632642
414751406
1592322174
23922362
402072377
1419099396
296551973
393680893
513506983
1662485388
303796041
468191884
9689662
91770152
46131923
40042798
1074984998
496286459
532584124
2272892252
16649758
1854335850
35796774
23995096
21751830
587765631
57562374
454380059
73845366
38459380
27648004
92554791
621543
17093617
139173680
279808566
512442120
20517668
500370398
92922376
285622842
21934849
15859033
53898393
32463503
224016566
17925200
30284896
16950279
61533120
21885413
41799537
407008173
15984512
412933559
407624682
19596228
407730106
407766714
111305843
407068486
157934493
407737796
144626914
22487375
99149656
86626845
57926717
87715935
16949344
140427956
53039176
205847300
44418062
397912882
347276297
107391777
26832834
342710270
114454045
94509573
64354305
15134240
403530978
199226563
38489678
25950355
14243046
27013292
14499829
10215212
85555796
83809282
81886481
22149727
105242077
21572529
16385645
71210524
15862891
36066745
246348124
