425766526
109734040
38449898
2524784408
3315292521
335202301
760372686
406144543
410064601
339367196
204970573
189070299
360863814
868336674
186321788
211564348
563767238
175505707
186272170
86455440
1651161342
16683739
2501814517
1386694746
3765814094
2331998272
927307088
2438424746
3694182921
928719404
3653983937
3697202656
139431273
2777892867
379388778
2438215248
3430568176
58795608
3188961344
2156846173
3145273889
2511383161
386682375
1513740301
568757967
3260839067
331989161
1415408598
341849526
3407922261
2411504556
1317532951
1242189222
1534615651
156140673
412933559
2469808244
2572969597
2881260575
1135490419
2644966361
2717130996
3307942121
1538879329
124023833
2540207610
2620948269
2431149756
1367039168
3237730967
2437569366
2906696878
239101324
2925604533
1173828775
1470969194
2821239209
2444114094
780392432
136322338
2571948419
2985750525
1421713165
2862259037
35441319
611967979
1245903163
336094461
1629864740
483340059
5402392
2584082934
1896095874
212977282
2822374248
206255645
2848971617
74974943
1194033295
163942475
778252922
1594421562
192192187
456963719
724199215
124649482
307279484
911097578
450951775
577324440
1585469030
2476076744
350424151
1506348020
2282133600
2507886534
2537535047
422529518
184405393
1439269771
245959973
263478063
258437760
759405823
2308950428
1379665328
1629664050
1280614814
2264008356
854318378
19658826
481427813
2229735236
303036749
2157122743
1435542788
2240829066
2242009830
2168611400
14647570
1641148586
752435047
1407806580
17593700
41561657
1383827202
64480849
1179278989
176902862
86626845
81604092
1357021328
252994100
32949808
1355525562
985825814
1346539087
574571769
846788702
257071168
1436611
292801920
1066095740
587906845
243154137
468529910
810530868
298660200
195374864
240774855
10012402
219526775
137819696
419529038
889806716
590201256
721375975
58812219
219808756
309162907
282506315
710279640
398172006
278672108
229624419
813688280
729989593
563745197
317833272
460722772
398909521
715140152
536354436
767477616
24847288
756869281
154302704
486350240
296543469
19028916
471685605
364064865
182438898
366372646
4236301
170779974
83337444
31035336
75068501
191805580
532214911
79793671
546130414
595239372
112618501
703781905
45560583
569443047
407624682
618027551
223261322
619908594
299871905
575976709
32706948
36455168
25950355
69625779
405124005
18507199
274789447
575855467
31501581
42551531
425146617
49273894
84735932
380665373
47100047
414752636
39896810
28567809
70615294
48801117
508210384
487375201
633113
465043192
307255207
26832834
440256986
16700029
504234204
45104473
503226456
88089955
370744489
13146322
487833518
369428566
397477149
21394871
194867313
470780379
66042775
62487390
47619111
183011187
345255959
376680372
272785838
151033351
58820180
19256096
284508936
71210524
174740894
95405884
326963933
397912882
11274452
426524894
344265555
284112256
96994334
621543
27295244
27013292
347276297
109306356
15134240
57250389
114455333
87756857
127532632
16406706
21319494
20187065
26747051
44614314
20342875
53023494
111305843
91312237
87715935
199644880
18048466
250137376
103058867
27122310
106008412
64674223
403530978
407644381
407737796
407766714
407068486
246348124
199226563
144626914
15862891
221524756
