3445189401
3061255931
82898546
3088827892
2821239209
3144159117
2993994029
2444052414
318258698
262603748
21185158
16294897
23783700
26560483
80867038
299816010
482117342
21437654
522150871
66474084
1134396140
64353992
268470247
144972081
148815591
224631899
1307614093
1080753187
114454045
350424151
627406713
475296846
16649758
94509573
263768986
107391777
18048466
250137376
135989360
29328707
14647570
200219772
64354305
342710270
454952766
26748889
23575322
26832834
20982118
71210524
36066745
44418062
67283363
199226563
87715935
25327370
111305843
206255645
246348124
248742334
163844242
260685403
264399952
209716736
347276297
407068486
397912882
407730106
407644381
407624682
403530978
407737796
407766714
412933559
468927016
15862891
