4118887455
230930518
14286491
3971729007
177005581
2244469219
3178131275
600029236
2312333412
9325082
27687783
3517625301
299105727
22790881
2613606518
2239884889
2831600607
17944633
578082150
148931643
1473759714
1449120198
2219841242
216776631
137404743
15496407
3318353206
195123428
3313905123
2388371658
3024665298
22887113
47014253
15275361
932194417
67808876
1158733934
15092452
74599038
279162165
166948921
3180033032
547826546
3224597127
30198750
15394533
3187856878
2251623492
15859033
2313751399
9963832
2854902001
21242028
214653213
2282943410
15969329
279589208
1938608077
1671296839
1450531
2252866284
388850360
107037417
2229217944
2788511870
157449978
2980978879
1472866045
502151289
241435654
20156547
2557915058
113740810
2217099931
1415678594
2905277492
490056323
1613604966
2562724922
2768055348
2375288959
176089416
2802474784
143275672
2802558480
76515242
25743783
1224149179
277201447
24228154
32136255
12035282
1097361890
22964911
14650130
361326082
299825874
149706579
10180222
15154811
2198363088
163421334
48339714
169249504
925824896
1565839604
1316023094
45373841
71210524
2529971
39282190
15626406
52381876
143086518
16276553
1286506417
21942174
1237502864
2370961154
296644509
370879693
571215429
782615960
31936449
2360
2164225381
177729631
2315551122
551992939
1571270053
2178012643
35304791
250722404
95685725
2200740553
627683742
43848067
562328466
897724171
19668775
2165843324
164574148
8266782
295459002
26534249
218892908
405033226
37732219
492806249
2148517157
388683808
548556779
74158062
1949299478
768562657
765548
340435374
7258242
1519183848
16640235
1849230415
952337156
325719227
473561045
962997733
14165170
15823641
380205172
46498656
352947624
562817107
107174526
6215712
171221404
101806923
27924685
391408747
16939942
1414130274
260762072
1235031679
1569844015
215999377
18476766
364488011
41215558
235893096
700118168
4255361
25160944
91951516
570574417
104532552
713648564
169344116
131999950
539092409
59518694
776097036
314758565
82985064
14897792
184238046
575655913
37106976
580411725
86626845
397291963
28915542
716639143
230944453
385967664
11317392
25819761
10834752
551085238
14151263
85906238
483388203
256793538
759485071
17563527
318053222
116867280
330101315
59221014
226041293
116877838
495334428
228586748
19416598
137836269
370437941
19843630
233860875
376585264
577178402
565545064
778427430
14245811
5762302
44438256
237409428
250121453
32624460
14491507
199737585
17047208
938350616
48306404
149603731
56564230
36814136
384182912
635123740
835828592
16174754
46300208
82336717
25166438
48160604
29726578
212299083
17221246
39048106
135285451
45923583
262365030
183548902
293116923
226691837
325138382
374378875
146978606
223560830
200634860
543876839
16629477
