2352700740
333257318
3164762335
3186534415
333765555
125893012
3799889232
40221354
29597746
3000185672
29156350
22544940
3225783883
2882277423
114857580
3300312112
3425146378
3225332998
1541432412
3369018207
3397058249
111582458
2910350817
3038666106
37435983
19096042
26677508
27031193
19143163
84034702
2898555751
1318408266
49413866
553919830
3063860358
233488148
2223259250
47719384
538342587
140781979
3290156986
2154127088
257350479
52133120
243111667
20441966
3222478397
3246920908
2846312641
1246039825
204297410
2246635431
2319375978
2897127418
3024611718
1865237078
765548
304803184
28624682
2694929012
3032245677
2878784774
2903173148
772131308
16471432
29170184
2910694077
2306579816
58756672
14870565
25070192
67481280
68080192
19645781
15957183
2779075897
17780580
149603731
2730729661
517495068
280332783
2889117595
276259528
1966559934
41974909
2327429660
99984805
605350698
635567256
2564557908
21471194
56713067
1727942791
57833122
14442766
2360650908
14075844
57371866
1978306460
1958460900
331443376
2462509141
2352296922
29024460
1521713239
19843630
237727723
260685403
2789658608
13918022
1246397209
17425484
39282190
904837675
602355836
427337089
2611696669
1091109457
427330274
49344076
349963
2857465812
2375288959
223934260
280732810
2561821674
262935568
492806249
132520269
21301110
55388565
46300208
118266357
20126211
2288970024
57592092
851068448
2800364413
412014508
2813928786
240094239
246959615
1389016418
22911650
427822284
518227085
110751834
262365030
1241433806
2487853952
1679221747
2731730809
404442001
276867701
30960988
287603502
848504214
2750602934
237650650
24096463
929413796
118133101
2682005035
402329901
24961156
517037826
862100563
2471819912
18585425
1097361890
18346654
29538964
21218502
42864984
28445013
928099818
413388693
901885316
82608153
440256951
273578767
261515114
20956102
599278746
578653038
931450722
14364665
14995199
132594097
144738419
2727638732
841497890
8779352
47393723
2576175325
1023096199
2542013334
565848656
2436242671
244204686
2732639582
1513023296
57190437
21170415
2737160604
1649868715
289107682
191475413
854581958
211092754
48966898
575555115
25238964
2730329486
2718507858
2342923129
1057715900
324158483
254318934
587974048
17383073
230944453
309043147
36272124
308596147
326623626
617243
2704427049
14632640
755419584
2643817689
2432526198
201320266
115730468
22394209
96102210
19282539
2411534096
555061019
2241373626
113112026
7559192
2645602164
2330941378
433559451
486989690
355032358
576332699
1969176980
18876718
2241108109
2191289347
25841927
113493156
584328028
47010071
16143105
101013718
26710373
2216245224
1588854877
2248654590
2727881812
19178857
41358714
47555939
229826979
16084102
17631078
17006342
18979543
26089718
386218642
2668265779
472216480
200415247
40234732
2162905592
4339911
18925120
264124770
143197395
778427430
109840044
85906238
390368948
222085939
40264423
1522181906
1479412992
1655660431
2284939393
156162127
376019079
28207281
2517897888
2230712125
2177238678
78990275
1672202335
54510506
1851668641
47336791
96399313
241885262
2542444369
302597866
466206777
2258209074
2423378959
27528533
12929402
874406588
2258772237
235893096
1431747402
19409313
90839312
1443614718
2510043457
40848717
2514174920
730299967
257343500
1520105341
148815591
500611549
2390403673
2473327370
390266289
2178012643
1655507089
48339714
53361049
575932743
71124551
2477512142
446947384
338523082
20421249
16663578
18518775
24974525
401790901
541520278
529064533
346921012
56407807
2412311131
2402497014
2225547723
1684318686
297152344
432482875
20410263
10264542
2370961154
711416845
352947624
245520753
1655175464
2347948098
481578520
2246304439
456643477
44348435
2341117062
1082860669
372022838
435885077
2301970598
1398876810
377926477
21285557
407254802
2191109263
2274947982
38633165
59396308
43060619
19948426
528007904
1361902236
569768567
2165843324
31936449
24167460
1607703990
41109816
54509781
2154290959
103349740
1344163538
327016927
1959469590
18838624
588041135
563537199
225930950
250017998
17412263
501801749
67304620
1093894680
41541697
8568202
88914175
20559705
182349077
69571675
36932802
198150177
1949299478
176089416
1961878111
716047344
50014224
391271904
243479125
43848067
127305588
262889468
1855872991
897921452
361598019
768562657
1077802308
425539276
1305903654
1600019719
224631899
204877909
1578999438
169633285
1547838528
569734172
343018077
215244619
245682624
384337198
163812567
21644486
297299113
42558652
821337379
575832877
492248801
713865349
713192172
620586403
330101315
1237672166
1430125854
597569837
763520892
1332366541
1205345400
23184591
905109390
1330457336
374955126
459051397
19772938
373082305
293221790
265667141
259119526
127277969
272593403
635123740
742043533
385885734
192275805
86292908
320210499
1061929410
1186694916
62183077
28106138
835369742
42882468
128411498
42589739
174083824
27996451
266362220
921006938
216597213
486300066
21909506
318053222
782615960
56674715
426470160
17793440
75807477
1160336282
937783134
891231048
41150196
211318951
549771408
16939942
555580799
68253747
278446404
539038863
495517322
20658841
267815003
64003841
713648564
21987362
46487786
38892114
915329238
45912288
23576240
121777206
1077821875
1073534186
888992125
384182912
599670352
67018459
293110255
32845955
20361904
969763171
73870184
190126197
26508367
198350602
14229400
25671405
433491442
297727732
453495437
32340834
490056323
525909287
14789582
856471832
50933459
38986663
505179875
109043492
748632324
326453785
30721392
28788786
291085537
514806103
136532538
628293753
228015307
454724555
107174526
397552950
20478716
46247561
69471969
68843033
31088181
465945847
479669862
577178402
15084702
380816062
143629076
361145171
397291963
405033226
118425662
228586748
93655345
473622174
487833518
41215558
235105244
14267832
48618497
46342393
45373841
12286942
22462234
398643536
543819954
258947612
23682830
407778455
356006601
22753831
16734909
19416598
365895730
200634860
25950355
303412834
142474747
16174754
386869663
86626845
112315954
16172894
1248601
333884287
145980840
385276586
459282267
41561657
162003169
385486579
112571022
36412963
278295168
135691326
266304760
117671688
15060148
34552656
74599038
67003972
208543176
263768986
226691837
161078090
212299083
176024190
385063863
56673848
39568996
385581974
39694489
365711556
103541806
142955142
127145128
76887454
96111619
146321437
17061155
164353656
216793572
267305037
136325501
45001035
22353109
149736177
208988759
255163970
202968305
269700525
183548902
95610582
210672830
71291461
123858892
229598367
111020569
15846427
35306978
117064656
14000542
56564230
16555822
44418062
62862144
20410279
17278322
110710336
7079752
26832834
123582098
130241862
21744308
52180583
26714376
127910801
137836269
115039678
171713986
164701349
82336717
15353955
71210524
112017535
29726578
43312551
2384071
34222024
23962312
19313995
30860604
20609518
36814136
50393960
11107192
37732219
59221014
62658528
20971256
14738561
12819112
19837528
46145761
32615991
14897792
15862891
15154811
16629477
7973282
15217299
21237486
21857603
7849822
