341832630
214099847
3178131275
292280780
255717295
39694489
29812651
164353656
95685725
2233451359
3316179578
865926956
14186089
2811770483
3045094519
61020364
1415678594
125749686
3395753175
3645954988
146978606
17952363
834928597
27924685
441475827
322168064
2467226497
102505747
58840765
3373822103
2480103232
95245460
990904392
3327102388
223529798
86626845
1411663369
313939160
16649473
933330985
547826546
16754078
18328820
2991704282
723192164
16632670
467905151
2959535091
1128132072
558148770
96634956
33205236
2975044153
146250987
1365580770
1053724531
152722527
460726136
177729631
575852195
256793538
1676433602
329441556
1250165227
1170480176
1571270053
2375288959
1638627776
1421082818
2802558480
34540379
47052852
1884202068
2557915058
2752268657
361326082
14897792
132594097
2735207551
1217132137
2232063890
134545154
2583382082
25070192
518184679
2361413906
43593
1349576220
74848655
443025454
152862026
69123273
2678236062
143266238
218892908
2269298755
107473431
2562724922
1542662550
998407880
763329097
250121453
154608739
50057127
333884287
1253721834
160960437
248269543
359532617
212507668
382945026
1227885888
779130031
26817726
312169147
1512144536
1630583792
20374729
217963801
806393046
2218999273
1938608077
2255333876
589975555
21285557
2285471886
2316672848
20850321
405934064
566226913
299245392
29866761
155848569
2386974907
1687831542
48020669
195123437
814568558
462472862
145980840
2255222340
2170742250
2426899684
2474452219
48339714
2311532246
2530913857
2419710651
19984919
48802212
2319375978
466350909
1249726687
757679334
2602846615
470855042
2649955051
2652757752
15171070
91368841
2651169452
2561407350
26000397
1237502864
1499925510
2613859267
1580535385
2285597287
2313751399
1522445748
1472866045
1370684718
1856268535
32624460
17793165
18165275
576794667
1519183848
22353109
104532552
1213590199
2147766068
46145761
1101850231
235261861
69133574
10264542
195123428
243224758
131144285
941766942
10180222
2178911414
2165843324
632538212
300699873
242955648
43848067
230944453
45923583
59257007
19668775
1414130274
31936449
137683439
223560830
71210524
1879674031
492806249
370437941
176089416
273578767
115039678
392801269
2165734609
168190069
1713784506
311272311
1676175931
19409313
466062053
11317392
20361904
37732219
579299426
279418921
77829137
814824506
19920464
62183077
9618642
385276586
41215558
7079752
15154811
14324284
196877476
148117155
486919754
425539276
88764812
198350602
331202983
41150196
317216139
183661891
71314474
16017475
183548902
47983577
1565839604
18683406
802400539
388261996
157449978
439281831
577457993
330101315
479669862
443885191
562817107
293116923
937783134
952337156
19534829
1097361890
575655913
1019670308
1158733934
20444825
580411725
563126149
220139885
291824300
782615960
318053222
575932743
388345704
226691837
561297215
52584039
262817233
14085070
320268880
39282190
320210499
56135094
1483869684
1479893322
262365030
45373841
856471832
52010875
235893096
19837528
1286506417
295344317
334263857
55375337
59221014
59307520
495517322
124237063
19313995
82336717
19843630
17047208
577178402
1435461
16122379
9780512
16939942
17251787
490056323
25166438
93038048
69914884
17402097
493533362
12286942
14738561
14441838
768562657
713648564
543876839
314758565
16629477
21237486
212299083
19416598
91951516
