502151289
149706579
31089798
38489678
25950355
27013292
931450722
313939160
912617426
2480103232
25070192
20361904
3230913152
2980458689
3034214643
110890208
2821239209
107391777
601697103
2557915058
1676175931
320268880
37409635
632538212
14441838
2230080559
1286506417
1134396140
635123740
39282190
20746400
49421719
2375288959
22750673
124237063
115132543
58235603
93655345
32361431
28628202
2352296922
1241433806
115010550
1019670308
2370961154
273578767
52584039
1518036960
302899238
296391169
15639858
14625547
9237012
115395687
760065560
18608758
31936449
144972081
230944453
293116923
11824072
12286942
296644509
226691837
402875257
1307614093
390721007
137836269
1959469590
176089416
23576240
407766714
407737796
407644381
403530978
407730106
397912882
495517322
107174526
56593116
19668775
43848067
2395444820
107986772
856471832
713648564
39351968
14953097
206255645
897684764
143086518
479447652
318053222
213012200
1472866045
17089636
768562657
200634860
556992335
111331599
1080753187
176024190
8539242
543876839
309043147
16174754
15808647
123582098
136325501
256793538
173835882
245682624
274030199
427062492
292251001
437588769
269700525
46145761
210672830
35306978
36814136
21423021
112017535
32615991
320210499
380816062
50014224
56685979
130241862
23962312
46300208
7973282
67003972
59221014
67713333
14897792
19843630
15154811
19416598
546017714
183548902
339213186
131999950
250137376
26748889
14738561
65134016
439281831
342710270
487833518
224693224
407068486
374426116
208988759
264399952
135989360
418725314
27468198
314758565
86539401
46485024
137139925
262365030
87569989
21218554
17221246
223560830
125680195
47983577
388345704
325138382
414090990
16649758
420574055
144626914
1435461
8170292
412933559
199226563
263768986
407624682
19530134
29726578
67304620
347276297
40846478
29024460
212299083
14711491
172280127
116877838
14267832
22462234
18089292
82212340
119401334
16465385
22081607
167057702
23602600
15987295
19657120
17047208
14973943
19965811
20750406
246348124
82336717
180273692
45373841
91951516
177005581
125614071
86626845
127910801
21242028
25749131
171116829
12819112
145618946
171221404
102630522
15496407
19704268
32372834
175691292
33249457
34222024
118690641
44098174
15480686
20523099
16629477
32441895
621543
621573
6705042
111305843
26832834
21581503
87715935
44418062
36066745
100068931
21237486
115039678
53023494
28567809
19837528
15862891
