4169882413
23492955
21129105
50366577
767131351
3151972976
116969334
3034949814
168324287
2828452753
888196670
276181652
3139425182
294841701
1423050847
3171007796
585203948
372631688
216594244
237828331
3160363506
3159557124
148979510
1117313910
51936744
132355702
481558004
194380555
909565304
2148304566
29092285
200764721
2395259232
26250653
3111865006
1239450259
339063439
1668984644
3098144550
231956931
2865577356
3033161995
53073703
2419776306
2715084775
140415198
2506881328
25177249
3028736995
1495600579
46043973
1098772598
3022912476
3033371874
1214550300
3010975632
2999552070
563085032
3016165023
2994068293
230248552
348793770
1858977511
2981483645
342752852
820401331
2336729797
282374415
413469584
887490692
2988713933
355361516
594934731
493453877
1023911978
57757358
2984856920
18225367
22603614
234103542
1270464522
557435512
36002088
11929572
2751117517
575501030
2356886892
971547314
2752926418
59455379
775048279
2903060119
1007913314
121172197
1064540462
64838432
2918190480
450660890
134890774
263968641
141610848
168538462
2839054267
101986765
125364868
230286871
108483304
70150621
1390802047
152327312
112058307
1614238466
51659625
50176199
65956525
153072191
27157186
112338611
208900033
112865228
194281091
213059762
360856626
58562120
727784258
379429395
334876063
76191395
55018980
49517307
219041768
636470493
339741587
356269725
20373601
225954012
514994943
2864181788
1482608713
357113401
592436729
330983267
100169610
2345767754
29306270
49715835
41722119
93273645
526591394
2882818543
2566213556
2179475466
28474031
490619626
860627251
396931777
713659220
2423376488
199798702
451006073
433203844
271249980
2817802069
336156637
2191780974
2837643903
111504126
43996114
2790915025
606306466
351962294
495606967
443910660
2810291131
2294628337
164745153
427928130
51180670
1472322175
2831266788
370475293
51798250
316438899
2800716239
332312972
237612289
201866925
169750185
367529492
368102705
39112911
2789005052
2837107177
261907447
739134896
2752922838
296050618
2810558558
81270312
2817711854
232439553
325573413
233401055
1005407820
2829363776
272652500
176632447
151544950
314805934
1125884840
529158764
2337737642
2158976743
57158166
1700536873
58834517
155580901
584384512
156050029
353122431
34493456
974325452
2809602332
355830788
304141180
928304767
567803753
2802932761
176828029
233058215
49519921
751808809
735638095
168347358
2765224220
2755764715
2278364690
251161617
161483651
189567180
306393177
22785359
122188397
2792788356
22073539
1694791970
369846769
205995100
304745334
527914900
265018648
343798109
2789090612
49037825
2457229604
270090370
68249365
296507884
264955212
24949909
2776992450
438490219
2416012664
401669449
2244376916
25338599
2777251284
778905373
101390011
475416689
554048480
1262548026
239944105
195959862
56302061
235772397
438807449
323014442
141668582
331784912
2462433571
346255928
420066395
315324844
312200805
395553138
2654824645
2732150336
287782411
89801193
81192094
133585884
346889628
1586953957
2581531561
46972019
829622509
2732763633
1096466312
2281428842
582258455
295138092
1132870128
1352625871
160382956
2292801792
963459428
304115241
317406778
1024604154
885681901
320492369
305733618
2385834158
31037394
239479481
483136033
312178940
1945825699
548920133
197878674
553028576
289100501
341886548
39575581
246376146
38936629
56917791
189963852
164162091
251950387
2305002570
2595451020
203376042
2582931554
74031785
359097219
519667403
2541882512
280648207
283588211
2540250332
2518021285
629964120
86071205
161821299
857374382
554788932
216453181
90671918
390243643
61771699
44839846
55280046
332053718
513858832
49845781
292727697
235835403
67545254
2464919808
550626851
436397595
2460748231
169393263
128015563
2241187262
2209586262
265755363
336190256
60727162
311892324
1472221080
2408010764
30973774
398097450
31239012
348257104
1684533302
246580511
30576832
245078494
456270115
274732232
580129426
2400320804
2443407828
384500243
873952039
734062369
268999272
768257658
1896124603
268931135
2249821844
2198775223
226022973
384568045
125383306
2347332236
101418463
193730412
574772067
2247765384
192762554
494641244
232608679
2437676341
173008706
158249632
2222022738
1120704150
61637797
2424405384
2420557560
2422235436
23007505
1499625282
236726946
432039450
362862324
2398706556
2397215438
1710289008
395878708
2147778114
2389628443
239184823
2385659659
271404521
939831944
61978248
2384219168
459074791
272587351
29381568
2379331700
50257662
615214895
33198711
1713659070
64492767
181537036
1877562516
2366452458
99676408
290752518
2368795513
283217205
23620660
15263458
35966135
2344060050
70866969
73012669
280785363
240669161
2353438952
52561984
25637469
114363785
259316646
173534535
328176797
259748646
2347249628
1486285556
29217338
22990363
61886532
43251062
311412126
250494953
361906705
351778389
709958761
172093539
467666569
340371780
109346200
562491819
335105271
246090881
328735866
123654963
478136900
17417739
15533253
9328572
69919939
2300844996
325650454
228825349
1348162122
2242861458
48017578
228303687
456267051
74895459
353763139
1199518615
392426773
86442520
357264084
58648984
364898318
211001454
300613595
118926468
157066213
297044857
387479490
99010053
46045435
35105906
15432175
289552805
133077361
175308390
194204409
1271833398
1534433268
328719577
231528333
278860394
246557183
52213674
235355946
160970765
296555924
580287113
31575905
36623548
121609677
133106387
17639003
165636646
44247040
1838116128
340505486
30502028
155815879
1957936130
256309718
16161563
239632800
137534295
519091454
227136117
1560826698
29891339
242057309
244267815
320140594
61061505
229170863
318076758
305133680
574978267
908274967
530906636
769728823
1898294185
550659518
16856730
48932955
1362960228
808152247
1684496354
338938921
195976676
185046615
273744153
320374970
166020284
364461388
356540335
152900273
187035586
243944274
314983935
1235861022
360846581
1653459445
282259229
1444094413
829847863
1531994442
238212797
1049053950
1686460650
347669208
259331569
301196861
492620236
1832752303
92629845
80793603
35840386
298874849
75077661
304514392
1691922258
1429005866
1527941114
113685351
208204962
74948825
73544251
137539362
181205234
552344569
94952824
181107680
22881234
46047011
465224794
343402801
103375028
372096799
73181245
361495911
9998602
1654310594
401219044
322169651
270163457
39613850
186180317
1581770858
612241759
69377495
917136926
492890541
1477992666
196274873
551278206
1465837093
437909479
1377322334
275177684
372980401
413690626
312341324
550599577
624382393
186235068
151342304
278390891
67539981
183739478
26551794
32431082
33348061
78514771
372647816
395605546
518851148
257521601
316574800
324685748
15441117
177094158
59350979
994110266
631397010
157871018
458842653
118780032
28496774
1126593422
135284373
279760489
458809389
43342160
260013244
50901761
138767605
27311512
188169847
99624960
106758749
185022192
172802441
238746852
58138023
213746739
567813931
40799666
279659890
189594846
149782037
877088743
361005837
74807570
176841132
875785344
875041652
60467267
869115367
231971353
35672364
32450630
317545272
372439099
255731724
553850746
580577882
242163835
188357385
123422075
335188751
208399923
364574960
474262244
820329949
176509466
295421604
505433255
27945095
392918965
823942062
30091322
256333510
193867537
788149003
197504855
168947271
344875929
59962307
40392794
241454744
470619505
259463620
40899547
579548386
467950824
59663145
289173887
524927071
293601789
27625660
350678261
332897809
381669726
52979280
187788427
82529621
335710686
343101407
284170362
557003743
360395545
36820943
61028019
41409807
608591083
297377033
240797113
577297123
208815443
758464555
109629533
264910796
143976080
315492176
64618533
27692211
62625509
27735235
225955223
136354381
109652571
42984742
273231966
52633745
21705478
78114017
302272670
245662126
378857302
295446958
211733120
228178028
397002438
328157848
102896055
277768846
27374821
62634914
265600535
306338872
113537145
379401591
50210792
385866013
153546158
74276512
33602170
126354972
344365481
293290848
246444330
244972432
134208542
383324784
298829093
365877618
432296422
24201493
326299320
422333665
16692555
214986812
69997983
79576569
205428550
364076523
240106504
519723117
544543595
467082979
550522743
93267951
361609906
389815614
157462218
95346455
153877429
322655538
56702869
98266993
310535008
30248029
109475168
396185183
208755112
15082140
250015879
115446862
370267209
385235767
18441618
187650418
315214853
34844073
248367287
17723320
133139867
70255732
87517577
21269406
282676879
26514376
218215534
258589736
308339548
243236975
355025858
70490179
230342336
362613044
124239726
246628082
319970762
262317958
291360497
213288726
334935557
34710791
243755252
152431696
105643941
128014363
50480741
221987674
76978724
104954632
25380210
73822695
178432523
256805337
280398214
176325829
211760667
247349541
19348838
193801732
273575154
190135336
237131195
25799233
258957546
63664021
242209724
241445667
41221738
140568560
67118210
23843977
95565788
47767785
26673449
110590347
24408991
222991328
197466617
244709059
33074803
156106888
101960616
123095896
183064381
239934704
201962052
179337335
99989615
81678006
101883285
21425125
104323639
112067373
68818123
97092455
65482615
55296677
136067056
116319063
46496307
105432685
64888207
32594329
20020892
122902097
179776181
94648681
125850543
201899306
164530869
109063335
24312476
39172636
30768856
183734152
183651257
79325084
20405840
58067402
129071259
108403705
107282133
39638640
178993323
95990032
110326489
66861048
73672153
41020135
186979946
198956632
118850302
101663882
34838948
92190226
90297499
101124564
104528313
107875170
98422143
26195128
110353002
77120925
99331704
94675983
100655701
33423357
30138120
143324554
112948569
78181157
35916789
74457329
94484016
106504213
28182444
168389676
116852708
82454030
66851814
71341095
62887462
87298612
100064141
110354445
27470615
85894642
110496961
87786657
96924993
94484205
72569803
102109620
88208035
31456546
19348907
31336790
42953620
43847630
35814486
22203223
31325338
35497392
65822007
53593498
45780524
35996876
31594299
24985744
71262995
65805143
24741698
23280546
54521713
69096864
25215416
34744676
35096556
38868752
25888697
24757282
30526490
21958973
20528192
33971725
71874655
26184972
20459685
30583491
23549902
19978902
27941961
30994443
25796593
25920863
32962500
25195915
56796278
25784470
24645643
26189272
15879589
29879285
20652571
65466696
23888606
30151397
55504557
24922065
25195671
36475585
