804105624
25073877
27500372
3940281513
1295996592
3432359177
303268096
252761750
364672284
3319985550
875998886
281031538
3205627360
3431585662
9618642
3316179578
106580083
14453107
2441878111
3319162469
224747050
23425713
1532007926
2679408097
2429454188
169001338
15890585
455989075
3327102388
1852409701
467905151
65045121
2238930481
461827669
1677127723
185306056
404442001
215513229
3290156986
1608070021
2882277423
1314017694
3246920908
3248883940
66770341
136004952
501825960
1323340710
2444351
20361904
20478716
24494633
32588979
2656601671
160952087
44578328
39097794
3191140198
78433570
2864112237
730673504
20642267
960727483
3154017569
726514770
2382053336
1956824509
2981923861
143629076
74110421
147114063
15197775
16642108
23237339
3138304637
2309595541
22419487
12044602
19141076
403116484
59222022
284410889
18243284
214477960
125695429
14421900
2493407430
228586748
121684992
2443051
157449978
2208259747
2319494660
33277722
3032245677
3014427674
2426899684
595272403
3034214643
256105205
2248909892
2396596650
16595229
1477312464
2811770483
1915012974
3037080759
1346797838
760065560
748018813
297471236
224896427
34145784
25734277
2950577576
302597866
457788235
502260990
194257799
2950741222
15201021
112999186
2766468809
58181291
2671591
2360650908
4473931
2398356840
2704857546
151505243
27320089
397291963
2723713757
1679260675
1253721834
2821563630
1170480176
2419710651
308375145
566226913
17047208
86948875
347194490
354300174
14165662
88764812
138452072
87915341
47414032
387276680
848504214
331443376
1266281
2916065839
19676294
562817107
81375076
194456924
2315330924
650543
2829966844
537010391
19348319
254993811
890744342
2786420049
317422794
2896971673
1276883383
2482475912
237409428
1613604966
740109097
2666046889
208442526
550342513
133880286
817500956
786822457
2842686413
2893154484
177729631
885850200
187283701
95685725
26000397
2602846615
14324284
2841991235
190734647
224704392
274682508
31014783
229711796
2806400508
2845695101
2727638732
47983577
47929214
1900944043
320404737
2233451359
14935412
151772758
2436181867
5762302
136757859
338407260
2768055348
1703856740
558446365
2375288959
49042836
2307486773
319789805
2401166844
239444226
11778092
309909647
50933459
1382326706
105529826
60835015
19313995
105075809
2255333876
29600755
518227085
2828658528
227361142
114142293
2331175003
291559186
1856268535
925824896
1158733934
2285471886
553919830
33867913
236786367
1234176577
41926530
1385612588
19420947
243597522
58768792
2802558480
93038048
1931754386
2800364413
281480151
161044929
497290210
17336372
891548778
2752268657
19654724
198584761
2751810807
558148770
2530913857
361326082
2678236062
53514472
1439661253
2357007240
429169198
56768257
22171156
2587401828
306154044
2477512142
154608739
281062374
39259078
581076102
19984919
2246220103
16227629
792513332
2651296184
26269076
19843630
2706072331
792822860
18726824
302535340
2712639604
105322066
2562724922
265890915
409154376
1542662550
100480169
278487029
128216887
155848569
1474540176
1286506417
794631618
493887226
2557915058
2547169184
296300255
731244888
326453785
985532288
2515060992
33604444
2243103480
2487853952
48339714
358862836
91951516
493533362
575932743
2352296922
267936512
2463458419
1053724531
1425644274
773450
23108848
1421082818
21423021
547071935
185402175
1205869861
165413008
579299426
376019079
1304259158
1291199636
6074952
251007206
494508400
15948437
582872181
528664069
28994991
500073135
421851249
331202983
440256951
266483128
145980840
2230002997
2223120637
1101302814
38892114
594643753
902608980
80015287
2402497014
2319375978
785764172
1514480461
91181624
32546966
6026352
306988639
40241541
2377328995
20779255
602317143
4816
19108922
625733568
11388132
39906381
43848067
176089416
26635279
188423774
2370961154
355032358
251312236
2361381001
22021978
123169285
16806380
887680562
370879693
299245392
19230701
857331655
116877838
165751336
2342928961
16188864
1443614718
16079276
2246304439
805357602
857177724
2315551122
14253069
270451177
449588356
240286563
910094054
17340546
562495967
18098930
1437690446
2293403046
716774309
41582030
1671296839
325126593
24167460
33279328
411436304
23443984
106431823
23190207
74265849
1727453592
253536357
424429106
21345682
411012219
130927428
1135230762
27924685
131999950
245654697
283696216
382945026
526226529
1938608077
1172059417
342904778
578653038
1522181906
1130816983
531817241
2274947982
21285557
31418161
1571270053
111020569
82336717
575271177
937783134
365567794
255585256
37409635
49413866
17851886
263481851
373971136
1687831542
2190906684
998407880
1676175931
38978404
107037417
1250165227
17385903
580411725
1262137098
77907514
47722432
292633032
1400404514
295865792
384182912
2208746882
1562935142
420574055
564908382
1287041862
328321838
768197780
57076191
50393960
237845487
16602000
2191109263
1701945078
2190510558
44874400
1949132852
325719227
236414313
18530755
164661229
942748020
19360666
584020987
490056323
20716967
234059290
259772777
91368841
407725357
15496407
1289326033
878449728
1965594678
2171422756
466062053
568617623
807665305
2178911414
115494880
745320876
297440850
1571090821
296644509
1935966486
90430970
85114554
65634864
2164225381
1273447394
273578767
14073990
19658393
1132212080
344623767
235072498
16174754
2165843324
19534873
14868252
1506217806
1728408043
155230346
20426271
249163178
223669139
633035708
1967598764
716385318
15487158
99173786
1414130274
125115830
14043142
132594097
1949299478
1947072912
1259512471
12065492
14943974
404074942
29462444
146481375
218892908
1095702948
19920464
40870398
1325315828
27457788
854581958
600092202
52133120
22984851
84087313
1307159724
107174526
19668775
92744755
1418397342
229045433
95937547
18887526
539296619
231156049
31936449
226691837
5637652
565264651
334263857
248299958
46204987
130252927
57371866
1565839604
17905977
91333167
495517322
1230943206
1525586472
1435074373
29575969
1097361890
320268880
1324333908
19802879
15165493
8842302
17781165
632538212
21242028
17221246
138851483
1019670308
1201051748
623993618
52988966
199360809
62183077
8005492
118437554
116438547
1094922224
29739553
185910976
1120098811
56991190
814824506
815177160
925937306
412155260
414669705
1212672895
582098799
366686530
220791848
267168183
768562657
14844069
402875257
242358732
326047036
304510244
948206953
706757348
19767193
864381253
417885365
995109253
22478416
1289263501
235893096
15862891
77829137
415808347
439872623
436182619
7076492
291363481
291824300
157291189
293116923
1241433806
600288813
36342905
1222964702
14897792
991600273
143086518
25168865
59221014
39282190
80386571
45373841
561297215
23050147
88700464
199737585
266571909
511922852
636493935
110757740
20862478
298116944
1330457336
1376893698
128956175
635567256
398528660
226195230
53560219
20142273
14646678
617825073
35193684
45579282
88722311
20077270
2553151
17006157
1053431814
32453930
1229638309
44499813
51492686
575655913
575415519
19394186
1113838464
14441838
5715682
153814910
20850321
14576420
256793538
856834406
37004986
269700525
46300208
254791849
429885107
256193013
22849568
598371180
152786109
164353656
952411
18761643
17061155
187140649
216793572
1183041
1128132072
127305588
107225267
87223964
997629601
333884287
320210499
187890010
58756672
293110255
60632807
90839312
22128494
133483967
16669736
140071735
71291461
363210621
19697415
15143478
34222024
495498585
17881832
887721025
85906238
16939942
41150196
58235603
87686602
133239513
635123740
510749781
330101315
311294894
34018296
577178402
17251787
7431072
71210524
22353109
425539276
212299083
25166438
274388734
539339497
18061210
40221991
314758565
123858892
244655353
15473958
19416598
95245460
183548902
569734172
578473908
713648564
806393046
74599038
131170155
19409313
35304791
16629477
385276586
20198771
20155652
851234256
15699391
539563010
19350248
317109093
