13224032
16448963
46129068
18917594
415451420
24295482
31746745
15850297
16656350
63291287
23176276
28096105
138182116
33908800
27706099
317399128
226211833
151194749
53606937
17093617
1116554366
28585940
147725246
347472224
1616136948
17836882
106779916
332817280
18576537
1921317602
12577632
2412738884
539566673
2348565368
172072984
2359926157
374237792
2332354080
18740765
2448135692
2153632968
1472931361
263677167
1664731507
2330590446
60680268
28033140
163562132
1973358372
208155240
392754920
25990335
15993160
16097702
21268897
1901916354
104503831
350426737
279859950
14833496
1564967204
2229044521
14787713
16666909
1468278608
160946337
1023020557
18916432
247334603
306409624
312800783
1673676402
301786010
1920976124
66154072
8859482
23245909
26820275
488679352
17746914
15731368
546264775
21269694
1707369648
216881337
72458702
1074480192
481326300
18611256
56561449
383141095
9229732
17094323
13918492
9229672
16513416
15750898
69773058
11265832
193326110
68733267
27744185
534430531
22703645
29515247
281610530
1623700098
23016395
1487846678
17835794
1613693713
14884472
16589206
16076032
251105718
16183458
19455864
194233791
426877765
47722134
299416026
185472995
17091068
182121005
1329874646
342894187
51241574
14505838
2488541
95431448
628686168
34035494
731435059
8216772
31101965
1262861192
630719458
16187637
563107815
59822164
18873711
868228652
134571818
519819758
1093090866
570295074
252763542
28159768
143593327
186646579
36452050
330936649
227415465
27898198
885149478
902751408
227418209
44536683
254106507
50769180
191933368
43910187
114773910
835857204
833816436
59822471
166990746
23812401
252668016
16906530
263758909
20031296
71245831
313537605
733751245
213767250
110698436
763876920
56749157
18777618
474209192
172414996
112047805
507731256
167122787
542886134
194447068
21010214
26487169
195877797
71627462
444241808
486977414
486914138
486911734
486900479
9648652
191227452
130649891
409486555
287413569
18906561
50055701
451586190
15515169
246505331
334053327
44385628
262326533
66369181
18215973
21265075
28164923
43919633
18805644
21301913
188361020
171942092
129879105
272395158
233638131
171228400
22516671
15225578
194142912
14883401
21536398
248837329
342130924
41849174
16157855
7259302
10615232
20713061
20608910
16160352
15976697
2704951
17078632
26533227
24905240
76649729
18277655
90484508
196168350
65691824
131546062
84129740
76966145
20252855
48117116
15985455
37666984
25073877
18958999
58379000
16611084
118756393
193785644
197496309
15022633
237403203
47975734
22055226
294728278
20823648
18020081
939091
15808765
12044602
15416505
9508922
7713202
61220477
19553409
14669951
17061263
78408666
17220934
25589776
14293310
1344951
122207745
11611052
28175577
28135853
25376735
29458079
16032925
48029066
220081296
223970563
246503061
19394188
214620546
21308354
5357812
228747444
17454769
182824991
37764422
17469289
113420831
285712905
44177383
15846407
14159148
813286
280704663
12
266084180
20975060
21010253
128393253
25101996
42472972
18193009
19805496
25220741
19208825
158769098
25389194
54900089
22517990
46681100
19400611
48205983
68739089
1652541
131144091
246500501
6519522
27311044
125400908
234767974
16072676
207512107
18313747
28264799
14335880
27234253
18983793
14924233
29216764
18608514
20707966
112283476
14839147
58120509
111400999
191613738
3108351
9624742
18481050
66369206
16613128
15647676
107117835
204386512
110445334
23970102
56413858
161319475
169207084
171154131
169203819
107125748
16624180
19416225
57507026
107128390
107114063
7841652
14331688
18791763
16364399
28628850
65493023
22055109
68198046
62905050
16073043
33933259
30313925
16834046
41634520
25454410
15513604
18646108
31540671
16031927
