2382281364
508266370
65546555
45631740
17899109
17086434
41672221
12947512
14669377
14225711
6508722
346372831
151906032
2834063698
163579755
839611616
40892049
2369574824
19290107
339790344
1473539725
1074304272
2598021810
146099829
43398736
632311899
917223644
734799715
631403722
724225177
492477140
367702299
77852581
157046198
29754207
103366472
15300677
22739318
2469213410
13787352
23787554
68992968
339863728
1411171148
86697288
44783853
70837868
353463029
17076774
18935711
44906699
37091142
398796290
15754281
67358777
14606079
34713362
2467791
60955561
51241574
272483200
9300262
15911837
807095
14677919
785074928
15307378
455846672
571217550
86397287
19084210
36999418
122797092
339884025
36585157
460733887
569381138
586702082
440129269
749779938
191474286
19326413
1004623327
1032605204
415794540
47653316
860098982
101840065
121589335
25005585
80406071
629414812
16554193
781033309
781017996
238636119
229520097
21848948
25736876
32487170
89047314
15983400
61871970
264331473
18059920
15783012
15012486
19546277
111676568
15754124
12831882
18986310
313947667
227098769
30313925
15728875
277648669
18043103
112507018
106867042
18959163
120129735
6519522
23403390
205422136
15959918
323414599
15632107
29293808
129195215
122115243
543984714
303809732
582120985
590129964
249706161
19503958
245879011
19788151
23530607
78730236
413605906
429597950
216090780
207661898
117192893
19434284
284871224
369706639
179578127
29524605
271689669
16184358
46662943
19308725
49249620
153106114
113679847
17038854
304454834
28189646
22537898
50406985
259905453
51030548
39993780
19207623
50199066
22112848
45379301
16720406
33465086
20253822
347472160
219338500
23108314
268083503
18706682
347306782
116773412
48826136
121885117
111713301
111634618
104958552
109019941
145282258
46744695
111657457
113446867
111712499
239405953
242449393
266194750
243891996
96046315
115727344
117499643
113441514
34991792
201922674
17346434
16814180
5392522
17595100
263378149
15803400
1652561
1419581
19842742
237738528
195625300
19346065
26895588
39566332
46726692
18807641
33951198
130289115
130283709
93659129
253064762
282156374
221214710
15603826
114093411
33020554
239472362
115509878
196343635
75343364
20808984
108744907
72011049
190909934
175221531
221542598
194594133
28145993
135697227
202426153
232354760
236697641
19410802
38892429
244234455
21684306
15752781
143103301
44274705
37152881
100010307
17045616
201768618
234897821
22843846
20647960
129919761
210289885
22699768
203850076
243512056
20823430
203827600
28040554
284589616
102456248
224306180
27075394
17785914
18097588
241201438
149190911
242326240
23870670
121196607
15738530
28427451
23273490
44220757
259291966
31451473
21839574
42692935
34441549
17883520
14704866
16549045
19882992
18062556
15837650
19148249
17544116
32446175
35847728
28271731
29222736
18912225
27368923
22879254
24513683
24459344
16403365
22948345
17786474
17008011
17009992
19029411
20625475
14601227
15823691
15754538
15854099
14666783
18617546
18348565
17959747
15128768
19736842
22023849
19722703
37289770
44125756
18991646
100861617
18939584
19822322
249736632
237482455
217473207
216100752
35077549
22582096
22783783
19237250
23678777
18075736
18659784
18081855
23108984
17558269
21310954
15957417
117772063
18041963
112755616
31486812
113990679
190750728
10987882
28731066
19072668
22746324
33566984
41397208
86864211
91478624
72631996
191587334
15868796
185008148
130617778
247445863
6017542
2836421
100513386
17759430
21342874
18740229
19412160
1652541
186080761
47958903
234372171
25707034
28144343
17970296
52445773
148611832
19952656
221834444
45577402
36750236
100267731
201673956
36454047
14335586
143903650
105229288
23091897
4911591
28143425
168723831
15851480
15837379
101765841
15851411
29196754
42155888
108400881
63125746
14870952
120215812
84667637
16098340
72620854
14517373
52490958
35750871
15828665
14377870
91268882
176519312
46667972
73181712
55655935
14312391
94000180
82160097
