2976625727
16467567
180779476
2977849811
15450996
15051439
170291358
134162047
4001225541
19775641
23125257
16887628
139550237
33388399
117029568
325483190
2262623615
426116125
1463193979
3964865811
138141969
573918122
23243831
745600340
32356101
314754247
6059462
116808837
275574802
365549928
125294790
15672615
117483242
3574875675
3342929843
24234737
14074967
20392014
343417615
636918132
262725987
543443216
1464761186
406236077
271080643
18332190
3377137053
18622869
137288990
577889051
7669962
35702976
3422063771
66444037
19417492
455039820
17579431
27760317
15196454
204387576
178117805
18639738
130092487
1562935142
15774741
9535352
195826487
3224596479
148080540
947701357
22646133
3577149023
148653311
354911386
3307929149
117777690
260377391
2883969525
20000725
24188676
151427208
146412867
369995340
3426947590
480342247
17154865
309824548
370589204
297100174
14088214
3418927036
3256391997
482172186
14412533
2461075736
507306862
1881168794
18721034
14838579
14292150
861190364
23305501
3368353559
11749242
14691032
3008122042
152229607
1969630836
2797521996
31173665
3389454124
17993940
3068594637
125943165
810372954
484685321
605579679
19346439
233484761
247564142
21313678
336679485
356497043
99634342
370745985
1718678514
270459817
17820947
2384944496
620893984
38385999
8761432
68945867
82243
2451476942
1315644583
20562637
18938646
469509327
70499816
722347303
5120691
246220733
249760664
585466175
21326558
3235456663
65466158
10933452
172432205
98357151
997293914
244540519
55561796
3301743261
179670866
422184091
3043736266
121127090
253784731
186575267
120049976
114240158
18640094
21687414
105800463
3253904152
3176279903
1536791610
3250705197
383969490
128622412
20115839
2969760609
17685009
37072353
2603477264
19878055
176348732
243627457
278656915
119704541
611816381
129196329
109526528
72827013
48028191
20668369
2707352996
116910049
330854934
538078599
213688385
152311372
2565668196
44196397
410242058
800228755
159794077
19420212
271910803
14216436
166990746
14335880
10835772
22239898
191589140
3110800479
137295176
109338232
16045956
15731751
2979624538
27610463
2972133323
20094138
928473961
139118097
30864583
438251774
137466464
18083519
1516500126
1854016194
20135947
71627462
2687847924
32478527
3026476037
17546958
2800581040
733031324
633980404
213795411
218817724
175322763
2592985904
43328711
328576792
35760904
111005623
19000029
20357766
113047940
14461814
124690469
3019768474
594470164
51837775
18086993
108432404
20345379
70698180
2327654917
1447092108
16383142
19925839
2458402670
213683515
2158597844
2784159969
279642533
54256949
12455302
114467732
849880970
5943622
2650351980
76321695
57602189
193477384
2976132771
546060846
302576555
2890858606
192851158
19064312
17810978
380648579
139216005
781674
25468225
1050903901
18133874
2665422740
2791499260
82878406
106204123
83814679
2881186647
1565256427
941585384
2836185087
2887077099
1284146730
18960611
380326861
107390811
2679474337
2880947008
2570904078
72304671
9300262
271993135
10168082
17062849
1285858309
350341283
472431999
160597709
1181771305
51994153
24466578
17456747
4898091
645503
1201051748
338652121
118680576
1138106239
18233963
2814778367
28565356
21846652
99560384
1203970105
435202527
347863892
57042419
66774405
2831956616
19763232
106772155
34374472
2811694482
6642822
19934731
23579467
13939772
19525458
24758341
25654421
21420101
26014199
26498571
62513246
2779389582
13195972
15249629
1897897838
28978705
492285158
14730894
1215862682
810612289
49019906
26386045
554016159
14665825
255989481
1012955420
338280424
257890154
24350831
25053299
297425029
2347049341
61318348
6608702
2893971
25372760
816653
419710142
142998242
393950969
66492948
538487226
392111944
381112363
18446115
316348903
1964697812
2660755152
2182865641
256521438
31386980
457680395
154497759
227682918
2615279006
39102609
1240038204
19533512
19011697
29464437
417419122
351723025
175663423
591053151
424272003
28178127
874589102
66369248
460622522
275169171
28321706
29739553
15661356
169426475
2289974413
122662012
487763953
337262250
732796657
216122857
36974428
117428743
109586093
365557568
112037009
56379528
615578778
240202308
2173779986
189512552
405769757
17835068
137326569
28139873
138075752
1872202778
1273418768
35772626
891407869
162858993
472275912
19704854
1952008692
19030517
57730041
2363670413
18637268
211994193
224495471
2450624369
318420468
17024780
240756474
201038145
7454012
84549417
88059720
45806408
14252815
85590185
28776298
403761570
1234548564
92498317
47259873
326778162
366649434
249829650
2220183580
1226204215
131832816
23814899
804523190
2153216132
229059384
28323892
12114162
153817010
398233600
69860260
17630305
56706849
101712079
169035678
18550608
17833723
2203717378
2256553172
357426784
509212441
119714092
403389799
1327360495
28138931
19811777
563910636
231373587
34940114
1586501
364488011
19588385
1354203150
21847634
589205196
285025274
973005421
20622055
569170800
18988799
1498076587
403453916
31519510
97170019
156016878
15917909
1617893094
21112605
16692859
18331601
59082996
132113778
262735899
157044469
239885144
103104475
1439661253
145671928
20766889
22021397
144112800
923665572
36442614
55530476
227492981
365344176
33546465
17682117
19199288
19983254
18949452
17681513
71543212
1548391070
1960825746
12794362
616472602
493893321
208163
1063967581
29771447
283640557
1949607200
1949346180
22430771
506115060
19855275
405605548
147482606
16065140
214881773
19902709
234714469
167420356
57356580
1913537870
25983654
1223084430
14104027
206299496
23052167
296819007
237087413
131143780
1870998606
1267118888
1417251
143897824
1732501436
259406014
237751601
162044153
403075133
131148614
3108351
34213373
228752319
45048118
308626882
25275453
221689934
102707504
343288995
16627805
1060578475
146449017
330906573
425860297
67924644
291690583
237685787
350454741
20245775
620142261
1337387216
113464686
1615220864
216085822
221594162
847583184
1598578982
9142362
190596622
1356195751
17511655
20415386
111320678
272193704
17484136
1585516010
22207501
17617367
56453799
282588301
32417875
860345028
6892312
22473286
61431370
44861159
1430587578
819353947
350958562
61733092
33261237
571161940
419078359
19069440
183585551
18541636
1377327380
1376532162
1288271136
26233993
130778462
360866586
347959437
1086485478
1190827567
18760928
19017675
440519278
186154646
49279876
140400893
562973853
1282992704
1000228238
143107011
33855260
191048146
973894476
56967720
420299845
7344912
580920374
142420134
18991263
127917675
149618147
15866793
267862234
435802919
23139805
714444487
16404379
915537378
137729575
60606206
90627994
20178144
1254875726
1278931579
60901187
460005853
1225696320
45413510
132486187
174253648
562869150
356740102
82282572
130835710
20052899
1168472395
262213188
80021045
21394764
21655680
403576718
211106542
305073570
185270017
366513155
1023072078
1126867837
1125667237
224655400
331816614
32493647
166581504
66263785
302515677
378666951
123560362
23719690
32359921
129668419
15403806
202159797
1797991
349859290
150281877
84184905
29075172
220413569
488427053
273616716
420366322
18243837
479305198
76987535
631113070
815629837
948224107
166598394
211552686
562324433
403488296
20132289
19979086
334551644
164242095
34932381
109068494
20720174
28195764
16017475
23975060
217518231
79173926
23563830
288808337
19058678
64767273
216220768
27036019
410070653
63681020
143405324
103065157
465965880
252639235
499781930
62613162
41394240
517712761
532241033
433434788
517659305
761320332
109279618
853497512
95721440
136314802
356859874
16250929
19683864
320202040
802253610
44411598
26410697
40102015
91538896
15206103
40139016
755349745
19358633
46631288
703028450
13583172
171404842
90918950
72515134
735609553
628305502
26979944
69037048
125453344
142309190
95200262
27034330
562763287
74712538
22148893
75522955
18576537
619241579
236531841
417992966
477545755
16555985
426689320
206393099
611871133
398036535
340961193
319593936
52120223
57268394
16343974
79737242
14073022
38281180
300844354
112040233
196951190
55200393
147989108
26673891
134260781
459390022
472276857
32712796
29509824
40878868
234435092
48367936
23606612
89447929
245323137
594169128
6705042
98386208
19902347
318554133
5402612
524429571
429724798
524545961
90164753
21177481
441854978
8496762
74423350
59753891
72831048
15159179
106118793
312084684
19825835
17024991
410024737
41790055
16096448
108884683
191111643
19758148
48987668
33477908
17650658
312459570
127480750
575546093
50714939
117424800
53955738
227267670
204285737
97268285
166767883
558710717
17020096
243654878
498986721
22856234
106732601
557777909
26477224
14077403
26640292
102027437
561449753
258545235
44141498
317305291
140195803
333607315
457060718
111936713
60783724
23200125
100491202
81122301
19533817
15135214
56687115
110726535
179222056
540664708
19709510
130120037
20944642
5988062
53009131
205376780
358204197
331672974
130190749
45409964
403299980
119691332
89168924
456624379
141000749
252569527
401612883
186120785
164633666
129005346
523363324
43881614
506486097
137717330
227355274
15077051
25119183
55611314
28079313
99648586
20326751
126363977
480449477
33983017
265303096
19607226
234053160
297085579
162473641
118984824
208039932
423411782
124419874
474090945
267348157
20598137
207919277
203132018
60845623
9207632
15665298
40212366
24866757
187483171
110426389
383172100
130509753
364845130
366656774
43700579
6324642
18421050
117808491
466437332
40713876
130931982
14072988
273861147
236810139
270412323
437814330
20699709
19290942
268241662
229957245
424127411
127535746
20942694
366527073
35474809
300151928
17614849
22012341
236786367
451586190
20504013
71262814
313306238
20636365
288909699
127558191
48163821
153756788
52418188
22159580
351662373
199591118
24211594
19654724
31243210
19335378
235929410
285046266
166712218
377336326
293752292
330390486
40532389
408691331
297395484
14118747
783214
250313284
171969696
402667364
46621874
138717046
80617430
402053824
86582499
304494040
17133897
390961164
90635351
366549050
386798022
69890262
43908784
27692596
145659842
32522100
15580900
87059808
46867946
36058478
621533
69080476
319675272
372723954
222762589
317697668
44578328
79219047
25091518
337373470
11462732
25978675
19530134
48635466
352280101
20011071
21512959
15273459
162472533
18764841
22814030
261345801
216264820
26275704
65911208
338974806
25995437
16399949
807095
16311797
74265849
23055689
18856867
26584956
78702900
338335964
41134777
284774490
19983050
256212855
132473851
14157134
328634628
21910500
310480173
27937612
28296017
313354155
21003404
35773039
19817778
56406256
43964136
38158501
22156672
121187961
19394186
111013369
280445345
295948042
295807687
92249549
8170292
17808531
293692152
14685924
130104942
133269529
18915669
53887085
145173210
222556688
20631422
18331985
4090531
146366133
18160106
157760297
19647329
16708655
78890225
261782937
25311070
164380969
20098015
84339577
115897650
174377105
254114252
7587032
220426702
105236496
36985238
244482623
61183568
87165980
20610905
18668407
150400398
78602972
128216887
21994921
62123765
19038395
18949349
219217859
226284158
143557426
189508752
34929990
28328560
18726047
171876173
19205823
17249208
20543416
27964880
136004952
19011374
12804862
18686907
112150907
32485730
621383
57661046
17000669
102986575
23076449
23609660
15687507
39462935
1002351
15157283
207471475
66644557
143105781
22660120
19349358
76640154
237380844
36047098
236353458
36659862
208447030
86056816
70685388
32388036
16219226
19702923
85368735
74692745
191885251
23591154
14176607
18502766
191471239
121208305
6364652
217374596
15441623
130109576
64679759
201791908
140955302
19644995
17698956
142230413
137413599
24239414
19083411
211675022
19364382
14944735
16683666
8039442
82398383
65322179
18526653
112823358
59150150
148714212
21390987
160952087
148763594
143779403
15798091
22812734
32372694
57912620
101520906
61781260
15480520
131188599
26538152
195814782
87536790
90676132
44575879
193313425
194555594
35576240
5105001
185306056
192899191
73953536
14758838
21156414
23937508
77821953
187965811
19966557
130557513
13565472
122977985
33852508
109534257
179887262
22473844
14072907
18874097
15439395
14304714
87416722
17736588
127360173
31375078
47921172
56679400
75896448
40259056
44147400
14224719
15778426
28540725
131138714
35305401
47583917
163824268
153004670
57420624
78298490
159992511
159454866
115431304
20434379
158021529
94628304
20526449
14353202
44580750
16672510
26230354
33300246
14630644
22460658
125270251
14465640
59939634
4591161
95449578
19644592
142239218
21005745
12435512
19733600
22776133
131859965
79167671
138527390
19530624
26201690
117366399
26727655
134716497
18096679
19811190
61461210
22499765
16133363
38649019
18630909
18142375
89967647
35276255
27695248
7847192
48515966
89494374
122994639
14072931
27844589
44579763
22146373
15348883
112398730
21125904
127503320
125597438
20547642
53107828
15083026
20065342
19311894
85794542
20246216
23575407
18113614
45542770
38162820
55218051
17921791
19178087
59471660
47075953
14085096
20970341
105593723
6212382
14088972
115643685
21146043
24413736
18273207
63442499
25491788
70796349
17062358
60886384
44715144
78433570
21473220
19915445
27212264
20688804
44366071
51011298
91070556
26985345
56169454
25984418
100260784
14073010
19908335
14431416
465973
16558943
34890665
20229836
13753642
5838002
24444965
16139649
107017176
17843
103031809
