1209852014
194788794
512395182
812312305
1849583917
625748087
346144579
454939382
89505255
2904727061
1170466230
15175368
4073851938
1154072965
3878432712
2874417119
30601935
2483885948
1416661453
384655309
413524452
3292908971
2354230466
2250606367
593682679
101947308
1054143145
458190108
1209309782
2227438910
3810404535
32959253
380701159
793117939
631655444
866541690
553185447
863739030
415323326
2812355130
49197230
1100331625
2183964992
2421627585
21168243
295427310
388125476
1036017145
437072889
300487939
52660212
344448621
1416796328
166420489
316287547
1871250176
1232692328
2771704033
1029088842
28469650
109098999
62742992
1345177730
421554823
161280528
3430742373
19028953
255388236
3312139147
1078287655
581494085
23617610
101928415
1330173762
350675340
1239900000
153863286
325451111
3185897975
3166353158
2970833694
3145686279
3120886424
3146583282
2859754108
904418648
1424507798
30973
19923144
27189557
26270913
21254264
2238576858
2753993476
525060895
502177102
296623811
412948496
2572190766
1372975219
554734247
404916846
577761164
427931714
404475149
1332050672
277845576
362714774
66339576
551149727
2595253993
2923180944
388520067
414538693
472564429
891826837
2216118331
23482952
297510129
102325442
1156128108
45266183
2472108787
1268798504
32688098
913527120
2700139512
257799442
615737697
2704222032
2599088684
144130505
226690054
563558157
2511583639
415354778
157140968
1308678415
1489029613
2429459600
368088754
2446416560
1110519913
324799629
26257166
1475207178
2557521
2415095054
754233606
1253397445
1901273544
2411315454
1730296039
899213839
277346571
1478827050
1591914252
538243643
1335951494
1351000056
251873156
430313116
2195887807
1292513958
243069951
306011458
264257750
840898824
1312555537
931402548
930431545
761669718
536649400
1439194116
466040770
2350785602
1267726650
568825492
25958067
613617394
1698040651
2204039233
743793398
1434015348
70009161
2314589612
1112745398
515957180
527644203
2321354449
617541484
792333558
788110982
768535664
42562446
236738600
896655438
1333039657
169719009
625135417
940569967
1447719710
801281178
258159839
2171089381
1963823209
1400843947
481797823
57104594
620180818
380369476
236549282
1433702077
402257289
588118152
910828603
1873652694
1016021178
414323219
768186638
48039668
485854360
618906390
1519016335
41431123
311072227
332788870
132774626
1357107872
882308432
1130144766
1113487506
318877787
277450203
1255953062
89388194
972379284
567666620
1661082200
95023423
1105455990
320297405
1600173300
149760844
956497740
1624386806
1605310164
1262907193
409503871
1515218377
1562436368
956730660
1378044648
1547513437
111227719
549510165
1308829592
258951612
312230865
521084210
1462590542
321445166
566666381
1368286063
724223456
1414721006
1023549444
1064919372
411775795
1222875848
409863961
539382986
447461710
1408253102
451520834
1406088301
942814345
188508975
590041928
474507499
1216071200
1261172444
1388513630
801845928
1368377550
1374971827
1342693057
605316752
1353236256
61904761
61367943
1023270044
75960286
487843424
98524646
1107662546
260038327
1307680634
199556037
75821706
50174987
434547440
1279635410
1249434392
1281939115
459142859
1049670764
366846541
1064304686
911759862
191316363
41280887
233793956
780393702
416685402
858422138
98288395
622493123
561684253
556303732
992410376
543899162
772089888
484566103
445265727
1203201337
1198988510
1183674625
75962731
314168949
857469553
538616425
623452592
426422223
541229860
1097364607
52619513
1137677352
998538158
166355455
532290589
1016272189
279645476
210166212
621583084
37869579
1009630045
577375866
1113405085
493533785
1075486812
859095193
914150712
775276818
539611576
493777917
346364339
617817854
741677653
30914572
898037054
333931605
947070492
315436995
1092792240
388110346
353363169
998248526
273293186
367578801
946981519
276368623
164869447
985138934
