17056292
69004010
80737910
410199392
73378170
218795990
151941994
360082386
35746176
53924407
56250188
233358797
104874234
25149113
14404336
292562704
143654806
92722116
75473255
251253166
27500318
11061962
27148824
16792856
5382402
20137200
281904813
13458482
51081023
225166210
66535608
22338793
425012242
234629418
291490081
397482014
389607456
495767057
14135285
187599723
324028623
27044212
35648471
15698377
282078699
763403
207937948
589429013
118680264
88498244
196255520
14223130
21506543
128084854
40687163
15060738
43310394
12507662
61882892
188234584
343416740
9668332
147727455
45264278
168532878
44035375
143382232
38150934
47966518
35048735
178234177
97003655
402698837
47741447
261868306
158262576
409599757
15318464
99263901
147468875
65518558
307041745
359236656
383948732
107711088
61821455
374564740
16424599
106339562
11464722
530986399
116210164
21388198
276066445
5503932
31697419
313233432
591370774
111312122
73547879
180490075
279507957
368033647
16805864
54736082
22774267
257977404
147847706
8261232
22547031
159083116
14153320
264192141
25070192
349114830
68513815
19880233
65242435
133859918
477928820
110910202
191251541
94926542
15381460
127172643
36927351
267881471
165500187
18134616
198667545
121684890
214244585
40379430
316771944
302166259
335014102
12763292
23309841
87722639
47406195
267805920
46326295
98188952
62867152
74824059
17930709
13818522
35961118
147436552
15289182
42627993
23863669
146794544
18393993
20827788
26655133
358012986
20013142
594473473
236285519
44296514
81725460
37283392
78735846
199936448
17761111
94658718
67996179
18928364
255297412
55748862
29300055
167549044
272544164
26216157
16059227
13416452
392248257
259743555
39328182
15135293
47485618
146075272
21858446
520636362
14678857
55870534
32614914
101376032
18690903
32542046
291872535
213216932
16700411
18581243
364985494
165550118
107313672
938628403
15441795
34402517
294467832
43123173
16742024
19131418
76823439
27560752
15200489
329187057
228087071
125484165
263619113
18389522
94975756
553119553
5042481
61739656
1824181
53187046
500592006
117036041
31821290
14670350
236655146
413025818
230008918
205107686
178845829
16138947
65716643
52985746
29243945
16596649
26259445
48414052
48697447
86677690
21905912
7013372
291819137
228714858
184103030
47850132
15309744
404461008
382144024
430723215
185482721
41916455
93004414
216029149
17874241
84670380
60146765
997851
24033403
81498203
361603548
277127719
113883165
47420010
20487250
9098412
40363995
26096665
205613178
31150767
25463942
134146548
258332229
42018973
213530126
359647872
487602246
402928127
27254358
61088913
297034046
45987413
307251601
376265950
40540584
66291868
79394820
167238309
609078664
70666367
583145427
205351308
227108860
47580359
259749030
226783533
122434060
59159568
55866002
561741842
32407106
251350740
253113642
21175377
18596552
26703873
20729259
38588611
57015382
72027332
230791724
192099718
230267266
286641712
16002297
68116767
136001245
531757665
486642392
46652180
33889622
102789109
286738250
18663254
254235746
272903993
357230389
239882486
38741228
42882768
211552084
91149710
31582934
247379421
24081383
45622473
237851994
139485797
73682771
132847703
130746139
122638668
243529856
987451868
422065457
32933669
169809685
139181979
417163963
520689713
258667493
135924680
29087264
39473284
308449976
439084607
97630008
29131141
86605367
35687571
77173396
19231440
16842936
21223757
31033255
47636608
214512376
444659854
448378382
36423348
35334270
132658860
330112460
125537348
18169360
35381298
26485667
358335493
21965309
467642546
196850154
615960496
74629333
39097609
25414229
202687592
230250736
171113324
203488082
147061356
190810789
145163229
23187010
156195389
29872578
191548164
39599979
122228508
35983196
568237241
291289990
62861352
71074331
14111026
34691564
90562861
244776820
267468798
20475201
17016146
127039009
223573570
26002192
376095356
499622494
215076094
264889076
23794448
20232615
46103661
236090119
125615668
81382101
66240101
20001292
496912477
293812775
93475788
26554426
384494989
51785781
205726457
131087787
257717196
19556607
383812142
23872197
38216420
116549174
477518242
812397
122619420
159174454
30406479
224058676
570181301
372159624
27190374
184907498
83778236
286792731
19928855
330102982
128947465
43953069
36163830
76513565
22955263
48914822
35672160
4248191
199982347
261288071
41488438
44040847
95332460
180725336
33847611
117532492
15236049
128105896
52219695
161254416
412811322
18463844
325603407
561910578
275194638
16849677
17010524
63780933
239475948
16929640
17446636
54127147
23158192
43499642
275447543
102820883
261956102
174904257
38210260
989038987
223138616
22543894
15803573
195351501
179326655
81585928
275091483
180223974
43780349
26915782
541507996
25628196
36139239
16450713
498877440
20419021
261398335
40694564
28611071
179799445
12710142
62611516
116408016
21836434
296237497
52292601
42055600
35638499
231366196
226603410
394579600
201007227
20291910
43788637
384159381
251423102
173839924
304664189
987706088
104236015
229868744
46350902
47886282
386826295
225960039
45107854
64704091
243603415
81259287
34134433
989054935
349798256
785293705
339087091
16150703
229905850
585161441
100203527
34549575
38592593
16314165
987232268
987232680
951907873
987262465
171611174
926256032
53428176
417469309
987269222
314760669
987255445
474536041
987259538
987288601
199038708
987305642
985436790
55037268
987317227
987315158
237016317
554058371
987242305
19603179
987317587
958274948
701253650
987325844
271653086
45661801
987369757
951060750
302241331
80664457
987378734
987391303
982206170
987390902
944431020
987389070
978030930
928583659
226944264
28981734
99808330
987418141
888423985
987393882
987431695
987430850
987428462
275478857
40256661
510440281
978617713
797889050
979681098
113159340
401460432
987473251
987473083
987471224
986698525
987472982
987332504
985315596
985510418
987471266
987414308
34548282
987495991
987483013
959629789
987488334
987472884
987515071
987511676
95723808
988066165
987529640
146188730
987508279
107139611
92526198
779428182
475954546
987543055
201208488
987567943
423244978
985302924
987577190
529363590
987460310
963739380
844041462
987583345
200640459
987468470
725704160
447935911
987605606
959393113
172538373
987578454
987598886
985375039
122831676
581364722
40270602
987622506
39944442
416595743
103664636
408958591
987641858
388347185
116925442
987662683
987648158
247272218
987596202
37055850
987651024
987651288
904557349
80860295
25063433
329572190
540715896
329314004
987667644
987663036
987684691
987680220
987689286
987695660
987627758
125356783
987690402
987695028
98015919
565816501
23334656
17594308
42418423
987717068
987724646
486334399
926419494
631232041
987729896
121561321
987730908
304069864
987747343
987725288
987747391
987741788
987736598
979210003
987769405
987127694
987405918
987780332
290971993
19891675
324990901
987778878
986944987
987792620
987837943
135318626
987839317
899777498
116333499
338852142
987847243
987849932
267889260
231676720
533486016
987872539
763569278
987878738
16311203
546746739
987867451
987275581
987902317
987489968
605782985
16900658
984475800
19800039
266564221
987915008
987935042
863188633
884747528
975361808
320014523
987912114
986217026
318192943
987927642
811792141
886248384
987963847
631870027
929106679
987983473
987977768
962987785
762580512
985860582
353031443
626592883
108820968
126718449
18201359
988133126
988012279
988007316
778252922
20111472
40131444
232175706
915721021
18722488
218483694
962377747
988080062
988088449
988097510
988103342
988081572
988080954
972786716
988111501
31328112
819165474
110826442
988432598
812863800
48258394
41046420
988104758
52492925
987734658
257339022
988054213
308813394
988129322
988150555
162055153
881148926
988164709
402473826
412561700
988150236
838034996
934511712
988129788
984291516
988198448
331866841
506364692
967949682
67277859
942926300
988227338
988232528
202881525
25872167
326045254
401111063
161523791
259185083
988161037
39480866
988276610
24721863
482233596
463590559
487371251
255671238
301082303
822193842
892945350
988336843
988344565
471766591
988335770
224334101
109625309
984307490
354859069
988377745
971501396
986383112
988376360
861860412
988392457
960526680
500892976
988402411
381755108
988420681
811870435
988426075
988415912
207901864
584741786
988429208
988429572
988435262
988360646
983699192
917621527
988451012
203892426
988459812
982242583
988481119
141272766
374518601
988489508
62293536
988516849
988474538
255987657
426552921
755804472
22686454
988535959
935196122
738853206
988536564
590070461
988463953
968231982
723824850
190585986
981192918
97496021
988578049
291119143
478509335
988585796
98236839
941813190
988588092
251736863
508741112
988614918
569976465
988645484
362597099
988668488
37126040
429626201
234030298
69586609
19432705
22699731
177321977
17592800
15289814
115430418
10155492
20049438
307493766
