2911955457
3316179578
319789805
20260548
3017932241
3406540323
1717230541
3323198919
3888172162
3432157091
2916305152
92360427
6836402
137112170
389601565
2190673579
2841884049
90839312
3449673255
3470124617
374534071
570073183
3091713533
3178201732
1072369243
322341885
17799837
585949808
58475977
595570951
321483437
1347344041
1128468090
1656788761
3273651601
14168032
321933
990904392
2528791116
329441556
3238448948
263971259
526231155
224223395
2558210098
2153403650
1574674273
3305960134
3251181281
1416200185
2482924382
42873664
232385951
3177505453
390266289
3047741455
3224833409
2448579050
2529158347
1326945056
3188933010
2285467586
64319270
330021174
269043415
2485527001
2485603867
186899490
399478082
218580385
92744755
443025454
366376936
14558642
970560973
91333167
93473293
2609451961
55752820
74283694
817636579
340039868
246372608
383355813
379965654
300031768
254873377
352539300
384106260
628718707
19238958
177206340
1227373182
460593762
948118501
2932547206
109487723
2856460053
3061670460
148622601
2474452219
32448636
2980978879
2373175536
2971315717
2194880713
1002141384
1305481544
2371597951
352026528
2955596087
3033142861
3026699168
946769353
942048847
2164792998
2822923440
1398159360
22914671
112876914
19777398
126113873
907121677
18692844
48306404
1281678510
320824494
2207282284
2799921530
976950925
418317904
9618642
22456834
2981414219
9891262
95233492
16196443
157449978
1296348824
200634860
989625055
2482376186
2829966844
2962205353
27210534
45500703
1972974192
341691058
1609587024
2382989821
236028023
204832963
562817107
515865890
26817726
2802558480
925824896
1632090733
311336292
14397125
217963801
1704035064
2933101657
61315211
461962406
433591486
2354129551
2900146091
314158631
2319404665
1305940272
2602485020
32340834
1140683876
1636155128
860675413
1202477394
251007206
115963709
1295996592
2206059961
2894073789
1609070899
309043147
2764741506
65655453
2391328109
2402497014
274000727
1908632491
1631690197
1415678594
387933436
569820386
2296191061
125420462
494508400
2884862075
2294625258
65732653
184180661
594704938
1857869708
1876779108
1265093432
2797024743
489868737
21506708
125695429
1428575976
1388398465
918141349
110890208
141991931
24974525
2829416237
2353639933
782701556
2398615128
1673042689
96338744
1218913542
16515488
909450024
2809805575
2167196065
104266865
1405149102
98754076
622511438
2500425074
543876839
376221957
2258209074
1688664175
62398121
2167059661
2396799331
1464676063
2593573910
891548778
52133835
30673431
16029156
2755754483
2271931428
76515242
1963020727
306988639
169632361
1679260675
2669268234
10352892
2791937658
622063303
2352296922
980444833
470855042
19766166
291559186
151843795
182750072
2166562870
394283200
2800364413
576794667
363210621
1949299478
45591929
5662932
846083965
51414410
14923
109732544
262365030
4339911
239255514
454977993
542073053
462220933
155389749
451953177
894629492
61059053
427753010
1676105780
292141642
1154354713
492547025
498001935
404442001
424429106
761472650
1135766430
223529798
2213018582
14594443
1148997048
2573413453
1337728862
2576749254
776213569
255717295
373548369
94864729
228410704
370908220
43817816
271767796
746368464
1157229007
54633971
55980324
2557915058
2487853952
2678236062
14845688
318053222
485695025
91368841
1613646090
2660523104
2660384088
238286255
170023430
15607327
842143333
2651296184
1608491720
1463802865
1376893698
26635279
2530913857
85587561
2602846615
317947579
285987501
424008884
1869057972
73167978
71293921
29575969
172847337
880797595
2634523877
54417193
20854616
2320917588
836370398
1270406718
2398159261
1526117282
934980678
301510757
1180978639
2369567534
17645638
538714687
298726408
52670412
128097789
14365634
2165734609
1361833632
369528413
564989934
140781979
624005572
2194777183
618462026
319770079
541345048
1421082818
495498585
1586637535
2547700101
2426899684
2516897582
1547268714
312777044
10402052
2338474649
575932743
2357230213
156162127
2467226497
15926695
150607679
910466912
2463380568
2277982130
2458062674
15673952
2449821722
1915349490
1901639738
2472527129
16752655
1249421005
14589654
718449524
553400722
2253593935
2194507915
146213978
21280247
1096234057
1279032709
290226291
331202983
124531889
303130436
479097024
1250165227
21285557
1547838528
15197775
2386974907
459036285
625733568
1598452088
1217132137
16435797
113740810
362568922
535788107
19409943
16640235
857955524
26158691
2216245224
190246525
22839233
755733097
266650070
221304470
1425644274
1013585586
19717244
456361953
227855122
330101315
16174686
168508631
2167247681
141339633
120945930
2342928961
2164225381
249534502
2312608987
251456768
2284945354
993104382
1902450630
296300255
793690686
304132270
214477960
1264547191
810808380
19048641
1241433806
14943974
123858892
2317806145
910094054
46596047
1705189098
2308061366
1413173948
935756275
176883031
118902602
115010550
250017998
946065337
228015307
328321838
43835474
404014057
2285471886
493533362
215759696
41914619
271521413
15249076
556986491
1069993424
595272403
548416279
2255222340
11696382
14884989
153814910
1687831542
15521215
1676557724
2230867051
2218999273
21234787
1049752183
255585256
398066744
116867280
285828868
53893339
81342210
776097036
26269076
502005696
23007083
245107956
985532288
1571090821
511203439
99173786
2174978828
495517322
59257007
2191109263
1949132852
1370684718
815177160
236695791
1880114024
958649520
43491775
2163864264
356407124
2165843324
2154702712
485376662
1158733934
1448304912
489046545
1938608077
998407880
1522181906
37997717
1565839604
18328820
556149771
49042836
199462709
223953813
155439838
14157022
1528216394
14887370
130834299
31936449
262319404
863701598
445846744
1205204419
1671296839
314217400
426821546
44695301
713192172
1343132275
1552240092
1541676991
94628849
45883037
469517242
809478528
1630508299
1628070217
40315118
631444374
1097361890
1490348881
14165038
59618931
1545031921
13918022
14747526
784705688
1534426626
1337004890
815230687
733361942
32853823
48988084
490056323
330055239
86176601
569423891
48522369
220675687
244120526
1437690446
492248801
1497574728
211073619
320210499
1261001742
19652445
937783134
1330035655
137386838
1489000538
1242788624
17391652
1345431510
561297215
39282190
1128132072
360258516
1253721834
1040758742
28918647
1444065481
109840044
1436661704
868672706
214191800
1104763074
45373841
283696216
278930750
1378590138
453495437
20441966
194456924
234791213
324530251
6742592
464051405
575655913
1286506417
1237502864
874333826
1135472480
1284565916
24603024
146978606
82238919
242924776
160877807
1287041862
322026685
198384435
109112286
38892114
317152866
267324132
603101807
326826364
528664069
241614857
1004731015
1249881577
322411475
22029897
22171156
147734281
824000078
966935694
1037070402
636347700
39566915
567621316
577178402
1244956536
29429862
65634864
782615960
302450340
1141540364
259568572
37530237
276643081
634109297
334263857
149895490
985759850
52133120
935560465
1115365544
1046034853
787765068
537940429
27621880
573951571
199737585
37976723
118196493
19360666
68306839
607510734
1081061892
223669139
26983187
411697025
963467166
1011349969
274063094
16556746
199313988
6873102
980738562
394879847
915918685
257795184
314539330
134993381
390837988
322061462
540281606
559756727
18773329
16244797
24636103
29717083
313297414
779130031
322219346
22873966
18638210
483534226
531817241
584020987
417587726
385967664
245611788
274682508
378259736
322658873
318084384
121457331
314758565
43882372
429146012
17881832
193718193
757702122
818543700
198350602
237409428
770368572
143086518
373971136
635123740
56407807
31311412
177274780
242328548
742798658
813148866
572811991
110751834
31611970
12285052
259050470
580411725
390783272
11489962
423556756
790331845
16928926
104389117
14741250
25918006
277792348
578991574
466062053
407476898
92142934
259990583
22554631
79043124
266829863
210859828
713648564
36370775
37722615
309399887
36830017
326521014
89169314
389062210
144612928
561608343
629787945
79227194
347809928
474911726
578473908
52010875
18544973
44806607
598802573
119624643
189172089
382831266
335006030
24443976
27470287
240782343
453892183
26333160
21875193
369470546
476943325
230124379
622082562
258581867
91206387
3795281
321652549
14441838
354472005
511310897
402875257
91217312
24628753
279418921
16227629
389502603
360018706
370879693
589975555
22023030
122973487
118836884
581012668
33651124
575253769
57694574
293110255
454406391
535578593
258019150
60710354
439481783
25497987
93464739
156989502
62183077
205685942
38899275
131999950
382945026
7144102
15276911
8510252
21242028
16172894
224896427
296433450
111020569
442866144
194504872
63121936
36665364
479649218
466626618
155634745
12819112
375235135
149736177
293116923
258947612
219655898
76733186
26506721
59221014
8266782
44261504
16960160
228586748
310310316
173492957
24583403
428694938
15084702
15496407
19416598
18414364
17385903
337121402
139199975
194475085
347602644
112475924
55403536
17449143
62395469
8518982
2444351
227263552
245545600
39516266
14800651
47198234
231042208
87569989
222134128
19808176
248576207
14897792
47633327
18284047
149534156
278446404
14887886
15060148
50318459
107174526
19843630
198677630
22478416
406398944
37561616
40717760
353226065
19192195
85906238
20688520
18315741
236414313
18530755
20692594
25102481
97705149
143699966
21395135
58756672
52758434
123408154
57309864
19341683
325126593
39694489
14145626
42558652
183548902
263734346
27596259
24259724
15336366
8779352
242155735
76836782
255220185
24001758
12286942
51691027
16486812
13963012
17905357
49073762
229711796
270246138
617133
32729442
241278137
313745055
50690435
320268880
88764812
161939929
21206513
155230346
107037417
105529826
103004948
152250971
217052974
45001035
20444825
17061155
260880504
16170580
176024190
16174754
185910976
7079752
7973282
112142275
235283160
169360350
56705886
18900810
8842302
17402097
82985064
20688310
108655269
26616462
16656236
133239513
46145761
34552656
48966898
204403285
46300208
74599038
216793572
94569565
216366855
94336973
18012598
30114254
110031075
20424086
6977272
86812925
14062610
19108922
19667205
33279328
36689748
14324284
4758231
118266357
15577903
7431072
40221991
21744308
18910471
26277608
30005585
42686056
28747515
19599946
38146044
17853987
16985536
14738561
32427234
37732219
16629477
22674756
15154811
35304791
16245822
19984919
777121
14912323
9946342
758627
