2576258418
351932774
132239690
380701159
2505063001
346144579
384655309
1345177730
2183589168
101947308
593682679
3878432712
770243995
62742992
414538693
1592662970
2421627585
981621324
2183964992
437072889
631655444
300487939
1054143145
863739030
388125476
415323326
1036017145
381125368
1100331625
21168243
2812355130
344448621
316287547
3320879953
553185447
69778192
131350815
1170466230
2225919878
3249170916
556162740
512395182
620180818
40901125
1107882294
1029088842
3160439858
485853510
2315832091
537660367
458043063
1337683200
47746401
2911491541
72059883
331153484
935010950
2594583386
3241590997
2274003062
130659829
2279920243
405665403
866541690
625664005
811615548
464205757
31428361
851327798
2279574938
2985200582
2893241023
451760028
256887948
544945284
2842669759
80105473
2717306778
430309264
381737860
2225966563
1913114828
2267393412
536881703
388652831
1021039597
969595626
280295742
27260086
217638175
280582344
575492930
80655102
16193578
214791922
141052723
938406908
1020348230
860191381
743937192
1156172737
972866377
2593480644
2856134574
939673614
474389731
29042424
453698117
2285542435
1007584310
615712295
1963963284
322293323
1386398431
128085132
21447363
722884598
2236971710
347010541
548081586
527819333
433628014
555474943
330532722
2595050942
1664808740
2324989028
264040162
54018344
426422223
1485408871
286969226
1301830032
2480539400
461280234
1698489794
557190844
439463477
1323342870
487172185
178043793
59960960
443522191
42157129
193818082
1381252484
891826837
348974866
128694667
1564792686
628855570
2174504287
354461994
2425121310
2203677290
61054368
1647240290
396847398
1892660678
1341085933
399708451
98524646
846031860
952328456
2368164588
218933008
313142851
536531870
139541177
1861174014
2460107700
477856663
1343620723
2215067066
295234031
2181051761
2215311248
261779040
573018682
1232910188
344260321
2444699436
2153748120
1923905604
2225897868
328266485
88843750
253310717
1323111187
90794016
611424826
2287389372
27961547
325723514
301803010
462209887
166355455
462368243
1162001281
360389864
539611576
1434064885
191590813
14791251
1257892140
887231624
416739969
184499432
1183674625
754233606
506406727
273698376
258025816
68594793
824652955
595106121
616803546
494764810
547904838
61066540
280344592
34097876
35903270
42820899
261793504
1385954756
309383257
632157437
38808520
