18274250
507215587
29024460
381950579
308076623
205929062
17871298
2963977539
17868090
2374256580
2359840826
3880760903
228612229
1435461
21581503
8963722
19658826
487833518
26268870
253588542
15016481
93655345
991600273
164478889
254925507
1398876810
3431156992
1589376188
382393
185653786
455904453
47756728
65937473
282815200
88428517
2467864278
2821308328
234296135
34615585
2586086041
2836300450
2710947301
32830348
3017070604
20574996
454485316
2285182808
260327866
181933954
34656032
3301061596
1551214428
1672632270
1428575976
404946566
3445189401
3170810957
1454612790
73845366
160906334
2599797763
145936590
15521075
531697681
421765684
94119350
87899230
617243
15477931
15423006
932779740
16492108
218822115
952346701
1550778134
356071921
2814885498
99896094
818982001
16555822
340331600
342023138
21448858
144626914
3144159117
2275196430
3034214643
1666801356
16949344
113908845
497283811
83500405
6705042
33771434
12984852
84825820
437591452
2352078128
22462234
2980458689
1410437030
29340609
30198750
715643923
482163835
1134396140
20444825
1685908440
104849636
28628202
2279162833
370907274
208988759
21333228
25974762
1353625675
17905357
74765855
1364534000
63278989
494551862
2398007413
745320876
378272434
850856070
947500585
110826956
91312237
1218100328
180310067
1537208240
100068931
107391777
18372151
129172726
121704381
39276767
37063745
817074074
1219888003
2444052414
18638210
720754110
20675960
2348138101
182130969
518611338
163844242
456361953
1464314833
190246525
38542274
404442001
204297410
231916274
20549992
1600453945
1322797574
235194866
891231048
79997785
45580925
15269609
19197134
260685403
269700525
7973282
268720460
21423021
201857425
19416598
1381484306
854581958
41592143
212299083
45373841
39282190
59257007
575655913
561297215
765548
26616462
17856025
1435074373
514759868
21611239
17918545
424210276
10075512
27301650
29093157
31618599
20446182
60715051
474770944
130241862
14796764
34222024
140956562
21237486
15276911
38998428
402333494
257482404
22406785
467551928
17638298
110751834
14567800
473315786
17093617
1241433806
24752484
25327370
620772259
28521199
183548902
293110255
369714224
14741250
407068486
1398991010
245682624
138920356
167394449
973350253
69255043
88936048
14647570
199737585
95652237
415061431
26748889
44418062
87997689
324594339
188066500
38169381
14341386
298700210
128818303
463042482
200634860
376155979
23602600
473089502
270380633
435936164
66312892
29460483
71210524
10180222
20750406
43199901
48719189
56593116
112999186
223729403
264399952
16649758
153992365
35306978
16172894
26254137
130579391
700118168
2444351
146978606
109839156
70917032
7160462
127003086
320210499
256793538
74719185
21994103
239255514
456216668
217140632
123582098
22839233
20342875
16511274
209716736
14617444
337719507
15028704
115039678
486991956
262365030
20138728
144972081
85605334
5676
93950513
215420646
359219686
969062564
148815591
53560219
15237935
160877807
48371431
525307378
224631899
191463787
148662999
