1192354375
89505255
384655309
412740459
49272646
30973
380701159
34716038
2904727061
1460047801
812312305
2812355130
295427310
28469650
450104484
2354230466
2250606367
3878432712
593682679
62742992
556162740
161280528
2505063001
1282308902
2421627585
2227438910
553185447
631655444
30601935
1370230350
1692867547
300487939
68315907
1075556587
2708383116
437072889
415323326
52660212
388125476
1416796328
542965434
1212988182
3160439858
1515362448
30092973
2450011843
2483027698
2892948071
2674889467
3271675694
770610080
2542422570
298919928
464382141
2787107592
3252386034
3239221345
467091904
1226594515
2464996194
512395182
2785211762
401681146
2350756873
619436934
33693118
338716475
313358140
1206476953
1395988206
318308067
346412756
448188052
1681966897
132774626
85452649
130244134
2899652131
2917922448
196886046
236699098
16252784
255388236
2911750628
1054143145
1643687467
294920561
1906814466
798234950
23375688
1061595102
1335772050
2891204731
402443255
624227366
411115745
17074714
263039616
2832378726
468869719
8521542
278127292
1087771590
724223456
1292775426
1873802071
2183964992
2316545076
1591914252
1637410640
348862290
744539592
194788794
2743155721
412816623
153860899
2473462058
539598515
39445357
1099289520
527115128
2573347521
197658585
818531814
473051831
1420854660
296583759
349408886
844695818
2514484460
2193607094
2421063217
607906960
949028610
427970683
1478954940
2526759074
2233564543
454419947
727704248
271269049
333168411
2351294574
1439194116
264019494
125786481
2340946104
157128689
2334566395
378867432
1873044456
427176230
283339936
1169720924
2148202322
528014341
455558833
1899260330
762886668
226690054
1069528956
111931751
426422223
308176992
281766200
2263922683
250081479
2330631432
1206103616
1609695559
391671507
631139297
380753986
21455612
29756339
1201453561
1692870248
320102676
2162233268
412862551
286019921
242120722
108168203
308773151
238518262
1326220267
166853163
165645142
718038897
371336193
1965939823
1669773421
270646365
312438171
1734133536
1339908978
765401472
188587564
1701036110
954157112
384476397
241684019
1663791806
635989599
783202692
1132255590
219901469
1144040198
383082038
442494680
1431639812
38559990
1143298574
932925414
881140999
1123836098
619588182
1227844111
268714081
1169699161
1165088245
386788466
464151404
842331998
402469560
359332435
66065224
927107730
310476148
920391007
157584022
503473092
27260086
420903504
785892786
149719353
622637708
268444863
472340710
615795249
524902934
531308572
606117869
600278116
444284914
613776627
594190420
524505245
375716669
534581025
537863424
262992597
52628670
489096582
437088494
20322929
90538598
443056695
66805273
412757997
376414911
465162826
16679529
281357615
259117768
414551820
209798711
230492363
438766371
403922657
258497729
296034133
313549222
295991947
265714318
286870567
64661209
114658930
198683510
167447498
30699448
142078918
227204497
245274154
242937146
123903376
40386895
170484649
210142652
57051675
42002682
136518416
34781808
88474281
17919972
21111883
34552724
