862430010
558041921
140118545
712793174
3406001052
87065633
1382115638
12413032
90427009
2447986668
13786802
112445008
2371258508
49992096
17837184
50042290
20058011
27345790
280619711
263739915
232634193
48380591
729038658
1112035476
2371014168
16831111
158581322
77812830
17576552
358995815
68247832
149607445
2244085692
2550167108
1108602104
769535185
997983007
19788335
328514672
3312876061
20007188
354567764
2345406653
57328056
1011190710
94129050
250884927
55338739
2270660737
39419180
3380673185
888940591
285738550
79546465
3376763009
115719054
3087687717
281105883
257836488
82160101
159708091
567325499
408064667
14841501
460755380
242973581
301482436
298264823
22412376
36075739
300982287
18750157
47359148
24177064
1342407828
49951756
355162376
34285732
26028961
232387864
1661260315
20696985
339447377
500010484
23122371
21086501
14220688
23604455
88361068
3303293865
994658642
40997656
1536791610
619032624
18245875
34464376
20940081
3072859037
586805730
114790333
2999719990
226956469
579190863
21787625
35727881
15852417
22838300
964212584
1371906037
55327603
69542069
634790114
40101400
155705264
134234000
23976386
18625669
20565284
95465386
1886522611
342911755
271664479
142019817
587733773
1109450557
1136505661
173888704
301608579
764456862
375014514
715611542
1098784070
392780646
444661918
145627974
89399520
236562823
150611354
260062202
179943845
2359108883
69538323
348539850
176726917
274866128
426107070
932145787
437455433
401615893
500530827
20279525
548629540
409415423
84936657
36707764
206156189
972409812
186386195
917280823
3124455928
3073126181
23971329
37649776
21715029
90430970
18141016
17366486
18169053
158469454
54009438
19503863
360692309
468326912
48663757
318337659
55459700
205278393
15851598
359999488
1635031364
288687146
113339069
84636694
2453753617
70940135
24428010
20641995
2347049341
24300752
14062180
20150502
21918310
12133382
17653923
171547343
776049583
17478539
5392522
14677919
35773039
18510860
16935292
1702571186
2325925320
92456433
14075928
154045477
19915362
253719364
19002707
1848343088
2175281919
27860681
14499829
45577446
14159148
20596281
1330457336
20437286
1339835893
1093090866
17565514
2461821548
260928758
210684204
527693261
2169114588
832093550
80532808
38146999
23638544
213856259
19289898
1595561010
44984641
326385372
109617898
18726942
3554721
57625403
36771809
45854669
44992488
117874971
88756857
32887168
63966574
185874758
65670632
48033899
45943457
271060845
369615224
298047906
212304085
44984439
44991932
2853749519
44988185
80571413
126062842
20503762
173979063
28345779
14332297
20505533
73545513
2900418460
66464745
69259701
188746055
239509985
22031156
16910252
26838919
98729265
263847272
269513846
464639904
589401636
243651113
826856726
58836528
431490423
151833748
114869176
93736374
450529500
791911716
880497343
607433358
1247553097
23051812
523060215
404403764
63141694
2357252378
23196051
14435488
47535869
2788994607
11379362
23995748
338604482
539605962
132629906
570211858
592980931
35300963
44270582
33519164
34330026
28153561
305266391
173641775
2423235426
702764472
6427882
502281810
789553908
93764696
613712440
23910973
48483271
2190761952
404137465
18021496
1622933460
460408325
300980027
54575660
457554412
15820664
121402638
1120387332
314165239
163557231
902808547
1230072817
39030654
271381840
485953901
20023569
131622670
2792420766
14511951
33787936
2784141877
2412638064
1432501478
9890492
15769327
2303751216
43928023
45410786
18462603
25358498
17523757
207692841
116139619
266182223
162335425
64484397
37668511
24300583
81913173
1704928634
23347657
49686679
14336609
65655453
47819405
228019505
24723642
61226587
564680097
1335143214
2651562152
1092281096
1247612029
1440769824
111122177
344776889
179649787
327502207
586789165
78372858
78621972
32359921
2573765761
48095531
85913172
1480668721
2568745060
798879662
38504554
50043679
36941760
142849883
109644961
84287939
21611368
538693217
92772674
17234816
15650946
17483897
116324294
155341902
26781081
1979589252
21123064
25896607
262275490
602037752
2253654474
781154066
1859193146
404397059
93637528
932427704
415653599
399791192
47682765
121399303
43771599
22067190
2254236379
2207847751
40491146
17784669
1009871
362871917
37011248
1725985022
370808273
172997957
214112621
853765441
621212626
44321544
55933620
62298002
54951973
84154515
208163
876067969
17118903
158414847
16129920
15914990
91180720
18587457
475286355
243879984
104671648
20341657
96916661
38515613
23653823
83487731
59159771
2314055840
27251904
480724499
35391464
506429053
344963838
1699455632
40269937
513639172
15663169
321416352
2358836985
37246966
198720628
2440744573
2437078400
31464329
1235496025
16735210
163611448
18213483
28437034
35803565
2417476434
19608297
142905425
1947301
807095
524396430
1398650018
41526588
28464655
521902455
19555200
33591879
251270415
36147494
166417459
89816032
558014834
18661049
331554375
802989656
849786595
38209063
397669339
221362917
15602046
43704353
24249280
194307466
974458891
254016678
173976344
86182150
538104730
38457045
137790222
86902856
16291199
56875220
214542607
246620178
244998416
48630334
17536952
2392862844
2379186241
245842675
19658585
2327860633
97249412
2309326988
410409666
2163670610
170791365
397763369
390973130
41395061
196008893
618225452
14378378
341207590
460312118
366353448
24505075
578190086
112479899
561581796
30173956
612196433
55918282
15654052
26031372
984634188
1195683247
326505769
266768078
32723188
1219840362
43568101
39270820
39568851
47132357
941649632
2154112344
29200925
847991101
182500191
1197661260
242315022
605457073
100452559
448789943
59507002
36128546
388454092
69231187
18217574
17000333
819989
21897392
344592029
22759754
1857099596
243267023
189087349
44166798
17552304
20351284
26002076
42907365
86697288
21566521
31583882
15858396
1898007889
344792663
272069056
44873497
59010637
245424983
16076032
212106981
35615783
44526101
552119602
293115234
16821997
15065596
134826398
1398324674
155889035
127454658
103018203
27858709
25582283
1055402564
156024731
614236957
47802507
28373457
27829587
128333324
606330511
254178196
135249573
31126587
597866436
276796811
321539421
258974297
206251633
12079312
40918816
10950112
1102302870
203116683
215350540
25237837
1793335448
119925381
155455875
30764219
26283566
77041525
76849028
704581567
414233117
1270746139
9300262
89731752
195403642
1001928552
175378976
261240828
199399909
1658746789
340602009
606377835
111086658
15956067
205254563
111422855
54791458
510528159
45114730
1249617260
14152546
232951504
29233159
293671992
66277777
28400584
271413771
15581045
87515070
1226891132
25555293
18943859
558570071
634077060
507859323
280975944
19093807
162106074
1247487954
17608393
748564490
820981544
38595856
15743939
31253299
362428898
1433898187
133368082
233746052
155408136
69058229
535339189
17839398
1480287824
995481924
1559314524
322377572
117502723
515847342
95244634
50004938
23101207
15347970
47650483
36743910
285163475
28133800
43165750
15518965
29463928
47601406
96482077
18691048
21066592
25108194
1061558724
13259632
223223150
206738304
471421851
257637289
223880683
342988581
366649306
113201173
391115175
388605204
43124180
470679185
172978365
17429564
260525895
14736892
230785496
6444102
13296612
84379665
55574209
16455593
599557974
15382186
7619982
2680961
30284449
38528124
16017475
823905
47710044
287474739
14398250
23483116
11735662
15492359
1496303845
60321996
18480856
112471133
22523741
95431448
1169166944
1244881549
48594098
21713693
36141163
27033939
380355191
463046565
103060719
273650903
1236033439
1541629490
15743525
22043403
1561186640
167731028
18594718
36267766
16153562
14700316
3459051
17504870
18495473
18229081
210236090
1392282998
135486289
27793335
19168561
18301196
366606110
520616882
20093233
14786182
16545084
191486391
50701663
432341021
20772763
97062761
15730336
15074141
59279751
47960275
18807379
5391342
238149660
620988622
57214890
11139522
26924638
43265210
33560871
1500655544
41188303
1485889296
108536859
737456940
584933762
119171991
612887757
866444906
970449830
72724873
15019394
165835511
470615584
269035668
24271407
19170025
748166240
113985249
203019733
174650165
233792148
856538917
587689599
16643730
386338775
262404064
11260452
30714308
19540949
12327012
17444592
175940138
1334350844
600439940
263825988
15524526
35342127
36590105
846486823
51803048
90720238
78693274
14343650
263879706
627864602
9673582
325787159
222535211
489909001
57412831
37515801
438632146
29343995
48591771
78693749
931594598
1448845590
15834924
87818409
30453099
30844417
21716408
742143
242597183
20458149
369613362
251086537
109974187
1329286664
402481644
137042978
12135732
27334037
480513441
20956679
27034779
23626578
95142675
250140300
435320046
534674795
14432446
863319420
34317688
387399160
28367662
17129318
811230002
20217500
250193410
485242725
31135856
54222477
32279166
140152744
1177432879
27987687
426901288
39718991
183016190
471810548
72678264
68221367
48733366
164285397
74110421
24026751
331075564
5360012
13201312
10340482
314142939
17006157
118228048
19236913
106136389
14146966
15147042
37376499
36714549
500436115
331816614
5402612
37688889
14074673
79366215
338286425
15462757
294663530
861800263
30886437
744605480
322658680
280817690
49415540
28350726
517299066
921180710
256502353
237066187
16214545
991541234
44056264
406669919
16580807
3365
17522250
21242449
123235753
135522493
323499032
464131518
134884526
823473133
1115958422
626504129
483390017
15911565
24057920
26902579
54932379
159457740
98559090
27445455
21925979
99850906
84168283
52930424
939361747
56104093
749970691
22492298
143668041
867029228
1260694280
743571500
21821502
455127562
107613788
144021788
176480348
12759482
14171391
35793672
15870110
37291805
151615614
15420739
1312718713
133764846
589290876
26771764
631328542
243727622
120164134
1092805646
356397775
555437590
143969923
28744000
446259331
20825839
392136808
386138534
81831029
23085674
269297248
131549536
38186331
25313723
23728057
28151084
360453215
243707535
29773733
126722715
35965294
35508636
128777534
211748086
18005116
240751111
496354231
1416251527
863982872
32487607
24552777
15236514
16702865
744992190
86967000
44379417
16495756
534638330
107335230
15779117
31004039
363400993
29842205
40477116
501500895
542500307
122788597
15408413
192999077
305003916
930905022
11179192
15168228
100818283
414519937
426167673
33107559
103041385
565112999
951493892
142542300
396039799
221828860
519698887
333433310
35462729
1296997956
56333983
58818632
124561538
126055245
346760744
181394820
16891934
589496302
15202326
351733935
1163390095
1172408330
107483388
57925606
15090028
229936098
567806783
24310683
78407415
38260191
20067131
19965536
16112476
259102707
296506338
28384108
367920844
21066394
536852486
30119025
176636466
16056711
404313204
14983968
628489181
472997148
349199993
403646054
15361570
19651284
1250007380
237845487
302599097
17870903
25296821
25507111
1264525770
324560110
48132694
17923799
247957468
25822816
41623004
516038327
77005833
493267963
314797639
40252886
48269483
16170115
260382558
59222022
89222068
30000912
40081196
168660177
16345878
297898393
318335671
143723226
312839703
26419078
45579175
306323725
551264176
17093617
428333
14652501
19118355
15426911
94646982
347666787
19649695
21015255
7766032
19918986
14641516
17171111
119228939
1342419212
24263880
62498360
975269322
1314835885
65290911
123627060
117189922
15236702
20375332
248922411
198317044
294660973
16678271
15617578
2065391
19458757
5741722
21456548
408634428
18327279
425365329
19304974
47954642
118854864
22201002
20264905
32765534
48849410
68441962
71619021
190688122
19986521
306946569
28261043
24023190
552064025
52152349
33096180
19219570
68155766
19687912
36146288
20173458
305732399
22891564
7793902
16842063
17004618
14056817
404359309
37945830
139477955
31173090
21728303
27493883
48763370
97474887
1346935741
214073707
41374504
173960211
370703733
20658388
467265870
16678611
20843589
46869333
15615507
405982601
426973441
18953498
67948157
635028535
191627945
15097615
23078237
82903
48258585
1397607673
60741940
16642749
20747011
6628662
23496832
183062443
22189904
403401974
1411205514
22986148
14056708
16566133
86776195
14982854
75069067
348658836
336218991
17539739
1314333758
105560705
16280425
531663664
51827531
26108441
369090196
619488419
21692297
18124790
41409354
137153552
34298929
77896697
1107548377
90287236
129858997
18031870
76744905
46290257
256605378
93473362
37258825
551007739
351990869
376252369
700037010
180841601
254069668
326333795
737209790
22801415
78081806
549943155
1398975781
19238410
1395912342
41348401
18924291
89484326
210918790
589247365
1182665653
15694778
15128661
115035242
9686342
301070108
19625398
164329489
17181848
424409927
19216795
103289850
32089418
162029416
14595574
18605477
21138094
218732402
17839720
15922433
16021468
17011177
39216517
25374096
16203586
20551702
93951726
33179436
370269291
118296871
42773
13448172
19940059
194140922
19939931
21542518
820411664
423960545
525425046
36054494
16295662
26132244
310630578
61297437
18911898
37732149
18803636
10054742
26092298
14368074
14266118
330744554
25755339
492455416
310391014
16989777
70448977
28117421
335666917
102751077
615159419
275581287
274063640
21204156
887628229
23628742
16970368
269875365
455856214
16895814
191858927
172536166
330073547
1209694189
328105832
14398267
634664615
1320798114
49459203
104629800
11204932
620126021
46115868
240157309
1155200797
92370760
244790074
462217466
28081404
16637144
46096376
14270329
993721842
18963357
16696584
348051324
597075477
225707949
16712361
40006326
159895085
35777372
21982720
73201892
509108182
26248887
28944428
78039625
36310947
285626945
19908212
167012545
96354656
44499925
9624742
25172578
425149097
573660463
21153119
19378014
81660330
51813427
14095905
238212668
14095993
10297
12609292
31414477
32070022
29562655
130234388
87397874
10880202
18562122
75060502
17899109
50393960
15016599
28128303
38508305
50360725
128680402
38518844
119049214
33991092
25562381
23993297
14275261
20255925
21415998
14073364
174767176
90714384
156746734
47423859
39414377
15827067
36207727
93151373
102416313
100028412
349271096
81896217
529734138
44026107
15650350
256989040
1007210042
427461095
3445071
