316762255
311248694
28706024
3567772453
2902166276
3010660028
3305584226
243407277
3021455648
3266848870
985258134
382381428
2742635638
2759434721
16805830
2797745849
3922421422
1517345947
35033769
19616718
62552214
70789586
34356968
1151708250
2802184291
74478182
156667887
844215979
1638581737
43161081
3653900302
751599470
888343476
272674112
329181706
241291614
1132099777
2793935492
1942913990
2785117675
557142169
3312414872
42303971
460771724
703596972
1562873924
37810061
50766967
117459254
326301853
2543631027
130296626
2833396898
1324747338
17826187
14874480
2611476535
2569843521
846661260
3311112710
939294302
1634544032
2413464806
3387779272
2163490567
1939766486
337777436
2466016514
2762115088
858901158
418275695
1649397306
50340794
19262500
368683354
366171075
22641850
80911728
3296737227
1295889674
2422576105
2540470464
66448295
1005825672
858690421
1348046798
2403306978
1957007150
19245912
3281082973
3375098957
420625088
75167900
288591803
883148868
2712777189
258144661
3365971209
2896040005
3313682697
2783355452
41527789
74534217
1963005258
137536725
299288017
106778118
276288070
13388162
14534124
326926866
3175450440
1690678189
381235674
23473006
137459598
962240186
3269871228
95573623
22104177
76300615
2867982579
1020015793
875914130
3078873652
16592141
2468845841
1929531524
8023352
118354014
2303061158
3061931472
145865042
3275377436
2876654239
2851211921
3370836621
42573805
522387315
1635736712
3132608537
202379936
2542741461
39091769
17574139
974707742
47447483
1611817957
913347433
335027546
281824258
356497258
173222203
2964731696
3036574547
412168259
106145319
142668302
3301252570
1854623670
1858125542
1071983304
1199574877
44977397
220556782
3071456965
6146262
362076448
459520912
619114065
3121496046
164223650
2168826612
774569953
383828940
2575600037
3231155380
513103840
1951801824
3015680871
3115889143
17931484
3350799328
3324579334
48057524
567312267
2972879756
26985520
3350942560
578911416
2185077259
2840583287
18243333
2531041
3299789201
2984639939
1237185392
32927799
2730241970
41097658
3091864497
1560210984
1075317048
3312684021
22741075
3309219527
3291409792
19899734
2916705982
2169575663
579929412
2612500041
2442278456
3219597116
3000194450
2587585674
1192247906
3272187618
2379262764
2861612062
41382509
1901485190
845736744
3219527024
3323141398
2832229220
34001499
147769978
59314339
2472955976
960363438
3140809212
588795285
2837448125
71400830
3277730413
911086524
50169959
331444149
146920539
18073012
2942431833
2924294048
3309182519
320855064
634275072
22046152
3037525377
2803890626
116501073
3123662825
3278249310
3333785439
106864900
2164546062
2555543521
47684484
203464874
291967006
18799102
2494216538
3267141032
340673143
1995451
191048060
3025701626
21440695
3166293965
1449585378
153486399
2983425627
944583505
2407152587
113892963
465098840
3255040778
22889094
1635890197
17120697
158810612
21152573
2495497928
2429468765
1510545548
179867950
218378834
3016106797
848063262
2903162671
3356352867
218293928
319238807
354323546
3312005445
37265936
444253896
298733362
17760489
37994945
17175102
945026730
1614546968
54162041
3245970722
706239414
1592168316
1614490248
3342284067
211489578
9213272
2598410371
1021055166
2369566958
3184624880
259962063
3250371390
210852616
412588038
1091253361
18140380
44844704
2485527848
1342248002
121522965
572976450
116819527
177019403
296129485
869462786
205651742
309972875
43033357
46217713
636847762
3358152297
999844243
218906212
995718541
19732334
2540926986
65897758
1614709028
766148268
186528164
995692934
3162664681
465729427
936964016
7945402
183720184
79005563
1655805949
1305730303
82382456
3266098500
1244857338
135296225
636690630
3294550102
2784656222
2308984902
116950307
2924075812
2429204526
2943122198
1683354642
2493486542
3171001303
339525757
3232287908
532736603
432820477
268503125
3304574698
15055702
2247421682
98717184
349400486
2814786182
913190064
2864445909
2336977752
714766043
389858532
3186351200
24120940
448550366
566806253
308149975
2481105272
272401208
3226690976
58417781
13032212
172379208
422652462
211692886
576129499
477640741
1540593026
525541492
579792410
2728238484
3059974535
2629439827
3176942183
417482960
427136450
322181661
121451740
574402773
2939543497
762539718
297282091
100871340
377325039
121231618
770186042
6449282
3041287209
29013876
1022743374
1700555779
3252342485
3268951388
33087365
2571166698
156719832
3098114797
570326668
198911524
2366094336
19781646
1335895868
2876715814
382266630
2245619964
2511006194
3232971443
732068989
280096331
113642541
2275210501
2352755771
3298480419
467303841
3236699539
36383533
21355318
110514690
1455263857
370113329
16613013
215027062
21004122
2670594906
3305552031
1596398462
254465189
58820062
3194228371
2923745812
3065935444
162058779
3149904922
2202398964
750100602
315631984
102476881
1689066824
190730282
480120122
14180065
87985800
146528528
16938727
177680808
425019040
585787048
2717682288
291778109
1876440181
2714801400
2932194994
1223008262
2838350747
3205539880
15271948
3072298279
265668418
44223827
500602801
49783455
1694173171
2387948766
3031875518
2357586838
2853559440
33417361
1404041996
443149703
2711263488
523969825
93842257
51241574
742143
2467791
1566405786
74735448
31409156
136957244
2541802942
114511652
332934601
157453306
3105623832
174296075
2932480229
154227374
1880524784
3002610185
20344383
235256790
66195576
164313767
387428329
55272209
1595655432
17035334
2149130054
3179856630
2711736529
3226031962
733319130
382490066
600089965
3180982123
2331377750
2902189351
720315577
356588122
3165714746
331338887
396260039
1665923815
3183631129
92313190
3044636313
2558123608
3162463998
3131606699
352181939
823579398
3127085801
3152913780
913640594
3148896087
713180377
2498283566
2445073222
3054125730
128338722
3054179052
2229707700
18048439
25684248
2815782945
2293604928
48967035
2883567721
2800262330
2329784846
2339756223
441866121
788551716
917469379
1551712416
91045760
1707266286
102396605
178106296
3120738436
107596431
3008561772
1219695331
2808402085
3192571371
2914576259
73663113
1322745541
3149429036
207190874
2698331605
1902236076
256820283
3150049032
3049397214
1287361278
19358665
33897155
238016599
2342500514
3150235423
3162726649
49814563
3094546587
1657703532
2906113191
472382501
344718391
9849362
26809352
16992762
3123595568
82321128
24530435
1028537388
2922822746
570927806
173757065
546830004
1214788891
1183835611
1681750830
2480628158
3210212854
3184613707
59291710
2357308506
2922431890
935672952
2931391639
3213226720
245156150
2180777119
596648400
151893686
3093594055
39023130
27391498
140453813
1726807700
16725958
79451436
1444141651
280507445
2747694630
65540825
31002344
475069336
2600800825
42937988
387122889
1337120509
197915136
2781033716
2646596328
859648094
2407810110
2852929966
2403379008
343732401
249428974
2900762192
2489860975
465800692
521877895
280658808
83020736
1418967769
109589843
3050323302
3226521371
475276727
1566038006
7145552
16956012
511433004
103420393
3011385643
3069907316
218737943
1952962141
66260763
2435332445
2775697945
2938211769
16797179
2203674186
3117668906
993800839
2913135572
1634171792
2658234350
860430050
2906409000
3141919385
78976050
2858911623
2398286508
1179529506
64691357
2941524729
1925628763
2965681235
2923353135
138178884
2238634188
2451797028
2562079674
2823575306
33184994
3153185743
215736067
3199188831
367480520
165135227
96438606
22513919
1279335032
24181699
316790613
816608898
381157498
757807651
495272536
3235658734
220733517
3233632366
3004793884
2695847653
2323104439
187298141
3184567868
264039984
185456602
269152542
490070031
268051125
3112228915
3181966735
2613714180
345519084
143174321
1444227289
3073843269
2538693012
16987778
30792627
47546626
1962390781
196048718
2941790233
29627193
76079912
91786542
88396027
2919890229
28275533
526856916
16148870
247474385
2837702215
2515384837
2760535467
2580097568
264219518
3186293713
2398545013
3092226359
1152202268
57133204
3234781691
316503137
58844003
2878005283
30557768
848906316
525736171
190263081
574572778
504603719
2783756149
2741979104
3211697998
124395804
713362495
2817627529
18308932
2835581874
749523404
24297343
1569324086
969443558
2842743784
81533998
3075443840
2851307437
556387153
174007638
2578546238
1708827812
55697019
2675873958
3000054973
26739595
2319638533
560549969
2864502525
754943
2273692477
250589279
33869095
88543110
24803478
266338284
153504867
260810196
2425750634
308861898
338493371
2298840798
26426893
78897879
75288801
69034506
456120938
172371411
135703142
574656873
1431115141
342834181
383461579
2437738657
355426860
13289612
18491626
782975035
221702605
92633573
69358848
21313816
865402568
2565932726
1648809902
54577318
65368894
2749108738
18804364
2495072576
1183041
54730258
18393773
2953534397
587082979
41606204
39849458
2667121629
46128095
3102131682
14293310
7406032
153981304
887194236
22854415
1714307845
2902229131
2577304117
2974743963
276797119
17366486
20566680
207357269
2530752222
244746802
517113475
120820589
51573378
2220204336
2742876210
3063099021
3071793349
337803816
22934564
618425626
439739483
59143811
2357835259
42747162
263506020
46631485
1559500554
3001580871
27128147
3145164622
977243312
215762805
27670769
17610817
3026619877
39314367
20016040
630646276
1010273354
1267858567
143938652
2296466181
2985984619
336218991
17899109
38508305
16648790
18981325
17898494
80330717
227026265
18359336
53043643
3114718361
3127835460
2828429762
2683326324
41514411
1653553104
483911558
32234298
2766248344
3061009811
1573877766
2538655598
116842809
457541248
14266331
572730972
59238436
2839766175
67700991
95486467
19539314
2913856335
2715870841
3120319624
3069486562
323223354
1071277818
3047726347
19636959
3109370281
3064986478
3070581097
3090691698
277630069
3119751177
2207456465
3101421099
2236944377
549636176
287391977
1646382042
18591259
2454715070
3072783845
2690321228
14808551
2440387533
1252148592
793314403
462016697
465003761
3105490009
3119818091
485984810
3120184383
3120246953
1159015368
2179198289
1479676728
199757437
15357141
2890981454
40987091
34618800
3120434303
13521652
3102090796
261486445
2755618274
3085762811
3053728110
2736279853
3074418554
2431757420
3109657902
2909653800
3109752356
3075561287
505112616
836570682
846864708
2219169925
2855490870
3035960554
261217556
3013849164
72952911
2975430886
399462025
25219018
1682010678
1873625443
2727617606
2707288584
1115082859
3077798016
612630017
618738947
385557872
3121076619
132689384
3105042308
2913655985
130507754
2292151592
1376926352
930843500
3029447039
3121917153
3079170037
89084561
15846407
2206155128
15884656
1630652706
554695417
56440315
68736006
1891649503
3091661072
22964444
428617677
75314586
3112165215
2561276234
121754384
3115310265
19921435
31454480
2714620502
717010066
363149868
629768851
52079764
2515440006
120027945
499502634
2971773471
333575249
231220335
45900287
2842171240
791453618
708118624
2512404136
199760361
1173885216
609487530
56882475
487179888
348664925
35638614
2966539847
14238909
305878134
2986310005
399708811
3065896780
2261875860
1527891816
17874544
24749315
3014515183
2864691511
426641736
315448505
20296735
2724627800
25654475
14392531
25384329
38662437
2163576440
74526911
64496398
38708573
26250653
2260150651
210684204
53172720
2516894600
268071697
179762171
10609732
248888569
3075306626
360144617
1631551490
584239147
3065709730
944911704
2828809156
279631800
987677232
2764141386
1602206389
2982793173
1906165304
595707494
2527704205
1106099365
2402788092
33140632
2884956472
259993532
1945501753
2195931163
524623933
571048612
2386378038
3034295322
580936370
2912116595
2980368131
1169852184
1379146543
1391519978
177395594
2927616842
88287378
214349712
609224063
1685692182
2760218997
3068763144
2794441061
910504189
505031563
584473878
1487821471
1363071674
778488428
317632209
484854521
529303560
2306849268
565698399
2411299854
198657135
3082964055
2986146123
377446227
1328118366
321178338
2212274151
1712716986
2155314662
2230993626
23423425
2471682950
21173036
31313057
2981459391
87504430
2866737568
860577793
3003880354
465798812
390827278
8410462
1405930292
257020771
232023659
193887132
1184676649
586004518
2930113332
2963263648
85770645
3051446095
223612990
301252412
2197379901
2796418603
2990184008
25870634
778321171
2467979366
2744659892
263866847
2412369013
3064833034
10771752
18778875
320986370
21816707
472835083
3062082574
3068103333
2669323826
156642577
1004483521
2810099720
2952383186
2928702126
195925885
43343617
2598847584
1973570118
61948298
484272804
329924876
1682001192
503890046
482567809
1670759532
1892907380
2960365608
502168384
2999879360
6515802
94618102
364609996
367322835
1608609986
1502417324
63135024
114504932
2612414847
135949292
912828757
2987886844
3037117417
1158539490
476456500
1276543584
2575656660
197065399
2874920800
1619691427
3018641154
2959382145
482850977
2411479753
328420995
288714505
2540347086
2699100053
551855592
335417637
252629427
80751646
2537258817
44476151
25022235
2665927926
2849740629
2264365661
128170929
1291124767
387119897
2389329103
2744066632
13289702
355644638
2470567235
2820213447
2556882602
23537706
3052228171
592334980
742909520
135347826
2838410826
594835863
3016157884
3040417476
3024241794
3019957967
1356807036
356511163
2610327805
73905288
2282708125
16514629
2866443367
2377784246
2326535313
3042585582
18732392
2710046430
276415174
2561711694
1278577009
884843808
2249234744
939244106
163895905
313060783
1705987194
3031324661
2916150622
2980293029
1707818520
177538609
983102658
701186761
1586783868
784046534
2351371389
852859855
1542767918
1911966300
2732374874
2891337368
2508858353
606086173
2182756567
3024841959
627474764
2587816958
2345912112
1965155858
16858607
3047286893
365390906
24152209
401101917
512032422
2949852845
470380075
341805937
3042602988
545630098
1651829544
283318621
2731757052
1920854562
486905587
362667050
1295921610
2887290087
2339440668
158354155
791397150
2732457504
373441444
218696271
41089776
2977264832
612873581
2364683719
142809109
2300254047
2576822448
114334624
1893792014
1376752075
1132245097
598298036
307311190
1530872383
48404967
2670597032
541343465
2841531724
19754314
453537164
2892393714
1663723351
1579339794
2430472326
608714728
2412584862
861772088
905879780
1615666668
1684271580
2783034888
1726059050
837565482
2961596869
508870090
115467877
543877774
2583223111
2239572812
3024463344
2889421139
1890732188
269822582
2710258423
2997621294
181520460
2725782778
2859294735
2844480924
36593169
2279866458
601467590
276231079
227892195
466381332
577492050
1904425136
3001507749
1086267960
883228868
2202642270
2709653096
1696738634
2780838415
2390118342
113015216
104434779
2357864742
404645235
418001731
3011663611
2975471334
372019676
1581989929
1521525139
2322725153
2268431784
2922142063
57808015
3007142088
2763574323
1290262826
1739358805
17942422
2261956782
2679978278
339749518
2464570022
940688197
463800897
3048454876
2874505149
1691146646
1499175920
2712115112
121898996
2336582923
2302462102
2855476982
2302079083
2364424867
44266484
23846313
104580524
348523447
41943912
1288403492
2729626152
2853841887
282174952
2251319113
831301968
634164724
482501378
443797474
1354205292
248370875
297065736
2959130320
1885075334
2728177289
35985758
807938377
583758417
22613922
1153729951
2868196610
250770433
2987844513
979206613
2743014881
1465454936
365449692
387738545
570369350
149807338
459738932
1275465218
130284095
1413787724
2423663216
173217828
22906563
2987671030
2978365426
226649908
480005040
2220752570
1026048648
760427912
57471954
351593711
637249763
17008881
2424168684
188211658
239187520
275452721
747189918
1174071553
2548327585
17144794
50415039
64470650
1242637590
2615995854
2203920469
272108665
113514666
1377498798
747243493
2439379736
385178512
2775585836
1250126874
409989719
1715938206
1726208286
1705184304
488225073
212361373
18925815
2322635068
74493198
70260544
1510699248
1686525890
40270395
2892334739
2352610831
3028290553
2963302348
3008509900
24967240
519645601
431451349
2213259318
2853255194
356351932
66974802
319370942
51648715
2796151722
1644533239
2833875467
400287653
2494549105
3022883984
2763233978
83917278
2791709380
952661238
1114891292
31213981
39243538
2630773263
1703249250
14709108
567388427
2995650556
375905428
2173136485
2549945496
14078052
2515389593
479826028
1470230203
1226187601
1226178296
16630098
29748146
384239522
2859502283
1454049846
3003542637
1164339516
2645234389
1704998395
2436039284
1376002820
15845617
24585588
369590656
108697764
2628619034
36083678
3021582166
22510870
1368191250
776821484
314886325
2550039812
853640142
2584692632
366398685
288102485
261007177
2755940369
1694886222
56716662
2913957239
32539107
2201561838
31676963
2982810507
1304864108
278679493
2643750837
16987323
346517927
221320646
362121399
598505596
735540240
493623815
2887346775
27097445
166232947
94270238
16319262
418980914
965442636
1549026758
29067046
17915536
2230395488
1425659460
237552396
7694612
104995699
2547570831
273973263
59109040
540851801
387380208
1315827096
93722078
741341576
2727362232
571579514
1161766586
147289365
233308072
3007062858
2967280475
2363265391
1110156374
616714985
148527053
2626284987
24178151
135296783
3008512456
1021106468
26989823
1250478661
2181062602
952351753
2850815583
1357411723
1909892281
576273136
236705523
50861388
24320821
340507483
489905767
2913458149
204106432
9335042
1444060920
33694802
384505821
2925211398
2323216058
85962956
395940058
1588665614
2204464676
394264445
22428454
234959897
2906371763
2976337785
2769768319
32254666
953625438
25671045
492837163
30452048
25085344
431336337
2862233999
52285335
571057935
2462110742
16632327
1953834319
2319276614
121110827
2294574235
21704514
2863663355
500653247
261523336
196147311
501457093
1689210726
310442495
994878823
2578803980
466078904
2855024265
17372309
2752138186
1054094424
2959914241
482154687
23546466
2382917912
1710240588
17132263
267127746
1581828048
804795397
129021400
1223626358
268697750
751222688
42777058
2331934754
47962648
201312419
585522963
576620348
234842761
16139345
2859801099
1130429179
1032588252
98519315
59337670
1639501928
2189886021
29021314
70286643
2173165597
327503171
114759564
729818546
2813807610
76644336
591221150
780981139
343119998
1072126135
44339093
1469051851
527829452
586934207
358059010
462246830
2200560546
309820525
2532782675
163106079
147668048
2958735735
19127580
1262586476
50830254
428504816
331219635
2709796530
2745386796
2735277164
493382418
56499350
571363372
1322861520
290569938
2609860139
2201604798
172551311
1466286798
1651576867
455026960
310945841
338750855
2324766427
61196100
35591094
211586289
183752756
583450137
2893546835
1070462030
2183063491
251112202
105540694
871997191
1239966860
2556462373
994869804
464857068
195731776
1259184451
1442547126
957686876
549351248
222196369
107403328
809572219
228406839
1468127678
200068812
754248878
18164117
2283336410
552605329
2613903391
914680658
148102719
28451363
2891937895
2234396547
323213615
542899741
327833371
163823510
214464907
352845108
1911220315
2938465149
286037832
90425557
2441223972
956081209
396632897
57711704
332501564
449768799
31587111
1280888048
23525225
167148285
312334057
558435867
388058359
2927153888
20234419
2198758777
16874234
961775179
17564255
340040703
108485763
2880322694
844453988
296517027
53210778
902908784
2278280413
282714236
710657774
53573792
18448714
2468267716
19663766
360258718
283916507
419284748
483232642
1874363904
839130084
108866582
342421305
630955094
1136397811
864803437
609828134
1652963059
2223371784
2353763244
21907729
34654777
453264615
2967315427
19929544
75132724
2973640769
232865203
1883686746
1278525710
23908050
992232716
2402470722
2476393482
5391882
25657401
14128602
15166459
14345566
17625560
36782022
14438417
17086831
22845566
20955168
29730065
18784113
16028750
258169256
2160694559
264112593
31328269
439633412
71985013
368716201
979570650
135000384
271131428
27911633
412921621
2836932519
1289040289
15305980
413547581
2842025677
195674665
2887219905
37784548
996449732
31974706
250893892
1950132858
276749158
2619102649
1593851258
1608681240
2650729214
543734775
149238706
312581212
1055104291
40031823
14353552
703638601
96517820
117274820
2319031710
17814359
2300059981
1663753812
2395506132
144600913
19405902
1702479547
62981413
347686307
2162077659
172714923
523834484
23088903
619358270
26627368
372527599
2962423499
2918396636
155959885
297513018
228872528
2553707966
2774280565
223506070
78409968
577189852
1909571346
31524889
416197370
2790344573
31531697
581513718
280044044
2940937164
243053988
7748812
2412916757
2961755008
2385896346
116188548
355411097
2870683663
2961743152
1096876622
15191788
524443028
2926678575
2733194172
337343337
2936488331
60891247
87526624
461938712
1253688062
172816189
185237923
39147811
405119632
31271766
2896505225
159300298
14704444
1023481993
2953556097
19157483
528491067
235088034
637383816
21689267
116493726
320177294
2595270735
329563011
233639442
50898266
365577094
1389798692
18102933
101795379
17068402
731197244
633103436
1526411586
350652534
1609678633
444129080
316686071
401833947
127011042
1311319022
472558207
305396405
14967858
1528952377
809531990
485312948
28437497
2949993887
121274639
2194349713
362534885
113530849
2151630137
388461236
38749061
411021340
2800708351
604842642
43023252
1567953751
444108358
2476170536
1086538034
2931500138
2330854404
720721400
2933988225
178459112
2918914062
29961520
211105031
2166061499
116788752
756975115
100608458
45802779
580397224
2392862264
19257231
2895677816
1384881330
120201760
2391930962
24073838
598445916
1122745249
15810673
878873594
292673121
56901557
15289050
48092398
2911536252
1530047173
859079348
229792396
269292431
1120077985
817001700
2939570417
268478648
466713479
20411624
22527897
2219822348
1070885293
145299831
17082886
2925834135
325352141
238728804
41806614
88654407
15029877
93312210
466893818
2734391678
65986236
2937231989
299223588
1290048500
28165583
18992077
1378622047
208931294
236859212
20890724
2203678256
56590811
37206125
33317832
567699872
2860928633
1412809591
1639631694
2311226999
1029309806
2954804579
31546426
122369389
265715104
107497827
1067012082
235201219
1961056670
2327811841
636953244
2828270107
55278772
440437272
24555661
415732951
27446263
2832551305
743856512
457991047
2193273966
2792582181
1872716642
371008486
211973002
88819630
970696200
14695039
2499904417
36293517
232753284
114015711
56925123
43216187
25833004
2737352526
1861429188
382435833
1606821056
619085608
1009793372
29928674
356843587
1527803431
1415021490
28795555
467786942
2496837961
526883505
1226629376
2934718571
2703723577
83835977
2161923204
865579141
1727270996
2370160254
207675911
39389352
11699902
2405023844
2563503120
2340980965
2644712902
744061806
2341152848
2820380835
2215029710
406392558
2228703751
483547770
60980765
17849437
2906192426
1650330108
463003184
63473129
2769176666
241235171
243351156
29550154
338758482
546121264
299274488
109665564
1888042166
986880374
19380198
494630273
2916932547
304087150
27385374
571927370
488802237
2210996442
213763737
2268301436
221113304
2642875904
281360691
22747978
945257606
271159450
228418229
309070925
28094355
2917311312
2860961703
580997286
1186119924
2830036501
2923467666
2838930166
155417157
455669649
2928843883
126318751
564922098
259944746
433418680
21274675
2167125595
2431555451
1944387967
1377966925
287263223
488587899
269916323
187234309
2155259389
207392880
2839840961
1132479918
65559108
15493045
32286037
573012919
795818449
290548392
221104575
2911174682
316882962
293665995
158048404
188831152
2910232447
982523971
102626378
174225594
2901550766
2920258641
144578354
2911237131
2563945526
16277333
2902097589
1590053022
1623062155
2894364710
855393115
2852128831
2918348982
75703831
2535876690
361048147
7522282
1228573112
18342919
293993838
16438503
30058899
2238074569
271987155
69328831
2808348612
434995012
53482927
759944660
335051175
2541130050
87397824
1943799800
2160856232
2382853022
2401045405
2215496480
771045518
334383760
2563089421
272019516
2731731626
2904702856
2895324330
2908607931
2494240872
17891888
2294361188
712470444
294628403
2909154707
133869949
2293230229
517114339
1676789839
6432242
173522609
228801089
895725907
27998461
55772116
436727518
107583939
485314416
2887012157
44048035
58787258
1637938524
330619205
1378784184
34620629
433585729
127467773
942029142
334752339
40974469
497718591
17216936
630381790
34479708
1704875497
1605369667
236401429
1511323782
41849743
2363486215
333679548
201725546
1887307219
2198081792
37284430
96822166
2239350253
2657715798
516417325
2845777780
15279175
196753555
114194250
2771349414
1616508062
2857570725
2457144896
2909196530
129891498
1856202488
905057234
2848453516
913589304
2367688916
23459740
14123751
18847590
2709570482
185409390
1146642528
69189398
2842591140
341643950
868052768
386188501
2239285093
1676586638
2757413021
716852989
772605038
2899723195
1835239656
301325111
26886483
386691474
22447544
45902935
146528970
2863834733
224894374
2620008541
2688375949
2742348023
351787639
2350404842
2735346141
165105053
62979187
2238287383
2885403793
543419698
2715704586
2751059714
2837217699
2860728622
1514710747
2431186434
323864582
2497053745
2746369481
239512463
111771553
745924076
1340816228
19720160
1666775102
1954073852
1231983918
516894776
2764359364
922482074
2690770147
337441352
22899932
960725760
472097329
759280945
1281805291
713335791
71585694
500952000
575466014
136642124
908730775
2464997551
28456389
389683978
2252471246
285662530
2565340646
1482468840
233396167
632518331
18732038
1213665630
339181119
1163177528
113306660
2436535886
2282843821
1275739904
457140345
729730334
413180676
390381710
615251110
495633289
927819781
774324110
462284170
325710826
184465244
237087104
502346609
1673340781
2354495159
2786381601
564784432
804972908
2841520024
64723460
757380254
551974058
618392584
115708688
1004136331
1966857582
872190452
1684057622
459137017
1852240172
2338562703
2575931708
2329484220
336130797
2413145159
488481573
1329775710
409724060
2801124535
2240927382
1513046371
2491948466
21595696
578505418
2854954709
2382241236
981832357
1467432157
161814495
159436272
2833429536
2583162025
2237634787
2319329179
182959701
2903133757
1591292112
85229643
525905100
494552644
424666108
276138278
574472952
2810641910
2431254637
1323245358
2835388041
2499603858
2201432222
1945279866
2396748649
2197000904
2799897755
2309002669
1660279028
1650661735
2790337963
921448598
2200110338
2231464708
2634560309
637277960
57563632
1454634608
49944903
243637072
212702468
1297593913
148238680
2153850177
67156215
50721937
980731214
566862323
167441637
2785393437
741695185
2794654245
57894729
103540293
491828236
404893823
1546399154
54987641
1342084850
248840578
273715656
105505114
150744665
2470466115
187998666
317679616
840571418
344158454
2836001678
169530100
29424701
428689416
936028796
36072989
51876748
48000895
44956792
703170278
367164940
61366719
809366797
2303138725
1278246066
15840088
545467331
1924945195
615398239
231924930
19826509
14062180
1935158772
40018898
390815649
17165704
454249969
21248182
558997164
14416109
376882603
1738447910
830925962
534485670
2745063302
127619585
2159168613
832550701
2751256921
47427170
2711987214
21602191
2561801685
163631505
111975109
2415986398
2239425086
2187280621
2776581618
1138440480
372369259
758849893
584041409
135696241
330639599
18851094
1478302022
2742543853
787561106
183320178
2765036878
2433023617
1686807043
2169464304
312963612
2600943492
14774511
2515920666
17941273
487141718
455882899
342833184
61980729
2790390341
267481805
47901606
101795208
25880915
787431150
148594112
2823447918
2230805586
385781658
2848130985
2880162493
1927596390
135558761
2880242816
817902535
1385720004
2747041080
311627579
2862861482
215695010
2806709144
397787623
370833141
19442713
1025610667
2196702734
2850314682
136115568
1327346377
284812522
2509000098
2421990510
2712718765
484596252
2577233227
2833454857
2446048146
511450987
2811295696
2877225000
21216917
863514680
938956478
2658785413
2880836886
2868016470
2744033203
2389851530
2846100226
29999908
2696262102
117955607
2871341929
2701453106
1002314191
155786590
2848419275
77325868
2452144621
472135455
2773015440
2880755880
814007198
479631623
255997031
56599782
2845279850
1549090111
2816724303
2848557771
20661890
242198980
123083539
2161309418
921129218
2875846994
1055593891
2848614077
1119446606
2715192332
2285731056
2832706421
15369220
2284091611
108346542
45846904
2881171706
1205209999
2800337482
614679366
2529715693
2855857807
2537605416
30905002
2729826894
2848046212
475448990
1129975879
1917309858
40007470
2840697003
2869658089
54635606
2798052072
2845268740
632548797
2881237262
2591152057
394137353
707885756
743736072
1445459761
629364270
26434218
906706597
172165045
803973336
1102093968
1042574654
2475530096
552647425
64327289
2832668110
749347465
1147666670
618305891
581654024
568388613
2752499643
1481253294
369278628
2826395636
12128052
14403938
23170025
32233514
2734519752
568386062
2303587489
1661208043
613858947
730136131
415844957
1705714693
1869744295
540417929
32968075
631657132
2842763449
387195502
198354605
2780947058
15909748
1246061228
935169242
328778176
82503459
1976223367
103352796
202542086
33002502
2729643050
2214936722
2852576605
599848617
590604647
2460110624
912499656
66537296
251899754
219605856
1729105820
901732945
1475103302
1361906749
12517802
487586720
2854482132
20071913
532650003
396947901
256605991
2726229741
552302317
2813733601
711777697
14357117
208362198
2290135730
65704592
2656354007
375959731
33316854
2788175298
193124451
2812067418
535925166
1940973522
34350612
22333899
437995900
475349033
2696226648
2719704637
2802033985
2350782080
746364698
389497277
2396314147
1416485995
394912449
1875878293
14890068
2289260958
710973654
817163455
1729993879
712620074
318082237
558228036
2782357530
630741626
45333416
2188683001
243672144
620522164
495839703
275823850
760111538
2252943234
1655710298
2336649341
340502733
2761855710
2282106528
42937181
45852574
402792703
2785839209
1617519512
2209303374
2357545301
20738299
954041216
2715830574
2387058031
2160396131
23376591
10219982
1686127129
2747751804
365122131
12640682
533444897
165830698
2690364091
1449377480
2812007149
18618833
107496315
257596990
635670321
268032380
2828500842
1550310037
215694418
2465130805
562032808
19289340
252485168
376236584
117658269
14075928
25237746
170458179
5988062
3108351
112507731
73057679
14079402
2775732438
2462320106
709056212
17122605
114290074
76828481
353297849
370827194
618561152
26546403
14906194
998040132
21679555
392178723
2384156131
2573000280
626265389
246055150
2715156604
88552210
2742023171
2736787989
497494001
1673234983
175169946
113439399
1198695090
15386223
322288851
212767052
61778183
829552003
325475353
267786569
73493480
20414217
14318503
1485594768
87728667
175475048
808046508
1125378360
605556621
2536821702
2497198886
483365741
1426706779
2393845695
1289628522
343692207
55365157
33403062
397011056
18662289
366087698
87505142
23452250
2705125820
168499382
842083195
257294912
68189622
563291636
1954691172
296446197
59486200
583311546
1953173678
1317461761
1881065240
149083978
160772294
621437962
19357272
488152963
77027269
480097119
396298696
16106822
344898065
1248254635
609327469
865750692
96724926
259967272
124425604
733573370
99330624
1648147814
620396162
87532460
20063063
1341955303
1373075516
220266778
213053129
1306514222
832424058
324849936
209011584
1277472973
14297098
17277891
544981304
925374086
2657348609
32828294
2674859352
1497487117
220409483
2731726444
1878072126
704029934
19495122
54873717
2304811179
238803985
29570464
165477703
17772372
114288635
364662029
65151297
14953823
312455337
245265189
543994139
2366211900
2363717934
89343281
431930052
2496914643
2300411364
1280583415
371192549
189321890
1043089765
161533805
323952339
2704176222
14470777
319753448
364935912
25981003
403501763
1020424015
624662147
99668114
22444622
462035597
196333681
70971008
2686871736
249216794
394769100
1540080062
1699137660
492046949
1723280208
64194877
28348145
61092644
243324920
18992010
1563873200
838732052
74530239
331289549
1639491541
1086622405
2182891302
1746134466
188704811
2433534989
1024638715
1160194298
2282501286
1529357497
1328269117
2651238365
591873613
139210824
2436046920
278229268
316565637
597527056
872329454
798476690
368669899
2414675790
114758196
45368727
751664856
50826835
715186081
40543128
556159040
482290543
611681759
1384236128
17021847
46405649
46986950
31043966
160383544
1141453130
409471094
2690754144
823805503
17871254
1391872448
1317720540
232193762
1350711794
1537601208
1155704310
2583149473
194209267
773584219
1373417190
65437144
517776363
2657853744
2711074191
1873157144
22590555
748298052
211333795
1492735423
731010451
2481923995
2226004997
141080552
443333675
13055352
1194732103
2686028738
27304550
148346042
797604186
185797393
1032373056
19626006
2168718031
14649652
2345843503
114035789
40173083
288985308
1965724418
861617790
39125701
100487532
867277381
1355699240
745792250
33933259
1285936266
1056371461
39585367
15440286
88713888
169623182
879715723
872947195
24166234
2540312701
2539492117
212316811
18124830
21465147
118917987
83672439
257659030
632659476
77899973
2329533280
94179015
532600807
806824590
565294271
166419623
514252043
42726057
2214487279
1195327196
24068832
1693907642
68779049
28897401
94284377
2373060529
373455972
374049926
273346786
17363784
57877083
393162521
82753062
104857104
626934875
2585308158
53241146
351155927
625724194
6549332
880999092
329223349
245861903
503140911
387325356
2604264687
1507083174
220925618
53236607
1100661373
14011182
417598761
23102154
56746236
17519354
151921146
18726452
102723869
41434115
147369211
2647923752
236323697
299788514
275161348
370866807
21828825
369763302
711032041
312274070
2495984946
16506355
298420423
1618463588
80849661
156588911
296038712
370320878
718447094
2656727856
181240916
143547301
537807753
2551364335
458925291
2620183266
279950087
16451839
2620799686
165567075
2363731423
2455867808
2577621253
1392012241
2562553514
2485650703
48218515
2651046240
956843762
1474019947
18145275
1002072072
2598490279
2566283322
2276940780
518691220
89785416
2314048932
10264372
70249670
116854025
2428012176
1321692638
512712265
50928487
472002401
52697962
26929014
14205089
277659965
14914029
347448361
2312755033
20307772
2531935506
1887882265
511388902
2345021
874026404
2257703935
270011759
246303167
847617913
1082712258
2180269476
593746763
431698230
32259723
771671624
740081851
318342141
42581911
93976071
919835666
141662074
902595703
1379780850
600853187
17061220
9137702
16247494
17584623
17768152
20011163
36520288
46444632
156166444
164523734
220810493
222191763
292114743
295448081
322783399
455180889
396090641
404944478
607280726
613778646
731250895
1110324409
1172441425
1537590792
1541564984
1585888873
82527127
21249567
46132618
123310100
160354526
200518888
333613533
261437552
349443901
747896383
2489332902
489578976
1897030645
1620660282
168782737
389717475
64093567
119718512
2425976180
283710953
40544415
108359568
354847710
322933840
22756947
850107536
166315104
16014840
345673106
430995737
1394892655
245591131
291814511
21499842
214948918
1653882212
480570204
2581159921
49525586
154564397
171209768
1598551698
257600158
1593958158
1737654606
366674789
50050770
2471835659
211912973
1084257470
1329743839
540010928
597878489
2433486152
28868055
30151506
186281344
30585755
1710332772
158465784
787505730
783006997
772448172
42763362
2558089207
275719797
615719556
477112567
1591703820
1694731116
21575523
16880418
2572011883
718075832
2298711151
309154380
353346557
34072631
742048140
287366696
1380176250
885618055
602155553
2571725479
580516425
1686813277
270015820
142317561
804240373
290003802
304083287
217526491
790559034
1021184400
778558855
52814057
386458378
2413472830
1623309914
37666554
1568712974
35455125
206156853
1491810313
52697625
523748841
2578174573
418269161
26395411
86952570
874208846
1527875623
35723163
2543435562
23678266
9053632
2341417410
178329247
66253952
27888785
55464447
723003216
388658040
24752493
589908538
524442626
9069632
21202156
1585014084
586696699
20335030
2484667159
31006888
1473235021
2239281864
36598772
521700523
1858424041
62513246
379003163
348263678
410895306
1436691464
2526204265
35187089
272985468
196832041
2160576084
21917538
51764930
35966382
2361106420
486942796
1618587750
804990306
21001225
2429373325
1360820934
18431239
2574125016
1616857544
845317975
2191196449
97482075
384271891
1533927565
1690972543
557577606
1923010758
2546069930
102281297
1667385986
19364128
2322721506
453351020
711032071
905150905
328237227
36213796
23127904
186068250
75486474
103794694
925590350
2171942113
32713778
1262269124
1126204478
1390279206
1410680971
2346981779
1237088149
483323700
196295135
182899114
15358606
625401104
302565690
118472144
1368825144
598804523
537795277
357977054
383820312
611424373
2245452396
2538420727
15229922
1551936092
932900756
168380922
245339807
7609172
192912702
2204042821
2385845052
109061079
606335944
726586808
2207607146
66739555
762558086
129088980
245875796
221517752
28434062
575653255
2532826424
27693055
32855789
2568220344
14751689
348456052
777250994
49966483
1022535902
30294104
1051487430
514586471
35839010
2400262296
17501654
12802412
1700752914
331856297
213358630
312693963
85766701
1467829416
549553384
2504047880
181991791
16386816
267830196
2475539624
435592265
40341288
168654598
211284223
2507525178
26990430
17491905
2273273923
2528034702
805983426
201427729
57143711
791799930
127847662
945507625
244115141
341928805
11277552
2379234716
1848909380
372094189
2239620991
1402415976
51914050
2205702036
1616783150
121903906
414673210
492346519
2561903008
65140678
53935970
385498971
2572132080
1462018621
2402148228
2409431994
2494746602
273719807
153939148
2202135266
21695613
721257865
377085456
92277964
2217720558
159214198
166268737
23481173
63335403
1830048212
1268043979
814123640
739643924
2382600871
10138632
2573336737
33391269
76794792
498300632
152298149
23633517
1651376617
406587668
1577233813
523228729
211162215
324761287
8032592
43620939
41931032
27195999
1512729674
109734672
236541060
309265179
14420259
935311736
15687667
35709813
88326363
102388600
211499852
2405018300
546775005
2172612418
126303524
2161083938
2192343643
925542768
2510505780
398834568
785303622
15823987
95490284
601553317
975715015
33016413
620296965
242912115
2460133452
2316032862
22885097
2367949015
143449352
2542455733
308136190
144915463
391731323
1725381390
2274933692
1148241018
2528417101
521804840
2563721508
27712340
53423776
316814578
44513519
202787587
255655390
908866382
25469115
301679388
2609971498
16819278
274717452
1370857098
757703701
459708558
90529282
2153922613
32828718
14100047
30780993
2360567024
1857378067
21632806
93904183
24467270
958907545
2497090014
2557409520
369338429
759567680
1966903375
1340840652
1282881692
2226674803
264354793
17453394
2423965682
19169125
817084598
155951601
300734272
80152051
381524437
16347112
2532485905
52720860
239514443
319760335
24262419
121889574
29668261
1961139458
2531254406
1646589230
294084524
379847497
528227310
2567308531
312571687
336646760
1681748754
14581102
34516629
190727620
501238129
245714683
467021545
582143434
18491432
1352352709
1508401562
2528200466
392589627
59602063
2384541050
1183097605
2424071438
951426594
456566987
27028905
19601010
2507761135
69917857
273729767
1308834690
191833817
285244931
122270631
2569792794
1618372699
64826965
511066237
98718732
2535374797
934428066
1134623118
207908947
223257327
66128026
81521254
166314707
270019796
552625702
317063706
282599586
1652842164
242035798
111991872
217515086
44923959
96130777
952688324
395057602
299469221
45871696
49813652
1205279053
718939332
312201493
1254538292
589970713
625486006
628271333
895274407
1883612131
822124118
539446839
2565379352
737894706
108733801
24475482
625000903
1589387869
17148761
2549946936
37923758
2536311180
2149738825
86948180
19332805
30707691
229510508
386359134
779355008
2315670037
770790037
404175750
2289024698
214269455
2515688755
326121941
1577291408
2190015967
366264282
221517157
1345020823
225159241
20118666
599074744
2557339752
2557402602
2595709181
436938158
1392327450
269111417
260945160
202346181
2176659908
2557453602
607267886
2542604701
453679468
474096973
2557503991
488135854
2201662988
1438751803
2551062890
815983261
1897397838
169251636
391633267
2460701609
6606662
505059894
1677164870
885369487
75352633
452586731
2547266546
84181697
2235998652
124789994
575968324
1284904214
1176568482
2542737960
2326585274
393608992
58743626
273702879
309426764
2226514441
306407721
499188423
1902539084
1960777015
2494326764
1410541224
2506092056
297397894
174671240
1485447024
2315956454
2485495656
21712319
863801118
17480295
59318685
57216433
104254030
1429362308
1583677483
190140167
1626109424
1123639140
301551634
2436272576
2259830646
424739314
1963461930
1724118721
737657348
2373985232
277276643
215262962
29351569
549591921
277122449
1432029444
1970686525
493689034
25602418
56097431
39772805
1069614486
615414159
179688231
407103524
277467988
499107746
18018397
1102492531
2338101362
396782742
2349133487
2322942254
2319462150
2326970268
2386080325
161758334
269897738
69791632
1953329106
181227229
729078499
790743
809309
4339081
7239682
7300242
8825782
9457892
10390692
12030222
13498792
14123301
15018192
15047273
15051291
15085196
15180121
15201249
15209135
15254681
15309972
15414807
15414895
15460566
15741329
16102033
16165288
16356750
17257144
16585876
18258901
18301575
18890088
19674344
20374904
20825439
22995045
23145095
23817055
25529500
28264562
28463029
28743136
29309187
29586545
30316960
32412800
32543370
38209955
38390720
42322465
43211667
54647696
44922814
59010637
60372316
66367563
70674403
76293399
76960923
87789333
79610017
91738766
93037801
93746357
98245650
100257115
103925618
110418079
111644189
120614719
126672489
130355607
138617888
161686727
168835292
177617094
195853535
211268476
252766481
260519441
262443834
263149295
263395310
267938587
273725487
281105883
291415674
296854436
314400122
335366429
339337863
350938720
352602032
365709722
369077896
384027167
390432509
402202380
431964620
491962774
498839973
543465942
544804736
568789752
575880083
581540879
582338302
634219870
758585827
820623192
827684136
1018863649
1042643047
1059323474
1114902931
1132447327
1168520784
1358366864
1344410569
1460609414
1849823786
2204027678
2205736446
12565032
15648008
20551303
57714095
171577684
239924747
239935832
20214495
17501549
9090052
18215815
18389166
22055529
25291961
28444653
39469575
44949890
129197837
191514152
198672699
238954742
18179881
14311656
1448565798
115233409
1305762606
285126682
15781510
2267620870
334104458
444326939
2213869996
2360167777
740539189
1087583214
429841848
373671864
79191914
1677173136
489736106
1959567216
482459277
1268526511
101896529
468552214
32939049
175185556
739670977
2348819747
617578985
259087664
197446889
2339256176
2253544608
1857518335
24729325
242981404
32915691
805053264
1026658148
403084593
1864638540
1063974115
16950069
52365654
6655972
365080021
280846415
113724101
106447117
1884757734
119834752
929223510
483132123
2289256992
18000505
728938712
1135700720
47220135
12692592
1115803027
860626200
19302989
2163465106
15087956
60877507
359442638
1218189092
787506828
1594724479
383208532
1508080861
1431493693
1314248934
1710530342
2149042465
1971393048
1143522950
464209072
347836713
2281194440
281467604
550413988
1881215935
1733918414
2285371352
216248980
48900286
593294608
322742783
66875094
15070083
1511329279
206321314
222166661
243451598
632074772
30577651
33733172
1884669038
245873667
23513021
31755512
569731014
1067554063
21425821
177863662
1195374978
17175316
347931189
37306928
36146691
21178941
353840729
1613160860
347863768
357835974
613103787
318431871
245990678
1078451190
335575451
733433412
19403405
1848299701
197673233
710807052
164767985
515561266
1527061464
77434256
497567734
789997106
262495204
1603319281
85504995
207622380
1871679174
2176250504
34495144
1325226103
478207768
1382982385
802524054
1879627916
1599269610
395614102
1544765876
994078759
997205431
2173252388
199230081
91324039
1655032075
11758852
317356940
915065893
1720174560
492318540
928745810
86560191
448523475
1381513063
27221342
94376561
1548612295
62427092
190322640
515125775
1101292885
304091362
64745128
600518459
1395450698
18942003
39125646
872787924
41828052
1905981775
296593608
612007034
1621305769
1593856512
1899023395
1426586822
60012920
1167097410
17346948
22251332
925606244
14309941
1134574182
1732193533
1185881473
1703213798
1630260859
335463137
580605058
67324307
1154726894
1730285034
40270903
194942733
449826905
253602470
216481604
1466011752
409526385
106759003
1856569327
357525833
310917842
602372742
46527879
1675673954
631315475
168357874
396988450
1565530410
52439876
409511965
929671819
405338999
370243466
839777540
19301703
25405097
253336204
1326448500
1198167416
1523501820
793419876
1860599910
394438323
1907648604
111111407
830648790
714248472
323973127
1908240710
234826866
19551319
307899854
10283632
467048692
282280747
1054360758
209484168
261311337
15722647
33662892
363649684
200715240
268930816
102150913
1733143561
1682711586
1615952791
1403523756
1644226843
1876674216
823432885
1849350186
475120897
19788406
527174140
119990591
1892269268
618921839
397151667
1873725920
472416966
320906721
733728997
21060744
1727704705
248467487
348186716
774609090
1075850197
1308003000
1235174407
1643987678
1888762646
618205189
430358260
541945684
1887656065
286172598
161324759
30348517
183310623
402712148
1735489088
892140030
192003626
36377720
1357223910
18010547
220678084
43240780
403645084
1897527775
1112690694
1674008095
21104725
24591850
575792221
1846973606
404944138
16265658
108420658
1314337201
1727329358
1850386388
1676012359
17134381
137730349
391852317
43788496
17894411
776953274
276045104
41546570
316630524
22384042
1655997632
550697859
95957188
19843934
1684666016
1672024482
188942799
1676705042
24999952
52450932
87084255
1663699411
1641545461
1686256298
36507484
1057597808
34669212
15131083
237969525
444127805
974213996
1246540170
1655083501
1685454276
28004345
30233014
119811892
546006962
383044729
55502368
156379206
142716670
768578034
52402938
900698964
61432756
485307176
1514155476
531579300
53207018
753463489
756545838
81986902
860022096
426010005
2524151
1009221583
630371619
41184664
316632855
329145621
1692095978
30260929
720031304
1517638074
28810986
18126079
20991644
17544622
569620906
454487547
128040105
209593942
180298917
832126736
401898735
434634099
262811375
13354322
15461806
206907528
50780093
16745147
208778344
216814922
155369159
1155219762
48444771
94503361
596025006
23448786
184621031
1128116606
31452588
1202435654
540764067
89148880
97928416
96175094
337468311
1095465282
470472040
933388849
20769795
574717920
83053305
133941575
25373949
15637485
326537820
7278062
247610675
48798239
336692756
372871564
49449357
29755987
833513995
212573765
53911187
282375706
442617770
22193222
147013868
552393977
605673860
81102568
1000185864
297650905
498116251
312981620
262055891
96545162
386933150
51852620
1296784818
153511206
51900399
35656623
395292058
24741801
29115299
817548134
320982091
429675361
190729475
345938495
33534138
519877122
216844572
112653965
298539557
247555252
124583107
229543124
361261884
769863350
1098816787
1119008556
150697610
224382700
6314042
167927048
40762657
359266201
225518441
22246539
19815302
16555291
242495026
618303714
132526387
98171356
104590941
31041750
131292214
29549839
47049231
22004447
21314454
210892941
228969744
51066307
174829190
238519319
82980034
23996159
236402471
1075435626
567397927
95740616
74563871
23965218
180037787
829015170
40881970
456000781
66781375
15716596
51714568
294395684
36371994
618833439
15181002
41049300
614436924
1272101958
1266953996
547767407
81136101
20245040
82465557
539858846
19615034
1304720396
195728313
366046659
15292506
22653208
84169175
870795698
45114452
50561699
44654724
10228272
23607759
140136223
22692199
15600903
15754281
15156120
152580711
315412648
5392522
813286
45955381
25194695
26451446
112272100
185026214
70590780
272561168
189271022
7383122
408961347
35896236
15390586
321116046
59815419
215261095
318165868
898615086
1683361460
1111555134
612889857
762345966
172673167
379702091
54678525
490472182
217046870
381199291
1507272062
1359771313
198418621
63043
108307580
594677542
449274076
382003203
621641692
1616966971
317416041
1061777120
33388399
1104018199
1391174227
1577833394
337713354
868887050
1606010761
1074689334
182414162
1613131578
1325658943
1613594677
19834542
1655281303
147941597
600662912
216280837
68452236
1324793384
1331565978
377075281
1590902785
508243423
162420363
84189976
1485297367
305842117
416474996
115084390
1110114804
1638487514
627690795
65674570
1261095806
22656126
810091724
130179162
12956852
816259765
134914684
504780818
462341788
1633280827
593008743
273232868
101485883
30146312
560531323
1264966422
1583235985
847845907
77914506
1553861684
214812308
144506623
465783931
30972937
22934631
91079515
86649170
623324716
65589378
295796258
265658976
68331246
256297754
262981141
108277226
27233309
933901766
244627772
16091008
38259434
552088285
262632582
346941440
329473316
91039220
485054302
316910129
21264028
15039402
14200368
881754241
146666343
78167491
635764805
160103563
222506611
61321716
62333161
397347620
236946228
277599249
1169144820
305333201
58717123
111209148
142717954
461261003
1250638021
98217183
522427911
25411485
235335167
142703275
91729620
586036985
15824661
387204336
35304881
1246494662
106728002
207744381
41250031
188479106
23024969
918848934
28609576
119443892
104885632
18349074
1206618162
46854930
31455011
16105465
72881464
85650891
5676952
365707083
632164184
132815862
436799988
21697029
9525402
62314421
59827372
238378582
362049279
57444281
329928668
330969629
564894287
344289912
165912243
507203613
533468466
958463754
145870787
828222433
17079367
38900100
126153167
898000644
34403162
339695496
434227323
41275375
974647932
56445745
174357738
44328537
283270862
327005263
123959377
23675219
136652065
329918359
119411111
194333065
120311761
135178878
134234059
126067689
127611886
164764095
72061928
50778621
952915627
278230543
291507032
26884273
1289240894
633892762
300071497
235376301
17268418
515967772
278195559
224672296
762327451
352439732
185007921
57957144
37327217
41590477
1424384414
615476725
155084212
534181159
54196391
125090924
242416632
29769484
14162617
572071671
737071242
111633016
45810847
613880544
1058745314
172614336
278207326
16046375
425979936
439392230
254187582
1059436339
273080950
227075957
14360757
282201916
896358048
20193296
924098311
924098311
240873128
101631951
67070620
309048652
50434856
99829734
16089513
190908895
382854584
283981765
29012359
126791708
34733487
424642818
32960209
192933708
369683021
21224647
74161330
14093909
336437711
508015210
837072367
204042629
54236760
14620497
187989747
22013929
3370001
81442940
115725034
1655771094
1559778361
19770039
1438580868
1604829852
1170766315
1647954535
858801824
49886071
1437750001
356779279
502075709
479242149
135231098
843319657
387306225
40606764
135658547
73372464
230406892
45623699
26643746
14932388
10324292
19478332
415576480
247358919
16519962
79245907
415101366
1109483491
705231211
40104520
453730746
1342450219
105869281
123917239
59390145
37902443
259140116
350565624
18141297
102954101
41290392
151596980
953143494
166168565
329743795
90749008
67091346
278583986
28087961
50213166
292137416
343659242
27186680
16333971
705682638
260668096
434984155
573928327
194209491
480587030
1201769868
45569786
223278210
28575561
206867957
857354832
371799755
100545641
45012594
18739136
28143007
26278389
38433365
34705390
18974112
18829580
19744450
94344007
391158826
38403775
123568729
320679245
225528818
68514270
152387655
298978464
39054986
23594872
492434268
174423323
293766302
12551812
15808140
206362857
741152402
230701906
499274164
185768590
12305422
16485564
774381144
524442123
195314408
253470347
355945575
377135976
1361688518
127400109
12865852
60421121
33165931
1475715577
194676727
433707691
1410841838
1121521182
1641656126
133122933
111639155
1030198334
1550209039
74179525
534687497
96365296
828369000
258391048
20968518
285868748
589747364
411326863
396159531
424389331
109073478
41668439
1112183376
1390791902
302027257
356859067
36641596
35600659
224127297
553376229
193268899
127422095
218328535
1587161684
378321467
55113341
471149522
280716675
236921161
352183698
35587233
14061255
31859256
110558385
17738779
203405087
15519667
38105535
274052942
18504694
379479080
56192984
60077230
6270792
35238312
390942132
265069978
434617618
6016752
29407294
279123941
10378262
124512853
274793711
281402189
21593340
173306989
238377987
15574237
17681823
55101333
378164043
12739092
296535271
16581734
231810231
12202662
600934496
276205109
729703369
11154422
93781753
24879483
42442000
807095
327427395
98705778
770268678
74001721
40780179
110522065
21578403
106578674
327740654
246767297
49005003
33682143
14922797
486062758
401400635
321942970
178962197
1023685129
527731817
9207632
9545722
46410687
92294003
156161491
19918047
20746042
28121598
913223845
22833062
35860484
470167042
1055740734
22954786
19162192
536938836
135105514
65633697
1312827188
222833842
231176302
592190663
180505807
105004451
22928737
277291378
19621110
74868094
52068247
59604142
2093691
120184545
491717091
57951687
166060598
768096272
107490692
193985303
32906310
902995099
70555872
61195390
556982810
29818149
26006577
2778201
350460557
150532358
334129725
1265178769
399053107
71186715
441046539
16329598
455859337
463482661
1160542315
474226462
791296159
458011592
397633775
344496766
568642322
109851982
280691661
220071618
455659658
319939901
32437923
193075317
332625526
303450236
510554835
74730769
574741664
845273894
332967888
255857997
85370022
43015431
161801112
121034344
226857179
279478380
144674243
239516595
19915088
31006265
95226372
538484048
89944607
57445469
269876036
423663956
1001954352
46440816
731520108
117252513
121197260
20318092
528070803
15931771
23613155
216368303
760016809
22065119
76218100
807700657
26386736
14392825
70384142
227032210
108865069
8540492
344350209
1133456036
282838580
38311685
29290821
185918561
69892555
43654077
156795791
51025341
22865552
96208136
111670141
503518609
33945600
608335854
178793181
15280795
47062752
33313058
412194142
49469840
631173342
20955533
349722086
240638737
45838976
362477975
1349173382
115537440
1584400802
435085147
1573575800
17195458
33369649
157722942
1564296402
762664170
22331865
717987858
1602080496
854045502
848540504
14792649
1589305556
32607553
428753315
863769860
32944109
46414140
18230131
284137630
217109775
25004756
420390562
197560548
700013677
15930465
16157951
223925852
613629894
23180284
29517549
587369016
176519102
1244786665
39894291
166969179
577889164
101850661
156456337
948361352
354618899
1287792877
24459649
114020146
35469138
39432756
82512057
18506072
897674954
49044286
40980610
26977441
938948774
296558572
41384136
72929055
14061227
22694372
14657578
617665615
457826587
78693274
4587771
600856814
257150435
794145644
100572292
286217941
23654314
863723762
385982990
66691283
51016562
150681715
41498871
69628379
58161194
76794099
14093212
550108882
340518152
13435662
8780482
144092431
20235614
85282955
14111534
92063336
901830618
101913936
43999349
87967154
103198141
80057847
274101424
107375795
233609943
579421017
809574559
140781176
49697866
14569733
178554974
430795232
3524421
511352634
15225029
140964213
51513498
68366429
235387302
1514303108
23808818
23092382
20798210
52062898
372911530
14259241
33596602
20049982
46023810
226691677
1246219638
212129327
106215207
205357001
40255327
9811752
27118111
251030959
44395637
470130957
110322958
21913598
45646072
117899924
32751570
44362897
128970816
17245689
122276976
14964405
56825891
168741098
352701687
343744518
57050032
25370703
148056475
43887507
15436717
17120288
1241621185
367180223
16426463
88008922
14852339
128004338
18721684
16381368
480785251
14314514
1241887428
175201874
147796885
26051404
265322105
591017088
586313
121841385
40785308
245854064
39191859
1564125559
1610474460
1485400716
57769524
1598312797
1578406514
181944054
394680247
1599351680
486394699
319154258
386233507
1584824502
796295005
1611924764
98387471
49042233
1115575513
96891849
24601347
340345541
83909895
79464606
927671456
280693341
180625541
389496300
1099684092
629707078
1354863037
356512250
190870413
414178892
32459597
1145916253
450069788
574508945
1613415830
272608443
1503621788
801479863
22597940
16060663
29922229
540498786
287895755
991986984
76496876
1574114947
629917857
1450324632
413878890
44925165
295861586
320848417
193843778
1334125723
19794019
61657719
1606704319
1516909706
1549222513
378621872
475973360
441682329
1548756512
1043175799
1087598036
211757743
294861213
1012052653
186925149
139020599
45120024
123018067
1155703586
1607033082
374498837
14302217
246534869
1584375584
158406816
25562139
7189662
265378391
714984637
291998441
1248273619
802730287
24743741
1359271698
1547046271
827190980
799015512
1460839441
57933856
97342148
393487814
411978488
26348775
1484142972
59735320
1579772646
391172338
1579850340
10183422
1436365807
712980978
1527764804
1355136228
348183018
211026852
184781712
556926396
334064232
522513398
423796606
129523019
193439905
385520336
632243750
1349120304
177729820
250311350
319463700
1610656891
238275197
1601936588
264558077
983943955
400477536
1362540968
1615330820
1615385641
328675562
609415315
1504298684
520513994
64805070
7029132
350610382
425259817
1481399707
416340053
297455386
1583001476
60114205
1612811755
245851957
294187933
1564011030
1483915946
370850686
483936993
347326622
562426335
1270805323
18822540
466114916
472589606
1189620780
266309673
1322914518
126769362
1526194806
27894801
513265889
321422570
1267482686
1476314833
917001554
606601896
1470261974
205223595
154194259
1543961834
1491459638
1498841647
570370638
274961567
12251962
37371280
300653891
1235273180
1278930199
572642101
1526042042
1247743304
1268023098
20784617
461883669
1490714256
1447084837
1289215808
258469368
1112727991
502691190
622042507
158787684
545616206
1479738044
298238741
1498640306
1111679664
1269157921
1478305104
355918005
309862674
1480372279
1259521278
1426853822
1264718828
1120215919
1487751708
18196566
286670173
1400139289
1193507616
103157302
455419456
35891648
21081933
1245334638
729138264
735514849
187308690
397017981
201035540
1275682225
910752468
343007072
134161434
29717163
16406382
40041432
1412104568
315490844
1186495236
175044896
78326438
522555545
22549568
614393424
1398544788
406434434
466834288
14463848
577309800
240840988
813483674
27166879
160258881
370506183
334893072
74216264
317403195
21001534
1406445104
336284971
63693338
52174947
86962104
355820440
216339660
344894137
991024225
41172712
26850965
24365833
1325191484
1289704243
199399909
721117716
1250997049
30566391
260922516
1098633750
213173865
58191253
1321645046
1105121178
238623350
1033064982
1317149108
23671670
1055283522
701543288
719902484
246045583
31331182
634643782
1281430712
51772194
405959720
823672244
529598412
113782530
551512735
249994210
25348576
339086580
392759040
529396151
509189946
127919462
207647013
872098860
317884863
942211405
914957953
379956390
399780435
74866955
379953847
56429596
237830152
19162207
545488862
1129204484
192938223
366231096
634703182
822115603
254116137
14251812
22998313
32594647
32376634
1357953756
868097773
1276049882
302615537
1108979474
252839696
93235941
1112910182
630676105
557327112
387315939
28523773
1318454041
1093104745
981052633
48891907
613985747
1092056462
528891983
1353832374
1343897184
169984993
921345056
39750199
1292612856
533730037
396820491
244511978
454294712
19545582
1233070471
307946280
1093094216
820029036
1326777450
1228869229
1069818354
14071230
1092841422
730765338
847628918
362350959
85664274
715010672
256801720
16158257
412708552
13954072
388319119
490367613
538442103
40320303
26365630
1305947802
554635488
107223007
934535485
34048082
769226372
1234270910
393897038
158205580
1269786331
1299890100
348476709
44873497
15364459
15514266
25561679
574732302
365811078
108033522
791433612
23128654
1015992026
1117741999
1079633070
16246911
175171636
1258300705
1214359945
250829657
82387816
528524914
19625920
1089581964
902547818
397732610
15087731
784955370
33093615
176393299
1226460744
468550936
976419115
247076977
225571767
935985325
20180232
87622487
279512240
24938709
1095046933
21182478
85465752
526421693
20784063
146219033
97520084
147984711
14770441
330586894
21402800
25286981
497581388
1223436282
1242820951
1209609332
750207540
161731123
372330533
525783599
275790754
21059647
1184698812
903041058
309190582
1223570448
817053648
456340512
1092265478
66872703
23072334
624515774
1085157936
64199160
270720533
16410802
14960059
93645246
6967252
121819968
19134354
391156292
1253431
9890872
178796084
184457395
80329906
39873995
72934597
81194963
714379214
19155413
9246142
18222481
375781599
59209183
546033286
13077852
17192630
19860643
84100116
14140954
719169576
37048246
43180504
62626089
29794769
257914477
22399629
605522788
1199113255
1185751730
1210560414
1194540337
117426532
859753454
762448447
297996326
344165937
1107936781
256543026
857329284
1029425138
24436600
1089694520
392494313
1111916953
1098432716
77257357
1147217096
923334344
399190031
1126123429
366283556
64096281
57934776
249697943
278884622
538485156
210714778
353166240
19548915
82155050
75587044
933676422
382779539
195108243
951363739
924593491
1095081126
313383145
75008871
413290838
4247201
512566555
301459165
213946046
586140682
474295593
526506692
28457685
28618339
1099043545
277226236
1024875864
75862683
263964009
980521008
707090538
478071853
469055045
427770899
505238144
581941471
438643481
25077065
563816229
63471960
426450271
27207879
377021039
173862898
984649460
18513557
539315698
115662712
125708687
994138387
1053669852
63827192
475308424
18657668
555797611
740490169
189650357
583356853
996759577
110214790
530883233
42968794
17298183
411659893
78275581
227821244
242305531
50106233
31730420
268395408
815346498
309755240
424594808
230934709
431678689
230240112
629651306
45470670
615060658
104489909
880399998
135942064
15712062
44159179
786061812
272017240
482241675
318164528
54244089
851632861
868411778
221729882
351275964
437023346
376954293
599066377
285998811
48577655
461657173
270355878
420781503
910490798
916222728
195728395
19467625
45876600
902178949
543614282
780552512
735364712
75350646
338552594
239995827
353289161
185638442
516625895
544233897
43344979
902304140
732766350
228770514
30975183
341829933
261263957
326363448
22351711
56831445
20314455
336365982
94456699
516639688
364505548
617695824
18928294
21541717
246704149
16430138
596892025
158001730
498255914
20246389
485263566
52703774
98512504
568712772
509183300
105947829
588358863
24016856
829587895
499042391
60084647
80413577
17391041
860244798
156301051
820030302
91325426
43927740
403125419
76955019
746174803
141234965
885894554
72572913
563965973
247502479
250198334
12069412
38227864
80559938
232074685
14857425
274565246
275129429
135565383
150052078
804399974
36164789
614941025
292452545
482503545
189360855
153063751
16364172
197488005
108382382
78964429
274190638
58295416
86138712
19262034
42499368
389660170
87280910
502140770
438041509
357046432
237383476
729480211
583575195
245424983
178742682
56902722
618850249
522229516
105999322
408769142
398015803
53978268
319858566
803992394
348398932
824545687
26643138
760059001
103589517
39299495
462286256
587356219
624774034
314090520
211755009
739574964
788407062
490853584
141596001
66474084
56196065
500059353
43101772
160765446
27743607
349753129
46837247
630667406
474065330
588920718
426913443
782657660
405125014
63859143
750031470
19487358
779551746
19617235
171568643
752204576
499922399
382094413
47449602
51122691
257897532
620260371
364308336
127258915
703505954
15464022
758276096
225431034
319109885
518523015
103998802
575072477
723215298
747933012
365627981
269417271
513951626
223160639
181075983
759809078
32510899
177326882
714426930
494441030
142994508
557934155
180596207
281718510
54231381
180578714
16689804
16651632
15237481
36843988
259403751
67700256
16815817
156842507
505003189
140489043
37848890
245490072
716146526
18228231
611482200
613697380
278722202
100818837
19189432
324068110
548021705
250201798
38624004
702868704
156434356
376501032
33546635
464081931
120238489
399994161
196001169
97062111
229809225
110940319
89818361
17314087
116050504
17802215
281333384
90682605
281110658
332939329
94648321
129092687
31106141
374778537
15960268
76829059
536522552
113943138
522480019
243692865
326393091
17471979
549706125
64040164
44415939
351777731
140371311
184027333
191925526
32401760
231686550
248181439
128593066
20003207
206671543
93147617
180474681
499162428
556482900
40672085
608591859
241197164
414995395
196771840
311407508
262963558
562038374
334891235
217923813
552326512
22665868
614895766
339877734
16981120
63762889
403619084
10025472
394361891
194378740
470123453
526723487
57265722
439653170
370885657
356989985
59591587
16886664
357925862
611751023
620274750
386970601
254710033
12438562
52735219
489205553
23915111
14947411
592608567
6262812
124157352
561449709
372185599
138530974
30253088
415145054
356973280
576555916
18377718
144931880
211672983
36491229
322526669
334448612
326173016
534635027
152977472
78213825
3066791
196973253
41357761
35330981
340613452
468480375
545547684
23215456
428035415
466690750
275734752
325748144
320299018
443837638
504748631
305578781
461823501
88299375
399004376
443062615
217629413
14669333
450881796
15068522
86339885
85332821
34290221
535319026
7920912
237732789
17535284
197482845
39755719
435358777
44351168
409493429
266084456
83769010
212332659
9098282
204066839
31103889
14580701
20880796
141099885
501238934
44398166
412778814
281273094
211248239
9929912
83007571
10314152
380010278
14193991
169020475
196337142
375062886
385971402
25966281
394521089
312215595
466818405
22708864
24175985
4413461
141323371
509220356
486242785
355923800
15616232
369538899
44404060
394831760
8598212
374143692
353162527
18203621
205287467
18944940
195777968
80880113
69127494
111515023
461241052
242460584
325555730
18316617
35097305
15136391
216669806
18283855
274358602
14206816
30705350
476434112
367922836
333952308
258652180
190945355
462564109
216514423
90664799
156010026
14585513
315320404
19273544
250630726
345056016
461456344
42818259
51466411
201994642
442181080
378462314
18031213
30254146
480714428
247794386
64627156
335266871
14511951
466343520
88752744
227021376
196330317
468957996
454403748
19212546
284877936
314058985
48878337
297482181
264521619
260886070
20089702
197549211
190693626
392812564
135472027
394213492
389575319
179248364
360668747
327756127
304113251
15843473
245816092
49625296
28373693
18694097
407710831
241987359
353634856
370503440
259927889
296587406
330035961
309312535
141297557
247598925
12742932
261870225
246412003
72877592
188951847
398808775
244324407
198352013
81014115
91420186
76194104
93725095
8872492
15721764
44672040
123398133
370913541
334942829
107139414
14715166
166990776
336062357
293667323
185712494
16742420
158754262
247086429
35155385
32373491
295631985
18146417
17296792
37282001
31402207
60442437
19470105
179586795
251221892
303627522
203688702
125790544
72258294
23966512
303824316
303908596
303916286
213817901
234516880
36672003
169083205
98528759
262974039
26691778
144811065
234843497
40586369
110238853
222253620
290167551
22438988
272974868
175495012
238744876
262377622
15276345
280574959
247947419
61670694
117613401
180028182
255813851
263922287
21163292
125902751
28370370
271949498
41111798
24684141
183772394
27286677
289616373
287729805
179360333
158878213
243473407
224076964
45325945
183723851
250836917
279879795
119898707
148140442
90975727
22857845
83208752
265169636
259236346
289041652
291307593
244470028
16179577
20137248
258165365
25503267
41437991
291164555
268492662
291911934
38271427
288402834
258617867
252221052
292023667
43949638
292708781
289750009
18326784
290729024
293099614
57385452
287936254
286723442
55566001
122337261
85339179
280525117
19692937
19527240
103766963
113323229
130835562
126690009
9271212
32621264
172370244
199344143
15081620
294254498
18957881
242248566
251343645
37784171
288443185
57167802
294604374
283919383
294694395
294752417
294731956
199084621
270692209
39886178
290166646
278110327
81604721
295070680
260240356
292981146
273212479
295147558
108703434
295269898
293292844
71177299
261807546
282186794
116938993
227985644
284613816
285791234
16391746
169064130
295732256
20093120
204517622
294297744
289451617
295934478
295953283
29603102
131296584
270608463
255758898
296133512
295687268
249470142
254133356
296342316
295289453
40066473
296468556
20692935
21620507
290256487
296621061
198385407
66063795
275584399
37938292
26264882
220641880
295791302
16068083
216099271
8069982
15653998
15888070
213902462
191954076
17103183
22061279
48880548
254237266
86573182
19205528
66070429
37576038
222037941
297281046
51999923
213319173
270115292
295678628
19716219
222545643
17849768
26329509
15763379
157067308
164786450
283251242
297596574
216911212
24467441
273486448
24758661
35467616
22840036
143959373
246485906
39364968
252340913
83087138
201845174
7516932
16272073
37997999
199740748
134900553
14466642
14962480
78208766
14478359
69369844
65355323
129437539
6240832
239920928
241157233
38717760
185933699
29190923
211963011
38449913
37938703
16561568
247746723
227338010
172827402
44753563
172212968
250650145
243321249
241715731
215893788
18094626
19281618
189041279
127504919
44073751
169204294
148890055
243788688
11256682
102453209
242014166
17890622
129895508
27148534
37314535
42303702
19092822
224018331
26824789
230876351
231575264
21824669
132748397
191069476
217882720
237896678
118250773
37783961
243703636
15824318
16905651
226230309
87523841
51315775
223223820
101729874
22899877
55573155
239094926
104906895
135895023
243108432
246018290
169185410
246062228
22994026
246089818
32528648
140427141
65451509
110488533
232734402
240048524
246094298
246546513
27809162
75120413
215467541
239506416
22941071
21541080
19578939
20136820
247834845
29349531
196837390
195067114
182812015
22796640
248200824
17029546
8962282
15679412
25090255
17044695
75436517
20481135
248522742
224844526
14167381
248690151
42752449
248771411
243319037
203601139
34462264
15912083
86454797
38199730
70275770
246962032
26254496
155405901
55708554
165915781
226602822
126706647
28566875
246496879
231169757
189016876
193157659
126542174
194608190
36704521
250188778
94397138
182496094
237509969
209735359
240369305
45753088
46280597
38339920
63268295
158122986
244791342
93510054
229741298
84201387
14378327
190315073
234076357
22322237
43006173
113061667
85752769
17470539
115219295
167036854
21312193
71920333
226446567
105026940
14519349
21130514
78789634
31184452
23219851
41529650
34901664
187996530
51228681
76212513
38467847
15670648
19455487
14544288
108107865
238352833
111388278
55853672
15906068
88852602
163552317
70715494
9572932
152253983
19272182
227803306
217462914
11695072
101304360
23519396
11748092
121583880
38391014
234686211
30036409
206488347
233193615
15209998
234692126
224110861
22349317
159446787
220923343
202672819
116530373
14592411
18662642
122278329
20973489
234592690
18554964
15770022
86613184
163600266
234818605
87333616
220803559
44681294
53936897
223901447
37880444
205918271
235304710
107596910
47695106
127169690
33735671
40544928
151843959
130922174
202710873
229556846
10078512
106800857
202222791
174784959
234881036
66770908
62332862
161928539
223559231
76789704
97603162
178409595
224447616
233470432
235572413
236864888
173843344
46303852
22308653
15982301
182101488
58666763
17536451
30133516
31669146
194139294
237045241
60185950
56814693
15259476
234634916
94628788
113462486
57176139
237387854
8063872
71336288
233670852
57115745
18833157
15626106
160994217
14243886
20331507
40690298
87873439
237840771
95983987
101319733
78290750
236542876
46279660
87907668
109320416
147583065
141159708
50728223
237936617
202932803
19541487
238249056
80986712
32323068
19471746
20658355
152950984
191624297
236382304
191242970
238576461
228440167
210638005
29130372
78037412
56992011
36637428
167563405
239075207
196331707
17479582
41003358
98440072
135549331
231516556
32789830
153860955
18088351
22096594
219775031
25868321
17535711
121126599
27532043
229153780
46553559
239510601
38587861
27505360
179601799
237332576
28760106
239650277
204824975
198635236
239580464
20612171
213743522
160758409
19862585
194408091
202931541
79295961
811013
24995074
12809722
83196461
214027732
49730159
10546722
8341772
58127575
10678032
110206012
32945918
24837064
16539553
193318094
9885022
5700782
7088882
167456522
193990691
29261144
104677976
72893527
198330226
14595495
177028444
67870817
109424377
119188861
221889819
14285609
206845432
234026065
193760537
222544248
231523641
211622140
46454579
231222394
231214607
226742942
86443402
224053409
231950336
218942268
228665512
32692078
216239405
233368450
232047885
219292864
230239172
174607288
42649202
210568276
215149478
17499538
122481452
46553386
28297221
187440882
198314117
16799649
210858682
226232277
8988262
232647693
232634077
112764059
199850580
20877269
27355226
19225607
125144988
233061822
27651984
30886968
49516566
186201517
63876273
233315678
89809850
175372109
177294505
26860129
217624457
135192029
189681742
177087655
81977356
19083535
84615557
233651762
229932637
123705306
233373367
233677582
204566155
217819604
20595696
17171829
217045162
48221039
216906224
194671206
18937509
200688599
87516276
134002547
15474062
26413280
82101218
40720843
230642256
222496990
208609904
230819333
230898635
17954396
110152544
231049918
229943856
223690283
66499032
171163312
116858941
227429009
185758093
26901169
17327992
224758806
110184390
227882867
183471313
46687589
14095609
131837461
231377403
228755505
62276540
15053129
159699844
231272389
87335032
213467750
115282214
146444359
107501101
30165272
19796560
18452545
77734713
9040022
224654700
207771686
127102913
189349076
24971624
10364542
201375984
218489617
90037107
211203632
71442528
66745970
74829895
76257078
93740580
188420090
24578268
45467804
11205162
135756154
10182052
54346200
183666013
87929356
60378689
47457617
185209602
217095665
17279247
125513610
38049588
216133428
4299921
59616842
217254463
59630538
199972545
186753873
28819510
14238738
10940382
217076406
216151899
216109555
214181257
56396387
44631259
195031480
70196269
190091961
46958309
16824867
217604529
92177822
98169301
218179230
28583883
125156665
212208863
207370780
14241319
90792244
14379276
80315611
9602892
211972912
206919069
218679970
218728108
218757982
218219442
218876097
21129459
82444624
219101738
28855008
165548003
182714873
203044753
15205765
31379812
219349255
200265278
219370207
219078033
196878547
212008788
215217908
61999273
36184990
14767322
24278284
219106327
108358957
219187177
213953940
203868323
30422388
97417064
170835861
31592705
12196502
204464326
73553874
19367582
59860079
217784291
219787456
2327681
94903736
220411821
184382555
22615294
97093340
46379227
155963042
197508739
110576695
73687740
206777171
220791156
218934561
18381113
15209428
182391581
168769398
37808990
38410109
70506536
218474123
40136599
179018594
205806060
220160172
45571836
102333341
78863306
42571821
221332218
218212732
204324345
18991192
190569955
186497501
186320965
152139940
218708652
205202290
221544213
11862632
25892438
27881238
140094261
16191539
17137116
219374407
180522005
24167147
17509598
185468991
216251184
220226847
108672643
20787909
138289226
178102113
192763830
195493633
217149413
102818956
21866211
14900626
147324862
222062961
62595504
216900952
214527337
212000618
48034276
46982583
221868438
16806391
148115599
196382466
15201379
183373224
222762653
223332828
64264765
205739788
119502022
21995714
211569564
183995621
206081382
95699122
202655749
162250523
205882519
85196059
222804880
208850482
165794123
26355188
185138238
223698167
8275292
33153729
202318994
17465899
216803366
221953523
91711271
126530947
19765814
25176335
217147097
53505623
213994618
51831542
207369984
26474373
219774289
180405967
224307312
93372895
161934477
188751838
60362533
224353215
223501956
108868856
197186251
17513853
14130685
78774879
196323866
225045883
218198545
87532319
155659171
221068485
15648778
211594729
180586963
74391874
18103024
25962149
211792166
209365766
11773292
111096398
141547114
225466127
193381217
68475811
178126811
17276546
6432592
11114042
158916087
225883209
99340528
221228257
213319513
225944498
225877614
226019615
90735530
54801937
43667109
114611421
156417523
199484799
107975735
66790930
38430374
222882300
193439322
193404669
10644232
91198594
198486890
125635785
206805103
122185643
226545925
91327458
14202948
57351555
94183273
214943512
6938972
19380351
214357251
104199182
14884483
104827821
19161200
32901477
48119889
92506441
20976932
34024431
15134782
193715467
14802775
41643161
183079721
39743429
17738759
98287678
28836450
9274432
216066951
44221983
14147885
13901122
216232332
15113820
19327865
206924936
15192448
19931395
19857715
214430853
88767191
216126553
64669384
152783763
82176806
216068806
100818788
197855957
110856415
18801411
62159658
129697876
15907720
211957729
213319502
122810826
213397127
187083950
125975145
24499499
213545487
87519092
100449643
78749423
173919676
85385747
210760832
69666312
133365751
77088649
185772117
211081011
114043423
154312197
145889612
212678274
209077091
189171344
46609397
108794770
175197062
18080357
113730121
214160952
168098340
144926934
36543041
182487801
19109473
199012636
105365528
120883156
23593698
193640482
122037801
199236911
28162990
82384171
212239002
212484184
18951239
16615433
25571223
111852498
180426875
18679303
213681121
172502750
22209822
51442793
37969898
215143163
173673848
16680885
23959413
25020796
69032252
30895030
56794318
125208671
14553784
70566126
215847591
17258098
87739104
161564309
128330515
190494894
154159246
28467497
23006858
56362434
21849594
211300132
131155601
19325053
16841446
202538289
27470203
77899560
59960622
147528663
34482084
16926653
137523464
35968964
28420480
166655681
164722344
90309363
101732968
185359364
49698488
15752853
174284519
44025270
38226678
108460448
190788142
194206786
185397767
112046435
137521559
15704582
14223618
85352279
75393439
92100199
20115769
180672614
20143740
197139625
82965111
27211100
18642753
30276528
197293029
66236647
16943722
132974369
15907344
191922770
19549295
120276497
195956570
158155353
118186274
197551168
35083527
190788821
32089418
166780047
178464405
57133313
196767536
193098444
194607810
115574002
197999662
9311322
62291938
198176836
193683148
13700632
1912681
191116761
179614746
20681324
23547078
198478125
185578273
180819164
21758069
23758424
179552096
108408324
65165747
29389953
139159218
112489380
132521205
185256682
42883134
196807333
134372636
193945832
192885023
90519001
19467810
87207715
124284494
72910121
23774578
17485843
34817508
54824374
173915337
17883275
47416519
57055374
36994428
199519165
104045339
18056819
193783785
199770494
39121385
29860603
51446624
28507578
141372925
22020794
112858064
188372360
11084792
37838797
134072350
28769019
66965904
200529046
170155951
30727464
187394039
26663016
73965155
99199839
30257354
194062881
84886973
199481630
200644507
187940064
178214167
190352176
30930345
29827104
17029250
28155795
50034275
199107757
23013312
183308329
134747408
197149846
108391536
49704443
193807474
201974894
198300109
149200681
198225090
102194433
36323665
71554797
166722146
164299264
132613403
80200438
44480893
16193449
21091012
54014505
202714323
188187286
183408057
203034200
197557211
16806028
146546112
10984582
186546948
202536599
202552424
94060348
139078415
202152419
184046521
49418733
199611783
79092229
38730740
23529211
104175612
200860783
18966481
104726209
166651905
21150979
202615052
204317389
8280622
13364472
15129640
12737722
35935643
192997132
166531733
55590221
85383434
31022372
146524374
200881905
187904855
34449180
203211861
25318313
199279506
95460273
30864247
18518743
204309165
109468891
66861141
46942357
25574439
82399286
68425287
126013221
205026980
186204763
174270985
165949382
124401670
86145185
193421165
91150967
193292005
5779592
138257243
120939899
193235127
21964003
73636504
154532514
15314333
93488940
34882598
37866912
19223806
205796907
29129596
11914242
207108530
174248240
93865392
91102899
19559467
122111595
18850909
204969958
172437291
200988405
19943113
206751746
154077796
17444282
86325046
97654662
15367997
206332171
191182706
15811836
207519763
176077302
92683305
15214719
18607414
197462526
206241657
81188710
150645498
24957738
116815151
168482776
22443958
114633938
63835438
18208662
141264383
52813456
207641811
27975256
203118141
127858024
207631202
150516870
20542888
66489082
65232555
153820304
33672215
207170559
24889998
200998674
195837591
134851270
40471932
48985671
55804383
126378660
18553356
196164908
23465130
91713924
208208870
51546380
209308512
30282539
206340754
158868664
50186925
30452152
207631886
186109537
176863021
111053392
208079823
209245151
80151950
56122766
18302888
29238365
210157566
54584113
8855422
21291637
210600251
210656833
195756229
17179412
210944453
199048051
18414282
138138029
191950771
202653077
94710584
188848185
34668858
154412101
46494724
192154938
123175984
72509591
128955595
50561137
34631668
27081171
60713068
151723441
198679223
15163632
209809022
23757409
59090554
37429645
212009690
22743159
10223
211378761
22537845
204032180
187742071
199011219
212287269
136317905
17401301
184841559
153176062
209150087
37152343
110509154
86779410
184988902
22334018
207142975
23485869
212695848
212722890
191295190
202595945
212896025
27367469
212927878
208894507
71129026
188124547
13952502
76761649
18472683
203734066
206428154
129194408
68794916
105198218
17185915
14564014
3522
10882062
12165362
5646592
15132097
63788128
17292606
19233264
7612982
13976262
20654901
13390282
122180585
1692171
3100311
18308959
14407823
15769042
23236909
23905899
33862906
36804418
14091545
45035010
81898589
15472470
129259108
23798777
40065179
16654336
201882918
50316118
111772476
13557092
20821069
14506901
15260743
12847482
15427497
16678093
20408570
18366472
21856390
11694492
1249711
46469313
112288540
18825537
14806843
32972587
177304401
612033
55671231
129543310
23659887
56693852
195535540
110175087
19685682
116307948
16620986
19408625
17105998
90199689
24045071
128162589
145364738
101000656
1874131
27965145
195529975
196305245
15245176
14721676
138695827
191125151
193808386
61709110
14857355
111030934
185421339
40320673
42229665
135483288
194615922
64241189
39332185
190730928
194926146
41019842
18073771
194956060
38363082
41836401
50524732
156884097
173210728
22312628
192695690
195108103
195407078
22386164
91716951
75093861
24749096
195776221
187383991
190790207
115366660
183603083
16265570
170062856
177420228
184570333
169307223
177666020
86725969
5929732
121208310
185422735
155371089
35987463
122074785
10859662
193017324
35649670
143285479
123237220
182686554
182128970
190921393
44979041
190366630
14050988
30000286
68598054
176472273
179162114
185623679
54808525
191887312
146614465
96399568
191931266
170056690
8381832
154529632
145715987
15427794
21175504
38613615
15452686
35862641
74925618
55621540
104190688
191832254
28224782
192430963
187620767
173680248
12754212
3544431
138142525
161333672
163428867
192687480
38188635
41899178
193321170
183048211
83406107
161699912
145263152
186223101
32568971
186247661
72538925
167673022
167031122
44449776
80629139
95478283
134126635
14473923
96005619
14538295
68233373
18760017
25539989
95970582
54866364
47334908
15856009
89507945
174020429
107468661
174422605
106918959
130152940
185472251
90990938
91885318
21440682
19807350
179457653
189074501
55963473
105181059
46608939
33240705
183251459
187705768
51080125
159287751
189172206
138910056
189472726
88426669
168705123
39310117
89493872
179779603
87501938
84902459
23451082
19012615
66800512
21487473
50083974
153586484
95579278
118861147
116680941
138604515
55294935
14577295
37499482
190530461
159231101
151289452
11816032
76765999
86974473
16824859
171164461
180728478
110821810
163829041
14669642
158755275
47469312
191119305
43049955
60831397
61990645
20437286
86189025
26825749
66241373
188320956
1189581
103539805
64823914
179799542
14603464
18498684
181281268
91356019
180541798
131977130
106892480
144546139
181147586
139905466
25131698
73994216
14841527
180934545
52245541
68303830
107751454
16308828
82338114
131244774
131477313
171932408
96694496
162854221
131929247
182086796
180811269
158633030
172321542
23621100
117627664
122520644
89728339
102427155
182535903
108817982
182699821
36426272
93051870
171971292
183187546
183362588
122439256
28163545
24412280
47951693
95797480
16301806
136679548
47034378
184072506
23939301
164152811
82477640
84186332
123421893
42189020
131203585
75095153
184564984
112106975
159202142
152288132
149138426
140115753
18425738
11239782
145935133
185555129
21459149
5559982
172022002
68744350
72601194
17875371
1031451
106237672
174864700
150802095
28103242
132213036
26611650
163973153
186153765
148343056
114936629
17164199
184908428
21769480
5723232
186434957
115753974
179165971
158080254
113231509
33621893
19518273
86448727
41197435
111188428
19167112
162104855
79929610
186780101
174275636
116866447
76974878
186998624
187070708
14822654
93239586
54181085
131677608
179097264
49459277
172590193
14665711
186468108
156055199
181536053
79604180
174855428
69988072
31198377
111906829
16917567
39072487
48171012
55520836
24515472
106190007
14281793
17823014
124605308
188118565
29594250
106884179
15293126
46486973
18979985
18662816
49176499
23148113
37241820
39642329
14286685
83878865
15913951
97049746
19788646
21118985
31322541
55921849
91854020
18671150
75123991
182825278
25362499
79538332
178725453
24457961
16798035
16307712
13567932
34618925
111395996
31264974
14147479
23539911
17591728
150656133
14297269
18340660
1665531
9735142
60638588
63261171
14701715
16203072
24365546
62133901
17374481
131035262
23879838
22182297
16833611
16664872
19074827
108454527
39944598
18499141
1424681
14528703
5653322
26639622
7700432
24079583
13689842
20202335
14773685
60691440
173556167
14078548
26273748
98699921
55417771
140959614
23227246
130920407
177559593
177632558
43897059
14616464
88081228
24120278
104689792
170029516
21985966
160593956
64759329
15894074
26174478
32567539
81452566
33588154
91450805
2360381
116833734
162472909
23938333
169053481
17113335
133020661
83389417
91483096
139994396
28784823
19239181
178389156
161332667
37001650
73318358
15868848
33736591
55668698
44183324
94191559
64608686
94424052
163993719
22659201
167079350
178901208
177690883
82358560
170891885
158883196
111259127
60662037
56085397
177563398
20860976
168853277
169650844
18285182
17919269
159555855
92908315
18767609
151747243
169444306
176349490
35394364
37040024
29308492
48044384
143039548
33291834
35512061
158909529
47045978
19640256
86594095
131021645
18640208
172844678
172848312
29331683
124454357
26286836
134647539
118820532
172760828
68169919
21478079
59553664
25012587
154162788
176669614
38120794
18994466
14133626
175976549
20690692
21298018
86029579
125283302
19612825
111502320
7473952
21405623
44927150
19470018
176356769
123565032
17387932
126419071
36400161
14181686
112791188
164691705
144442548
121862812
36740024
15468470
147999648
59392092
56238872
176439594
171600857
152258604
34084994
9736372
31402172
22779417
26763471
12401432
159193270
65065249
74154595
22276689
34993093
161423287
115733255
84354029
172124727
30816151
71268402
50487212
172766091
61407844
103910928
174064236
57179444
174371961
174374082
40781581
174505601
167454261
15183251
171966325
132640489
24087810
149050794
14681590
58424861
94627591
25120077
68841469
138443782
91373517
169642257
172768608
173464989
83355478
156119890
155763992
13908962
46460589
17264157
15020274
15035519
161378733
23219495
15981513
96171057
137006225
45773
168699680
16463452
19600217
18368680
91648052
121193610
10223162
122132836
83276276
28322185
19378940
100332475
113320794
50297045
175558567
15823875
116199502
156681476
176018349
14135388
131028265
87495479
22581352
170847815
130723273
85524900
158107676
135709673
11991832
40805245
63897374
171783050
13284542
20882221
16123223
23381029
48984829
43779430
173773818
164248503
17535841
18542178
58643639
162510686
10469012
14188299
48301820
80569582
172025294
19977152
17148952
49780050
59771464
15528929
164391200
817761
133748421
160840387
156526803
18499575
149707123
32090750
3355781
131365235
21001403
138970915
89283642
89490208
168937851
171277574
7470852
14351152
56132057
171366054
42951005
131239624
68485559
151973360
76145008
17221773
128953847
18592579
132703528
24190153
168795611
52285395
87432859
91708664
47096351
32302772
158750536
164259315
169044685
161494742
165885305
14119746
168835114
19362349
131715442
27844813
151732721
53914167
150229174
166655619
169946689
20783445
30302679
119236023
14390644
143564855
62058267
170518296
49917649
161013717
22745646
151822870
17487307
45935174
74637737
130286438
127688547
17218986
23998497
7862912
12723102
15771862
26257820
84596056
16531629
84131283
166633657
125357952
55309981
168669444
54664091
167262503
67651175
20280648
21489380
42842945
16938507
167001676
130347804
130975050
148843787
166802485
20607177
167223570
112593037
152488251
163308050
15838701
80867038
150080291
167483929
74887530
144630085
78133210
43107557
22180206
167908095
164326330
166609829
26996526
122126413
163292093
9925182
18713227
16412478
35258207
15291120
166046660
13270752
160945420
158535792
97602327
157878964
93730080
96194823
143623084
159243887
165183266
15429027
160891738
16962165
95568270
148083234
80149492
34442480
22495631
37219497
92352086
48627481
136001411
63291513
165758099
164337112
16809824
14608899
47729645
149359194
15237433
126034403
126592390
92001301
99581284
61050699
72664216
25723900
15194972
127732797
120809388
164098715
163796377
16610165
164682082
19597938
164301763
17077753
74893783
164340018
12733532
12186842
29924544
161025299
156733381
14539159
87832393
18746082
15801859
161375959
121488899
164300878
19180758
121493083
80326293
35967348
158088369
158748053
159054892
74265724
12975072
15279625
7538262
9810882
18950290
135032842
158766990
148831214
15292588
65680985
18641890
15293502
27379094
75471991
14550252
157064188
159546928
42651417
160420897
41182693
102908656
14962086
14055508
152408301
159542987
19882452
22015584
48920728
13018242
15982308
90923937
151662011
38731375
161194319
78480110
161292296
57391454
112247702
144493791
161755133
10695882
129643594
103972606
162672438
58777824
122754976
163163511
14448240
33913446
162029763
56559078
74192304
123382168
46039798
161491088
79004984
21324084
133272696
123567163
17591905
163824702
83898768
156837481
139166008
105606545
6123762
143320499
44207738
39054167
156922334
121304497
157018146
120489723
60784450
126183773
157055284
114931244
18376309
102561824
48038030
155948783
155936386
43240180
141743138
12048822
78149501
148071277
73941068
25211082
20489471
67127297
21117584
71093415
15495132
118517334
19274514
738433
70951947
32713113
114540013
22027440
28428767
56816303
47729221
15971663
146597431
21731763
68204430
74782811
82963542
18192028
87988127
142723391
142726965
87783281
114933393
156392326
146939735
149068015
156023216
49130892
94614657
144153933
19357262
143179168
114921476
138081252
81365927
20725131
153446219
20704331
26358784
127375010
71211102
72195958
136215912
17448215
152978241
83627562
80357131
111710014
104556025
153922290
135265679
36100646
90278438
86343129
156268246
95501965
151488887
106812291
45163606
21403734
14426684
138601586
152058518
119835682
95595134
113324706
18415356
14973281
21303716
151571698
123961479
33998034
123959470
128914285
128702411
25487534
148017283
23146347
49498672
15398542
52588584
18109828
14890935
17998512
42209020
75400697
115110572
104510152
153121440
61186095
28001533
28108567
153360895
18298870
57466964
18924665
63234906
15078619
43382611
14797114
125554850
24820172
152636960
102447402
121511619
73657330
147139327
152181533
18076776
90519933
118597191
151823475
86402704
28665714
17313185
30061192
18146167
150768503
84833148
24169390
124613246
141124160
53473794
27099620
55142631
151440921
22033461
151535621
14210764
18027823
145129460
17457788
35840654
118748700
135535725
124920374
133471182
1171111
150813657
132203530
139872518
14332198
20982399
26014815
63545930
150456165
19756153
138024502
24343861
130816969
138142082
148932586
67648597
130218012
142916303
37089407
24818242
53186096
135545941
123076755
111719533
61269661
53806194
21776439
144300985
82129233
60420725
34161411
17057472
138874165
103374893
149258843
17968721
20865816
14431839
144605451
62728633
13238192
22456204
37683988
19129854
73925357
69677667
31433664
143535501
127552688
129417390
145682886
32809719
15273968
136169487
117295054
28059546
93076076
74744419
16960879
147019065
113203728
145859491
124018804
30825338
147368864
133802846
105118635
29270510
21271897
20725957
94109428
85788722
108940330
54910239
140688221
29402092
133965118
90896760
16208761
79629981
44453890
130223869
87279536
139714984
84964338
15710674
92413268
19264842
75435541
43195356
135556405
116239575
48056950
101702059
81150079
105159307
143273586
117877573
72465647
38871133
145841691
24557472
16336624
142668411
25893393
37263075
28597628
139825721
108421727
32900750
131353003
145269453
9824952
28405145
109750369
112021461
50227626
63130652
29811763
76719254
14160089
62389712
7611962
139074994
25398094
14934952
126579720
22492326
64460022
145432143
143381041
22676037
124021561
14388109
144891464
71361844
52406811
15752703
26064690
126889524
14652822
43285530
91239726
23277479
30447070
19300817
10099802
18558604
139905561
15724253
19037053
121492442
139130040
18530793
83978403
45840753
115481492
127098707
144255275
47690962
8216772
25900266
25755532
123426381
96423491
97002407
27075980
50664561
112023902
102448577
17036420
38483838
124320874
105248424
141694776
20658770
74775704
31595137
32981405
102869487
91627480
143663520
143708514
142492602
101046209
22798591
142427461
86163761
138502596
14126888
87695025
140690164
41355566
13406702
141596408
140182200
84427007
104981177
20208764
28563361
22270247
141239260
136093250
140912287
23620437
119945354
67268644
15237500
41634797
20355125
126994808
20576655
69309759
18716016
127626628
140219523
38090101
16231405
138198542
37086557
139675017
48834856
104956509
15412070
140518316
81796461
140643125
78331842
139973506
140124610
17882662
19596181
92035820
15944429
40464690
16132791
139439027
118614756
16132022
25109390
138681116
140090617
114021712
135182368
114883515
130441562
17341903
22301442
56898210
138531968
71387040
23269692
16470123
91498731
34373064
135476157
135133940
96388751
139052290
25542427
48543072
32436940
103278592
14330812
115697109
25880959
60186075
102532585
107392321
39515317
25219053
36408451
87009413
116279936
89791245
77030785
134498559
16462359
20570181
136555860
18686823
16652360
63607958
19989195
65422486
41103524
31737419
137511827
137419332
92126120
79271950
18381011
137281720
79612628
24932021
85643332
92942538
15257682
44528005
116188040
103103810
94352249
82352395
37453508
128277459
120184004
110437732
121421139
14122650
70938502
43874512
90586650
18648344
42301431
75708063
121809051
136342345
24859536
78074208
47837222
52409334
123340770
85448904
136058500
30974585
69131948
18919009
78180319
20132554
110305657
136281885
43068002
80463636
117291682
108659506
15851646
43086766
130253820
19041124
23714681
108059436
19572710
127984028
89559258
108321952
134871230
26568495
96501265
120940074
107318510
125831648
135149868
128998963
11348282
36928942
23748712
41291327
23263371
119458057
40873982
130861315
23498854
79819727
43149222
56869577
129546245
111937211
133842724
39515245
62718561
75557302
55512566
132399106
80716759
15546940
25585262
18606877
17160715
16025320
821966
112580278
105180501
133853105
134532478
133366485
18152562
20679108
27559439
124736204
17973946
86199171
25500304
108489704
132713392
31375715
14177081
125071821
49437936
7564312
54624571
21775151
132998352
121209904
15869453
29400327
133205158
96031412
29276699
119126015
19266563
102080033
35042508
133061134
126399215
55425335
132353247
121304910
103744477
26824025
84827910
116754970
131821093
84077659
10005202
14101548
72626235
132188438
21127834
39702759
128941562
130840714
10875712
33124137
120269705
15486144
24354621
20698320
67594072
22796993
131287291
77276631
72452984
19927012
108993573
73583722
129851695
34344120
23653206
131401430
19984993
58562301
53742411
61560338
21140375
127330240
130794137
131173522
44379974
16311993
16536804
115097756
97246733
15960683
19152748
129859387
77254398
18269793
130328681
63716850
42657783
129222401
65383512
43300645
129467944
130012526
22422611
123807478
29348013
129236403
107462035
123955061
105523041
101819329
59916471
36715167
105978045
107898608
27472761
31152498
70753039
129188938
130092335
115754120
103101931
91346337
129195023
125398809
22812806
67963421
128885886
76338194
127973368
61840885
27667548
130091524
24250051
40008286
127692138
24219251
7828482
17201121
34775950
115148528
15641893
80346328
80841838
117781978
48191803
119521462
112845440
128614431
67432980
25114237
112344032
92462843
12406652
112894155
129140648
60571905
15876348
39749670
128014944
90839868
87287023
14996156
87914150
119512314
96943058
107185087
78604683
28208800
128227531
18941900
15165999
20787488
26708649
67442737
71489644
40256161
14288979
124081667
125697328
106420257
117615207
22231310
26550644
104671996
16606982
124574104
18065271
117834522
70451577
73194015
111087184
126386840
20891442
124162607
77863446
122996729
107562047
12072272
50558751
117266112
41068819
23946667
118105702
61527180
39769510
17047143
63289705
10181572
21936609
126356537
72956696
121284524
80294535
30993177
15496673
120355303
10034082
18363806
39653519
114767941
20691360
14194241
19142019
115990469
34750013
47191725
14581238
19671331
14985438
125148472
14129427
77022114
51355490
108487258
37415516
120826503
19196953
8824552
124631001
17256771
103001763
27934206
26394323
18049891
124271934
60349767
17447359
15905212
62061773
19322758
18168683
94292863
102520749
96166477
123827182
78259507
17346423
123969376
16480335
120655556
72442979
71194932
7695792
10385
