3891181281
2353788878
3316179578
113660588
3851509275
3696565097
3770219302
3131314745
3233753202
492806249
524396430
15202470
566226913
2821563630
990904392
467905151
2959535091
2836887803
986211042
3373750636
2771908911
38146044
3377185588
2309595541
3373822103
723192164
291085537
77829137
3293414194
3303048891
2977580734
145980840
823277695
21285557
248269543
255717295
569734172
1361833632
3045094519
2559918498
2789392081
331202983
2829966844
779076895
2430187488
596354765
138400167
2870555779
103161416
161044929
22026168
552877054
3037080759
3034214643
3017932241
561297215
17111287
137404743
322168064
897684764
110890208
2572633657
2981414219
2932547206
443885191
2950577576
562817107
2319375978
942748020
343018077
2284774543
2388371658
818543700
29726578
34222024
2869506224
71210524
399223433
425340596
216366855
2811770483
208442526
18465081
2874030908
52774160
1949132852
1109220144
19416598
937783134
351401071
19984919
50057127
35304791
2285471886
2678236062
2752268657
575932743
2557915058
2477512142
2690188656
34018296
631177245
1856268535
163877949
757679334
2602846615
2562724922
808861362
429850967
1324130114
1565839604
185910976
2419710651
2516897582
42873664
107174526
1291199636
461099519
154451419
562495967
2370961154
461922813
2371850526
2275114487
1370684718
1938608077
19668775
857177724
153814910
251456768
1448304912
632538212
248783737
1046034853
1400404514
2216245224
21184460
2243103480
65187067
1010824831
559756727
45865160
52036252
273578767
713780924
1304259158
45373841
199360809
1270406718
1542662550
794631618
122973487
1687765428
1687831542
1687672297
342904778
22353109
385276586
318053222
815177160
14826808
1588854877
239085423
311052101
109379148
96102210
837693559
15352768
1097361890
87818409
198350602
493533362
41150196
575655913
330101315
39282190
1245937087
68440549
553429510
16939942
19409313
856471832
1396630106
866128902
768562657
320268880
19108922
19534829
1120098811
1286506417
354472005
498781686
324896218
361936611
745320876
62183077
256793538
130320246
1128132072
269043415
897921452
644833
303691655
17251787
274388734
69914884
742798658
1019670308
814824506
320533032
625497913
60514114
405033226
52010875
635123740
136325501
786822457
125349299
577178402
37561616
95245460
115039678
388345704
713648564
714854234
214099847
212299083
19336647
25166438
358862836
514463549
531374725
78118734
12286942
20692594
519952673
52584039
14397125
29462444
183548902
293110255
439281831
566150096
621583
6612402
20444825
19402238
454724555
356902110
127305588
299245392
413129652
155848569
19843630
370907274
479669862
13787402
442847499
225911067
18700629
60139812
226691837
314758565
39048311
325086171
717313
19341180
180505807
12925072
83590349
15796976
236364519
80015284
231741682
16540939
208193664
188483920
108655269
5904762
1046661
189687557
31408080
135864924
124133787
123840635
86113261
21237486
97197138
47983577
20746250
20513249
1435461
14372486
1068831
22289298
11518842
20038221
20940853
19658826
14442016
15355581
14443095
3639321
634553
