134770304
179530750
353279885
125747121
201808822
202062845
493020277
263424208
41830510
295663598
31524221
350998699
203414077
263197505
265429162
99269431
185658205
248332338
813286
33388399
155927976
17006157
15072071
20197625
134793211
213238484
163594070
180045221
202691511
21474245
31322556
42379703
46144998
86923847
45224548
24275919
36617822
50246444
41077287
53817066
52420819
17929027
67977338
126733638
17896574
14224719
24996837
1652541
428333
57339160
4970411
7587032
17842366
30313925
