1901841266
8398722
345752684
1600855020
803478445
27500372
3555378377
15828654
185402175
3306442627
3178145446
1683580675
18627637
4563411
4004328447
75742264
2844489467
17372928
30697038
636586551
2914571740
65647594
2717767602
21675323
280922916
2254236379
221808649
50429239
356545049
22522178
495660553
14126481
15740491
2887865951
3580701441
3015417215
120636331
372760774
3740920156
92360427
264452919
958649520
21792170
1216795250
379212448
920986483
86539401
914119638
597009469
2731430702
615784548
237810740
1857503864
742798658
541731281
2290210458
144746754
27754737
1295996592
3005810909
800981256
310393748
1708298767
3355194227
135635039
3065965170
3427204144
27978241
336728335
3150929386
3524886803
3449673255
3296016133
15804843
1579422614
1103945466
338226829
255717295
48012553
342802864
93873277
3408974278
2166116277
147295417
3172421813
2317321891
299892543
28236638
438569530
586043075
1678564044
2377578055
2500425074
2892282834
17927372
3430537048
622511438
1227373182
5362
86377557
366888493
26396117
281506687
39692025
3390083751
82694358
913696369
178404668
85319022
14275261
971082625
1524781
2154127088
2876139185
445846744
3254911297
3313220621
68704586
1212077382
32347819
2176527421
365073587
348090283
48988084
542050113
307914319
467905151
2319375978
454724555
532932119
1938608077
17251787
65707359
44177383
3371558375
14558642
347357473
794631618
17907891
1511938453
2331779203
208520930
47983577
434442052
1507617380
1414130274
2493302816
17187713
37016034
2191109263
22885466
2569182902
63485337
137404743
65698096
3347510067
2802558480
3150595932
14887893
1149541562
18507983
224664331
241787677
20479813
199737585
1094540586
16295498
2207527682
101041371
904200264
16340475
14942871
635123740
1158733934
2557915058
2678236062
154407102
417544907
2764047271
2818577322
3233705821
2922981197
1949132852
2837391159
3226505335
3238448948
224223395
161044929
14188985
287766300
20950239
1093324700
3110777490
2558210098
415762872
2972590096
820055
348785149
1284357236
558902406
3002033811
75302402
1648063752
320922867
2562331596
416105754
1237502864
689293
16435797
192679212
805810843
2358872550
44637986
1721075600
2286027433
2826832092
3181083746
86932362
3247910655
1570801771
360018706
961231092
116480037
2959295439
227797485
2285182808
314758565
322168064
3135519609
96102210
161078090
147149131
2910350817
489929554
23237339
232120274
2477282563
550314679
11680312
1607703990
1550774509
156920978
6624322
563811286
3092247629
59013254
259871223
3132007510
2480103232
335473253
14897792
769846998
775286364
189253902
1262727931
2387414858
57422635
1458631843
1143863730
2883988803
768192547
309043147
1618278606
598802573
1227885888
364373340
225493899
808481575
3089339418
1244777868
354951414
2923066285
76639716
2373950070
59061494
950398340
475822881
1492807728
1653990368
17847966
1074742087
114566919
17292623
52488565
2877495449
293469997
3017932241
531154069
202968431
56025719
280354655
480377397
15949242
122051564
20342875
29442313
3034214643
19863141
19745335
14577452
210769277
198738534
196196969
3016622395
2580789216
357279827
17484136
2862441010
2966625339
2627875798
436127375
225052010
1583260921
20260548
239153508
2377958781
2828796622
285165232
132698610
25168865
72610586
229220953
50758087
137836269
334263857
1414967060
22171156
2382989821
439749649
406414765
180837517
2209884625
2232696984
1873706053
2981414219
481943972
485109912
860158302
860302657
2798665298
38727370
1911502220
362396550
2150041849
473879788
23818689
49316975
65838013
2304057924
98423493
57278393
995259308
56556045
57722453
297541251
810590430
206549327
443885191
2938515873
76858507
20791978
373416209
1855900141
574983669
632538212
252204344
2505271093
43104516
26800968
407476898
1447788685
47876842
844616582
626825239
1689053474
980046830
246097272
356850668
776213569
35337456
300735398
35614173
2918157518
36333109
71322014
23192201
183548902
89894871
145852991
1209723612
12889882
213689248
264138087
1431168626
72757108
352650591
425340596
2886317271
57092838
20684753
423975561
15146558
488849472
18589743
208442526
1969346438
1908632491
946174502
2559918498
81375076
753851953
44903491
15184344
1268214312
82867773
2231789863
856471832
1307685127
2886736417
75329870
1448304912
17529492
20707070
2598385524
20333095
2336945442
167306188
250926368
14746356
2759046241
1383218460
2783160078
1566209258
796745155
52133120
22270118
83584250
117496715
27470287
1421082818
2195671183
393827314
931147927
116445249
807365647
916057717
2172622974
257651752
2799123302
296433450
14589654
2832035101
9891262
946065337
1613604966
510740358
27768247
814304
2803944613
142208545
131942721
116290081
59603956
1691953982
2374211408
413425485
31510193
1326773444
798925214
1464370796
594643753
367824794
71643224
33856936
50728194
107225267
1511250390
29775768
32588979
7861312
38787844
222302211
279083549
23929169
1372993508
478292808
190840128
2764741506
147327653
2724954280
22029897
1945874288
15300187
1390883268
113419194
70563348
620306696
2169660902
236529593
228482961
1011349969
46530078
1863576204
32334334
58531179
343015306
1857869708
254371948
63121936
89593573
211177035
213861803
583409466
2576749254
102417054
14145626
1472477456
25821918
110890208
2699327418
20926173
2697248899
2293415520
2313732950
2677170210
1676433602
390783272
233372517
2616545881
2562724922
2646301176
245153269
576647642
153324320
1678667264
52196137
319939901
443734314
1426348152
2322635520
38095736
1489206901
236028023
1209887330
2586053526
1078241888
1542662550
621102394
2216245224
19534829
2583382082
1561740907
1413173948
2540700248
2575841712
293825211
200405814
1347344041
2565381618
14187403
221580114
2425782770
1536953341
176693404
107174526
436925910
1565839604
26983187
2511983838
44143505
193483797
261324356
570973226
15859033
31443503
17385903
110228622
268267183
613132191
2378225384
1929353910
380667593
42174375
20013304
355681958
1466130468
104173962
46748374
857375725
2516897582
1541334302
17905977
551112681
17993441
21866842
1292209657
1452199326
2380898856
912987235
15483332
262937086
134429434
24974525
17220934
1392333228
472272881
104600631
64319270
2192525809
97582853
1512144536
476943325
526753039
228554424
2243103480
2477352308
2467226497
415075929
2192592792
629787945
936869486
2444885288
39282190
946164992
245107956
32456120
1679185459
760065560
31663209
107181245
90180235
104600288
2387853444
19539314
1190205782
1115784079
14741250
1713104221
1107950268
1245487578
558148770
245517001
89337224
25341709
23395072
32372834
17424053
870080730
107724856
745320876
1265093432
2323813615
948104532
168921461
20478716
2214371094
1452172988
227429355
1425644274
2354219515
317422543
205759065
213917132
27247475
386676037
1350675174
2350855885
331202983
29270273
2329481318
1278451134
6418922
384923143
1128944605
185393327
789742302
988019876
1533906505
1329382418
16519340
220238525
2303857746
25699393
72842277
59031230
15921173
439928778
15723903
59835694
610242378
46352560
320268880
24167314
22998214
1061623501
287603502
17004139
33494354
136374557
65375759
911658774
23228918
2266542499
87997689
92104413
358542593
22674756
262365030
334969657
50504733
435368535
119625403
379463959
2167304513
1667014177
283696216
320404737
343573021
1315135850
19774211
102071743
2180030328
33279328
1462834692
20077270
579299426
1151362506
52584039
9825512
21399603
1328252432
553085228
1242490129
358862836
214581968
14043142
35304791
1520065044
224896427
216567927
17519571
450930862
28813360
838464523
549405105
37722615
16745935
229453247
374946354
28912478
113767693
183745932
19843630
15154811
137386838
257048400
606549267
20438952
217963801
17430060
1661964656
64454976
166022406
217331090
1875812840
53435986
18243284
633095212
380816062
54956437
34715093
17563527
1879674031
136532538
109379148
19596074
148529707
46743752
14729597
22679203
259568572
1891664527
29342640
18328820
334217161
270451177
476837007
25732408
815177160
14324284
179326118
285403415
1376826272
200600762
23242375
523545139
15537064
31014783
837693559
17396170
45399329
385967664
575655913
411697025
1538936353
281031538
18179974
1630508299
16337598
191570322
159951505
31936449
9618642
27523651
76013938
1405149102
981162066
1040758742
398581149
271645211
161939929
20446182
1464677300
1343132275
186163295
325126593
15201021
370879693
1398159360
1242788624
10328012
569423891
1060545835
18638210
19563103
323442492
24254084
18758175
41215558
242155735
296391169
777121
466617538
713092692
105203181
420574055
135304272
11783582
19230701
46145761
404014057
60196700
58756672
247610675
818543700
29429862
19200401
603734466
63882558
24051655
3795281
461421839
252998687
21906582
15862891
195685539
191208452
19138455
182839127
20539747
276643081
322658873
37547775
151257881
622082562
91217312
107037417
32799889
1308884352
225911067
38146044
15684633
587376806
85698714
287194246
290019499
83424009
17667237
14406567
575372775
64776011
320210499
18194162
27468198
582872181
183707859
72734777
323854120
133239513
1676105780
16079276
880797595
22828618
472057669
634109297
43822174
147786817
124237063
259990583
347833797
1004731015
215750346
516805004
22419487
928196912
260211154
236414313
578991574
377150513
902502721
204832963
256793538
17006157
212299083
1253721834
45373841
23259960
146123790
318053222
768404342
21206513
339901309
212901419
99173786
395355737
139199975
37599351
19984919
90938411
274000727
121869155
1242347953
116867280
7093352
11178672
6705042
317216139
17808045
16716425
738518047
144612928
16017475
279418921
1049752183
17042078
14343392
17221246
24939473
88290488
46468137
17799837
211687612
580411725
143571157
115335396
21664633
61367340
40385166
65711092
15521075
428694938
55006025
1631690197
103925618
38245723
382758202
155748301
37561616
56564230
600803781
589975555
973973594
92144604
12286942
18585425
382945026
65648360
67014695
561297215
35315865
14441838
394879847
23760311
303130436
87508937
29717083
59128257
492568945
908161
15484063
12819112
50778320
17007351
27234566
143086518
18089292
16227629
93950513
145021667
47073443
19658826
487833518
35507882
87715935
245545600
19108922
26858764
16843817
52316976
25140707
85906238
20038221
11317392
56202639
898921501
1479731
787765068
28685631
25497987
112475924
19048641
429253192
1453188625
591702780
122795357
185910976
119510408
384182912
713648564
18414364
223529798
367297219
1205345400
90258002
103370610
237409428
378171907
15661871
22107690
1679260675
19725644
25072482
556151596
997629601
479097024
13787402
52010875
42873664
549316468
162293874
342904778
1286506417
340435374
196877476
17047208
148117155
1537696610
100068931
65634864
33500024
14283504
21956623
1338035388
32729442
21611239
29356679
525555679
133733621
104600623
16303106
630790777
1352159568
75633116
85980192
1388592445
75937326
1671296839
1435461
1145836298
96338744
19767193
128292609
177005581
15496407
19416598
8005492
155230346
28939108
1638587874
44120745
303598509
277742672
308065135
19920464
453892183
302472463
161458551
49413866
881369844
274735607
271767796
625924420
51947712
6742592
768562657
24001758
1115365544
127305588
241278137
255220185
37710752
15143478
321652549
1284565916
242328548
466626618
26616462
14085070
179895357
