16657699
103916911
3178131275
57400495
321416352
40315296
2977083957
24531648
15058596
30005585
103290257
365005464
1625689764
1060997204
105237363
45564482
3074396945
2782211491
1939954184
318424022
18220630
851425314
17599655
1536791610
2612112325
1565839604
2746128757
29340609
493594946
731360706
2293415520
180505807
296644509
19256096
3143722030
380817744
1414130274
14550448
381154948
22964911
48695135
131999950
3028922475
44181960
3091315209
2900772835
26368450
68710328
50318478
275461522
210672830
1955815662
119867076
352448762
407472256
531817241
2825205746
96720499
228586748
1362852985
16280566
169633285
19668775
59221014
15145732
2375288959
78209491
14499829
272017240
570261432
420574055
20342875
33972693
87569989
75315097
259959379
117556340
202294396
14323846
24703010
342601720
250828006
20718719
36398812
17076146
43386507
23126875
111027335
152889033
155351336
262887338
262935568
2262913646
24860713
2420618906
74474794
2909512497
2706909306
296010778
24974525
14603515
11178672
18985501
69012419
16465385
17292623
37921458
174847568
492806249
34666433
7446242
346740364
1703597622
7282132
1337603888
123018288
15726199
19713825
54620808
103081976
53023973
216793572
165622748
2878784774
41380057
95753389
38530021
1499540461
185716178
297719472
123582098
1732599787
2996354610
171411817
1728408043
180273692
679183
30309013
374095894
334912047
47983577
143086518
14324284
32427234
26616462
35304791
114857580
20444825
405033226
15859033
39282190
31936449
57030951
218657699
938080704
32160273
18964074
21237486
222070084
335246117
78714922
490056323
6977272
112775879
117636319
291831147
1205804958
18247542
279418921
11824072
3795281
26122129
20071031
41561657
43888471
79796160
608182396
161913667
18247578
55248982
390284285
15723971
17007608
61903300
16244789
16303106
64496398
356614013
2342252743
21416670
76515242
2562724922
15245706
21875890
477295249
233860875
72842277
52133120
24259724
17567533
2263467936
110630743
104070525
17981537
198169408
21323268
191578026
20109439
1375289149
24992877
2557915058
1130440717
2308476803
71557700
426044697
20081176
14421900
386682375
1428575976
125695429
68784803
1093090866
1308741
2241380624
79975924
237417499
195533249
16896485
972651
816653
44196397
26269076
1158733934
19722699
18567018
21234787
1685908440
2444096628
2239293463
101806793
82945896
60981481
48761357
146569971
15134240
1219989025
919182842
228410704
14592723
2253816445
476193064
2365987200
6705042
2295292020
19834403
413514582
94129050
18994661
37687633
133756191
258900199
80684362
252857245
466062053
2425716337
1268038951
60694237
300455440
87510486
87512463
65712206
87510717
266223488
87511983
65713027
262825229
17455292
107491845
29735775
159589430
15898172
88425861
2239626504
18021517
2332208684
1446861720
1656086203
164241855
355016568
6476742
16026783
596872866
201738137
67358777
4898091
18090786
34713362
2097571
16664681
15754281
51241574
18700629
5402612
18994444
201846344
1652541
100068931
54680379
377388051
166816694
43630083
16319797
86129983
21928178
91478624
25053299
14173315
87818409
742143
28785486
14293310
282735852
267921808
15846407
607289206
15224867
17918663
11856422
21898041
10791192
20272531
15492359
109298652
480089849
1344951
17471979
621543
5392522
14062180
149180925
121490448
135316691
45989114
1551282932
2233142323
2207676920
103642971
363159964
225207077
24574781
2278228921
570265285
6803122
113499410
423556756
386869663
18818329
71048920
19715694
2169023419
276573828
48797364
210116035
1198693802
59257007
131144285
6576492
14263366
14476328
41166162
1946960197
18294275
20457806
18723114
17226612
34287054
56488059
28436760
53039176
19596228
25562183
19734832
807095
18679867
322129559
35846368
316702759
138845026
7243252
71049139
24387882
102488708
20245775
30860604
34115195
340441440
265634129
95273012
71322014
101861136
860302657
1601549102
1425932438
25238259
20898564
168190069
1077802308
325681401
44159179
48802719
428333
26585095
20187065
1283747078
38317061
364905951
1261044036
557151599
439281831
1442119560
36652064
182886164
353619078
20812005
20065842
243215442
76369773
23892927
183735745
295746612
244192752
140514522
14940354
451586190
48110818
14343727
19164430
224180296
507580204
23845320
151205768
14617444
294146466
13787352
107276975
805276508
87707751
212278192
14043142
36083751
48788453
27922157
71323069
27013292
19658826
1435461
41602160
87268782
22497950
20198534
20542737
49832877
15235829
48160604
28160998
2195241
29600755
32361431
17089636
396365748
73774967
1080753187
397291963
83987145
1735686132
40156330
18208763
39522692
33279328
18126845
130579391
17240190
17448943
29881875
178363987
21237942
22813422
15166857
229246832
50758087
19843630
14435376
18198832
25325260
18834912
388345704
113724175
225476586
232937039
123888583
14710129
588586596
389853429
295221061
16174754
36078825
289532906
55233321
461242546
426909329
1023020557
14085070
167989139
14897792
19837528
12819112
71210524
26534249
194343133
107225267
45815179
32372834
36066745
15496407
47348249
96294925
19679586
23094787
16150688
19767193
260741931
309691956
202968431
28583197
33838201
191593677
152972855
407141780
229192282
337121402
19725644
320210499
18655567
339755935
82985064
14267832
65134016
141242032
17251787
151551090
26817726
580269594
543876839
97532053
319133799
13746792
80655195
9279652
136406719
12065472
31586578
875537564
19269120
264399952
896595900
249459871
318001397
17573273
1247425225
98098550
398129689
378272434
20678126
17230461
1620885366
23631835
216939636
16630098
26832834
20138728
323325582
15921173
15828654
33277722
171221404
137836269
56564230
14245811
262365030
161372707
32492934
124271997
20280065
381001316
355627859
25950355
272548045
237409428
87997689
173999134
124237063
384182912
46300208
427900496
16227629
59518694
14677919
152862026
250137376
17221246
223560830
21423021
183548902
26858764
17042078
16079276
143912910
314758565
181234930
44418062
8790772
28139678
9534522
17001646
16172894
17393219
1833561
256793538
14348157
1586501
3108351
477734023
21581503
277071665
454977993
14325025
16348885
11317392
288402923
111072713
15726728
14434070
4157611
47433923
45373841
552082523
17918545
19416598
102094857
102754598
83221847
469617682
65671583
537222561
1330055544
253184910
18294197
230944453
263747020
16939942
575655913
26478528
55338739
212299083
901835683
39694489
46472459
23481118
966540500
543700209
276643081
113740810
369334970
428710853
556992335
57407600
838882999
86626845
414299987
213012200
56050543
13787402
14313922
17051344
28689874
14282672
24169451
171622913
232268199
17494010
24236494
209309794
17425484
18499709
16843817
47671377
495517322
835828592
82336717
253808421
18318677
1769551
1076955223
150757875
908688188
17343006
17846546
14614615
31345166
42871498
16044589
615265862
174740894
74732805
15663092
227778014
17068373
30291211
23771696
19313995
601697103
88671878
18560574
793372728
726470882
16567705
481568223
529654189
705790130
14062554
56695531
43199901
15066958
82683644
112856515
233364902
66361342
273753448
275690183
311139991
35306978
18995454
619185307
380086439
62866755
28611038
20531154
16183006
277000484
23442503
129842864
50485184
312840253
22462234
15154811
65361197
514806103
385542768
20103834
14630696
578082150
579961757
16245822
34222024
23962312
50014224
21242028
242516956
285296810
116748080
297680821
174300141
87508396
487833518
14647570
21240309
14620124
349221525
369574945
174011051
29539491
30960988
333140339
63183702
19019298
111083109
27046692
219898997
18290951
1000591
8963722
15862891
130241862
67304620
26929440
17002395
50753411
10180222
17768235
15172980
72344638
127910801
238349193
538533994
464159257
1450531
16629477
14738561
287833734
156981152
92546441
44438256
20988060
19310851
22300778
212777836
19267390
48813865
61232061
114541323
22664758
273615113
11930482
80366398
14911879
19649620
115039678
56685979
21155592
14461298
29726578
15755223
26077026
19245184
17038627
116877838
96944232
1536811
18170896
117064656
19898016
32624460
36814136
20152124
326159205
42712551
150779733
140467021
21308466
107174526
15757880
17047208
31484145
474575822
210631738
768632
62862144
82095703
325138382
238261649
16640235
404296079
47367118
32615991
37732219
106806699
340476666
176951197
16581604
46247561
86125016
56446462
108313923
331001499
41628166
54588816
46145761
20815041
35572312
50762782
27024872
29787193
54641489
27295244
46485024
95972239
17369110
248795646
67003972
