3903147958
1856268535
158198443
6508812
28434229
2239362374
3371920739
1547838528
34743251
13298072
44196397
3304721740
2800364413
228586748
562817107
3290156986
1536791610
74599038
1361833632
856471832
91368841
806393046
998407880
2894469489
2557915058
85906238
931450722
87524646
1263145681
945848184
162044153
14985228
1900944043
502151289
1963969297
624463949
40854900
21285557
1908083293
635833627
2710580269
2751810807
2768055348
51707703
19409313
22151193
19742143
361326082
2487853952
86065887
431429137
575655913
2511477648
89447929
1364361198
945527959
495517322
1565839604
48306404
575932743
34595852
2330768095
429047019
848942347
105075809
1889774671
1425644274
146481375
390763447
2255222340
1361902236
37732219
2178911414
38372813
150119803
136359464
14087035
14043142
198288297
16435797
21997144
227361142
1685136618
1431747402
1660468830
1519183848
19541922
868609854
1005327355
1587071418
1489776218
1472866045
388683808
1353945756
1530953521
19767193
212507668
760065560
1184647243
256793538
250121453
1411552897
1617996824
1120626926
618201967
634406525
33249457
490056323
220139885
45373841
235893096
133227562
157449978
543876839
20688520
570574417
93494670
264124770
318053222
272593403
17939037
195502622
25201898
495498585
18887526
58235603
64003841
15439395
862100563
18089292
36814136
19837528
578653038
390721007
43848067
37918505
104056037
713648564
103541806
380816062
952411
149989611
20609518
23443984
232194650
489682509
319770079
229947495
17047208
34222024
153914014
152862026
166369152
327577091
34208741
271570019
314758565
22219572
22419487
29462444
183548902
269700525
22487841
46808175
16017475
212299083
91951516
22770899
92249549
19416598
171221404
82336717
16939942
160550351
42885252
42957447
10054472
27924685
20444825
9534522
132594097
53361049
57544892
102152178
15487158
93702087
14000542
5762302
82908454
29726578
66149640
59221014
62528204
19961753
46315184
45923583
15173146
22575671
38679870
16629477
37409635
7973282
28576135
15940539
23576240
22353109
24398512
