1519307551
35842516
2148702984
2176527421
13496142
2684865902
91870534
3241378812
86518411
3843550875
3094511231
2803974109
2408778860
1705743014
564618484
306285195
43004021
563281155
2529994715
2257167301
47881004
2376751632
976923020
2209592418
2870526963
296410955
104962162
402370560
1242788624
2843843588
61144740
4165022543
2900904909
2883292990
200818199
294276920
2325542232
3638890038
1566085358
309192590
28799065
36364025
266068165
244149327
3327849574
1220861120
3259901405
2800086208
1128111374
2153209668
222611428
706987204
3984133633
2906468554
2731632165
457000522
307103766
281951347
479767174
196558815
385611620
373905234
1484234522
1963724474
271332757
425933852
557746406
351293140
17179368
461827669
904137043
14321959
3911001201
43965658
996944930
334495303
311986618
309232179
534317666
248758771
15484198
1509803635
170740332
3437290666
351483361
353330191
3295316082
3370624737
407948477
3367418315
3367157373
16966264
582665742
563249858
2872763511
2957324983
327965972
20858225
761662003
17258661
420351613
636188854
3319441817
2338213146
2826960461
2453013722
250313359
3989331575
580536044
586255942
456582393
532408038
75232787
425088489
240684576
192623118
303324434
1339835893
1536791610
4060064537
2916305152
16305330
400620163
842393192
3075288851
14300436
893034889
266656866
1451355961
608033428
3408892947
296129356
52973326
29032961
622427154
302781390
178366499
17362917
239621529
83860499
78298490
761500591
413237568
2243527633
3158896711
240339049
1016014596
2800466323
1726654345
3007428059
3757361075
297877331
3348997792
2886900976
2368600060
3240517227
19457301
18167752
15037903
17087304
17022314
61188869
350772170
371346012
345124863
127223775
854003948
50516203
217834708
15796850
1328674116
2941533395
1885792478
45577446
19539716
19719076
4012161
59460397
20329672
577432620
250212588
633974560
488345458
482133423
64736330
3077402201
1075324656
835958604
494306386
301523650
27883417
2843901666
3471795497
111388892
71489842
506001038
95145479
65583
8854222
8854032
9697482
18454034
1569842137
395424163
48407794
3266038343
185716563
2239139264
79199981
8170372
493609953
508554746
3391197291
528878184
102955736
240315772
2188819951
461219840
19610625
582161546
78679204
16686673
1704085728
426509606
61083476
1357931292
82867773
957412446
3228492634
2353360606
1481668268
156709781
967974936
605025484
84699037
86773118
326794657
1001283048
96564060
1623645726
265764418
37465799
1853013727
2762835915
368032559
18831694
42640594
458795994
610659001
254930204
156121420
743768472
25095479
177585170
155236184
2626162264
2411327162
305524228
1098668917
122336987
3323381879
2338811370
1633950396
1411231898
66327572
17939037
38205414
17710944
246262362
189699584
26886087
552972703
496011014
492590266
303642405
233026075
3272728021
294015135
33569853
107722135
45715838
50101725
725815213
56696814
793352318
967751659
51175773
2471373550
121413335
24674765
3066003765
2221907575
2958046713
501968170
249670742
15376357
24752484
16143105
534255106
37350044
622376253
321575853
59490293
41389093
25531164
275132657
436748964
12609292
15876845
913447502
161279587
64001425
1155834775
250053977
2363506767
384649026
1278437042
610414866
1428336606
34349003
2501559841
17921791
337968909
107029948
1887336738
2475151315
236502613
577459091
316125821
2223592112
32849980
735314581
222065629
869894239
298959564
217422465
258790331
461919971
460966881
556210739
51681636
177179008
257415817
481964948
141158796
49800117
218812123
3432056091
65481914
29741914
739118222
229670513
3083611942
2698185847
2831149440
568189587
2831289386
196630962
382442573
382468227
556629230
271625720
385770615
380546146
382060519
381882560
66357545
29651785
383506859
3751450582
379412542
377097322
2563656001
380112883
378977056
381376785
378938407
377011275
378163685
383558512
377220892
379614285
38869114
379481082
1247478108
2966785089
2186511553
3399023392
190328033
237730716
990134929
128023009
611585332
61593861
209994211
260083662
2262623615
2464800810
143878632
314010730
106511987
85452649
612662672
3644589195
269842666
2884332158
856587308
62513246
166739404
304185486
77234984
2887077099
71895638
2967596506
557621935
18640094
267966421
2831591
19287584
3065043202
116459535
223539098
211883434
267053655
23364828
3302183753
134522688
355271539
2916227068
481943972
252077991
338459040
3000261466
392500422
255781485
405412526
140604687
287212988
3030111953
3014541130
24909650
620277673
441779125
2707851346
389421264
2932558313
2616215901
1935729446
2205165174
386630251
2879291217
1300328653
797881488
28007091
454779231
2911778759
232585099
94421751
2862396683
23056912
308677137
128874159
826743260
179049885
45360352
20237435
20980622
180415006
21707498
18721034
700116202
3632005221
166509226
81554436
388798786
1347250338
475829611
241952931
360199374
41574937
219423023
303127473
3119342957
389972564
108882900
389516094
158021529
390723707
85794542
144658847
1346350202
2343582668
18400972
3153385833
16816972
419622371
254031557
2241270623
182960904
364296908
460163041
80803819
14808226
102374130
136263204
1004220360
339697820
213283823
134124813
32372694
43317911
27054706
20840441
2242044623
201201906
344621545
161243998
1128071294
55502128
2476843155
222032680
1941767053
65587192
7125512
47646735
263244696
1245840830
16799023
34002725
1305318744
9570042
1111691492
45510215
2770957534
463357853
778597423
997339069
1833919200
111665300
1498232556
32594198
3053338062
364385624
443529647
633538764
29989746
30014270
226745645
5668382
2176456561
346442052
1422022615
197742569
177989708
147092180
3342774263
981632276
16850725
97268285
21334179
410070653
1391776140
383674990
2969760609
19597132
1730542104
3043321371
14216415
2788975366
35270579
113130846
142318717
3754891
183749519
1081
16242081
5520332
37570179
10078
1000591
2711039001
470596034
223911280
1679568758
14600116
2709374167
20229193
25206461
15507144
756129
118066970
86569952
318692762
17578470
1338085675
1232647776
2579282690
2601678258
585373512
3387315976
3107982019
20311677
261749735
842138977
150589029
972909709
102105819
492833134
42039218
342864030
1955132936
42903387
2917394612
516961828
388885206
888726560
557682931
107180727
35305401
1354610803
105838665
18632946
481120639
102107018
225857392
54351001
84563846
23452598
415449314
121762421
388299335
374602413
130154450
474430656
144791011
2821193013
110767433
259202358
726789775
26584956
236953412
211586833
21408041
407741330
253490735
387054267
1720337690
512029381
261782937
90432690
354911386
19295262
21736214
200700960
20781527
1927879872
21999537
14385336
32965648
79798955
25091518
2836421
111411358
2190400352
1278794138
66078636
18020612
2964584867
50303152
1541364193
336225398
19397942
191807697
143779403
318951712
352549747
156992643
21390987
192935794
77224096
94701778
21713090
169864622
124270074
20992801
240202308
470489295
15782399
227023883
2812472208
612473
961991107
25896846
1964696766
23597719
14138785
893568606
219916659
14100972
86392183
10367
817977
18164805
2334732225
328990309
14454605
11489
10202
14289197
8596022
16934205
8820652
18185124
14205576
211800056
2915274130
109441206
2764529091
3866510772
426009354
2773665108
90392909
322029112
129845242
30767393
50056496
1344951
83421519
3169842881
1365535171
201021191
2097571
742143
16343974
16973333
1652541
6107422
14853904
335579285
19181549
940368062
26900055
129235890
177584156
204864531
347627434
613280139
162611402
33495086
8071902
35120520
66064952
473022068
14803203
14297863
265967674
19478383
23135992
65577676
65589378
35767916
17083396
30268257
42229452
16248319
18507464
14128528
201531255
37735734
80354667
18028509
33098821
64498695
153464318
57608397
16597921
18102284
12354252
60308942
28322235
7480172
14076943
1488241304
15184929
1381680787
103375095
2820286468
10810102
24447643
19982092
15439395
110437588
2710417418
61733092
16133363
28420994
1978989530
1870998606
2493324170
52124856
1464358226
219354637
169426475
183622298
81838067
856010760
196994616
17675072
53347647
83894723
93687642
242798113
338323668
22627258
20503242
1014004148
59458561
71556008
1042994376
2229013907
29047218
2319036182
56752222
841768776
519930496
304447541
68722342
3341273914
406971312
1341772746
1336198440
1071292891
1036981194
2160566886
1323811975
259240321
596356058
14755492
56978179
15082486
2496923474
419593703
16153562
306756011
14361155
38146999
160517737
20596281
169021842
341182645
27000767
278236303
379064048
108299805
478066238
491936327
447595139
30855433
3190504881
120099329
239310673
15672615
1732040756
19530289
33482338
15723653
22974854
15275677
2861018811
1657566524
610800240
3040748182
39819519
30230489
38047391
32386320
16407746
166505377
19188515
2306868572
166263905
240664803
2844984405
77528520
1157643482
604840570
251801775
1965509022
35781487
408454349
173912051
2899507661
3542933056
145671928
133236916
236787450
160952087
16596200
20699709
80802900
15529670
22902578
1524582992
3084157151
3307929149
3208011117
452374644
14810076
605136938
84339577
15912890
252739462
350527993
3305497703
21643972
980827975
65305830
138737516
9033762
18725061
39319668
101297831
2716823047
18000919
194398917
17697300
107210124
2870976215
19530437
46686058
23190207
2872425088
282588301
268444386
1510580364
18696855
2993930001
40172241
121468512
66687817
293004378
398284671
168471504
16011644
360746350
2209411222
2706362354
2462050566
2238979765
2257144201
501720957
3005349628
3073096924
2346545028
3092760197
1979921
19853
586
2559033077
291
931799592
2209214394
255499130
20
1432293200
104477692
630929831
16916881
993890828
332310862
2674024472
92116069
856330826
24013684
345740419
23320533
79988162
20715956
2190353826
2751594014
110205714
41569866
2474568630
839756995
107087487
2402106043
2887317442
209176493
645503
72899232
2895148944
2862723567
52737721
2598067830
43185402
1417891370
229007905
180215963
2836094452
226574609
518322358
55557293
454065821
51734793
1031441605
36761331
49682880
105800463
143212610
132175413
196418938
200646949
20687263
2822259261
162472533
63304316
27707859
35816944
461233700
37238862
78768913
76967543
416548364
14659030
54311364
19037859
614018700
111404785
80356272
1603156076
231795293
271490635
18028551
104827068
305781375
19918353
24886900
84596845
1857597744
283717978
24181299
176932593
24894213
15776713
82959058
919294448
155924984
18918483
18175018
14884486
21226678
48289662
313567697
15308469
49984747
415860695
476391617
28177507
29285832
22783783
186012433
187573580
185087005
808851710
76084152
183261951
151986168
52076577
19540483
1240038204
2163559417
881202566
2200035931
15173291
59157393
1601780563
212678688
225094573
4881121
33272983
138509803
2594828298
61171890
39727062
1931646649
335222352
944486826
2509954632
95071372
2517897888
1531425733
1177139018
16467567
33562561
10168082
63249929
119682506
148758072
299221170
110794236
2230152836
218885655
20038221
2800630894
2203756687
161309598
2719302306
725669916
39231672
2824067316
2787038071
436842808
2193197946
408848770
24922903
50589015
2812401295
2251768224
2350805298
1861751828
211376476
12594872
245031486
712767574
945284660
997040168
95652758
86135124
403478871
264017655
19560236
2788125511
234345933
262856460
414130557
361302333
236960317
24215990
582765825
2784437023
2478593178
2207612389
47561034
372367605
50344099
2563724428
2567045833
2532446652
827963844
51424590
82611362
397232911
14123751
11178902
51408053
22001973
2741029178
2762085270
2753138371
19287037
2751809174
90379972
21100803
2748696036
270681295
1198389086
30009241
108965037
353645361
298566870
17120611
2742131370
1367074836
48324218
993007122
2542945434
243558604
318395467
456862735
119413382
343577895
24796199
2735159743
322889483
276616746
1688873858
629647965
1927411670
55659255
377326008
2717076834
2707302330
61187150
487593469
1080195763
1183576152
860367632
846111708
1289174738
47678070
104453420
1325687070
2687728856
2681962904
322639352
2168427936
267080384
1384398774
579940825
580764928
197403075
179431522
222182892
1130689812
25821918
6017542
41783644
2435317801
36974428
2615488512
2613550309
252124716
209487731
330509397
2598651403
893528384
2387289337
2593715438
2588315424
2588080280
2513533184
2561020050
2582396582
2579552287
2473810308
22145200
15438913
2558910006
2556486500
2554437734
2553151
15082919
117777690
2513492046
136643096
1122860635
2427233568
2494218319
2485591956
2482461492
2477196924
14095052
592774899
419917952
423325065
224495471
955161218
19758148
15157283
205752469
941534262
2387924557
274000611
36984963
1468548817
248748799
1936596704
19546362
25443588
136729875
233239934
24030291
921839401
53536344
38078082
51379368
265743906
455013453
460728406
111349115
281264269
370901863
566759589
65551984
257911397
274507699
556043585
1333256972
20748235
71436906
1182376855
168090600
312677640
15063486
142363272
109459067
484937542
312425223
2258002682
2279261732
685513
350793073
146332990
823905
15947602
397998902
2435275080
435535623
181720256
962662266
786851766
90258002
369548800
229910053
367297219
1149541562
2433270799
595524255
436011640
1180438610
19490886
316464915
47938579
39132894
49044100
1117193798
2156528202
390951353
287309941
794532
570337931
324545385
1381898360
144408677
14104994
851361
576488993
1796301
1469895252
47620117
104483046
1854266034
23172511
14851687
23485648
389230624
17423588
2289956294
182479169
2421007562
138527390
983197800
395068501
806895134
746087347
807060836
16021214
819468972
372954697
394911586
17150156
814493294
165270515
802951470
16555970
297395484
2417633689
804556189
219073559
19458818
149272318
414962189
29082541
182642157
820396262
15306005
154467028
784902746
126591612
603027496
586725000
28466076
112448318
199247233
14751476
1528713614
2409179172
385425892
262846232
380620617
380523814
1613265398
77821953
16799531
437824506
252284465
236786367
557801745
132540923
110302086
242893113
252437614
847583184
105530526
373775232
378899347
2396667565
376593712
1119020900
30100208
15659909
276556168
219298196
31373289
46609085
109581333
276868661
252397899
25163231
2370526826
316608911
1364930179
56999787
23125257
458247741
29264664
283706081
14116807
1163398033
249140707
2157542372
34901183
23110863
51403755
144868757
26203847
61206244
19290975
30933639
736821590
26088207
632091340
236111720
78615375
21923717
21804994
125071209
396038597
2376905143
42629431
2374412191
99349334
102934369
495299801
20745767
239946717
1235065194
1195446685
65098513
14352707
57362322
308609177
22193361
74051281
2370722959
177972558
234504218
216799530
75997479
20128297
28171796
15426343
1960825746
423696286
31350206
28078663
1631245987
1652451600
128016152
327337127
16191564
111088850
480501022
18213483
133852327
14499829
14700316
93295809
20646711
69231187
33933259
98682244
1593295976
16019108
14159148
430977991
1301107910
2348230723
52520517
374385397
180745867
1480278008
140819917
271080643
1037093239
309737264
559973491
210037193
89742974
161366248
168881283
96230203
7157292
1693470859
2359972676
202539226
420366322
20381809
34145908
17797666
2350915166
15348883
1587011490
44579763
324305186
62123765
16474781
309824548
20668369
634732459
1594047854
19387828
90627994
188036272
240758206
86056816
23187207
1933688052
148706357
389024573
100432208
2346613922
198118653
360686735
191948440
162044153
2341752385
2340283656
1693257644
498986721
171000782
1412275207
2338308841
2337962083
343574186
160597709
138075752
15178760
286654612
148437732
20334731
17472479
171691486
60611314
180397740
22629259
20169416
27695248
437814330
403761570
385867551
578852898
19654407
36058478
707081864
28022951
403076685
381289719
413192706
934030394
3135241
339769758
139974630
426086927
2310358122
2307200532
1243846795
2305160358
348345136
1381664024
57268394
35236880
329558084
316485110
2178038732
443163220
2297045701
257890154
1416180073
1037152662
960769212
990009265
1488490069
2291172978
22930236
121171958
1953734136
2283796513
2281271042
2277406254
2275056486
19586325
1969449174
2273386440
793654477
404253571
909938851
18083786
19658826
21581503
7717612
8724862
46214924
17813899
308023215
102287424
19606528
50560529
25983654
937071079
18158545
1489206901
738518047
32440356
205769983
162313315
65586325
78400205
56377143
16895274
236936450
170254080
144251460
2264687058
19515424
343566768
87824695
37710752
19725644
556151596
15143478
116994659
52488565
997629601
107225267
16589206
16076032
17997789
1280785537
63082578
14446858
17698956
13184602
43745177
1100859421
537087203
21164079
14096763
15171577
526854414
16896057
16244449
159904799
281877818
101002059
872052960
961132338
1925776681
2255000497
293439146
153810216
18992010
1897899692
619822803
2568461
18433784
15051439
725856415
23975060
6705042
8641732
34374472
2253189103
116319448
16353245
16491569
447161701
17142160
56166281
13870942
290999229
159454866
492618864
2250369524
133330777
14082799
103121811
14882554
591554404
21768343
47353139
205387592
337401628
90703889
118626543
161057733
14685924
217016444
74987950
220413569
492285158
188736341
15580900
61183568
31142666
376186410
208058457
68377720
24606512
335972576
1917861066
1359614546
335369838
84344194
20479813
359821401
540701081
189376144
863527548
461509794
94566436
84290320
580175227
18720918
8170292
23602600
1351804363
128763579
57661046
130585397
1754641
34713362
18874097
2235772021
628268637
1603316071
851711263
149487839
83253603
37677496
242423151
60886384
46876977
37918511
408208600
516552808
868856461
47312060
546844316
16670996
159052174
16129920
78887411
48676963
15778426
220194905
21982720
48673005
27288119
19393236
84944278
14511951
16672561
50149303
1350391652
1263309636
959596692
176320087
350709332
417686663
373498824
1524749737
22396478
3459051
60854687
205376780
20995648
14190551
20543416
36160766
19335378
19644592
5838002
386075930
136004952
16683666
16139649
219310135
117366399
420991284
625110894
44578328
266703999
191789666
1399616868
800126954
366655100
484819220
482082228
580822933
347149548
587432860
465973
24163711
219345607
1351924279
1065664806
370605404
555175527
581793576
895123076
20582958
43112659
2236579010
807095
14677919
1146233114
285065008
82689705
196187166
33098495
18510860
572960818
1947301
119679411
48093881
132839879
78433570
274027851
1191022351
462125535
221710101
513231540
917228694
1001408503
869414732
75896448
5680622
79173926
61781260
55218051
65045121
25984418
328634628
14291684
16708655
27692596
1239752197
252672612
33300246
140955302
6307572
12588712
185306056
549657100
556249243
14085096
19976630
583938358
37281592
84364416
246453889
26985345
910791176
1685644644
18622869
569313451
156016878
386781279
70960617
28139873
413622128
23917469
965543209
27665262
359832181
135998621
1287008022
185732799
867966408
353957551
23751864
96420960
2230157450
2229595957
545853051
268019638
128216887
249211926
226195230
284547647
438992576
980046830
15144122
133385126
234319913
300456397
1725292759
952320236
364423914
1395428276
140952128
16798657
18407050
29048766
120127665
501181427
492539956
87971903
38596133
86537130
63923477
454158546
945626635
38321709
115704554
378684577
444943753
1314364669
96240803
17997330
1007079068
1084584086
48059767
7298562
603004094
483384471
637168208
120029735
34705879
274244775
182077614
544332375
155541682
351906466
60022119
97086952
14472234
17372386
63776976
17230773
119351339
65433609
112419655
11086372
115358214
76601616
33388399
37891106
40869825
954792115
276224538
888445448
376435589
83466368
582996784
169963553
431118427
25098482
994716212
603457882
30097646
592403411
265578587
318502332
2218480926
2213954472
47636400
20652930
20571872
205399189
1448422004
79919001
1009948328
1297337798
352442546
297067961
220893399
73416019
7847192
1511506754
305073570
408887485
19530134
53898393
27013292
46531626
817457299
212019800
115084046
492287869
15344145
1415409612
32626353
282992324
28491129
71993534
93867832
144896327
1360611336
219951792
472804001
628256088
1259921911
113302354
522342133
138141969
61128574
345912635
353052987
1148701202
70046256
1075097778
142635445
1372367724
260875567
109648780
964368618
1527369792
470837723
345541679
459404593
821730835
12007692
1875250819
457696730
391367157
1874265780
769464018
251226139
607280751
254758289
76409259
1373442907
340599844
145441247
15983110
507244113
450738176
516405293
1402694803
118075063
36623001
92612399
17704485
927767587
552634547
1347111570
420977002
194988240
1657789902
981448615
15368117
210814121
849835616
1150942537
254581553
631072290
453442559
1939081440
326263281
51490873
15630454
20037393
273935884
16882096
631268384
17647739
273616716
370863581
221682900
327404452
6273062
49034649
2159321137
1297220426
972157184
2170313365
538273222
582788124
543798041
94496757
930364735
1175288654
49821197
1009082071
378800745
380501751
275772005
59486068
48132847
27444295
25070893
215679747
259288589
167518667
237380844
49279876
403299980
36693576
15003150
7490462
24744541
345911716
59736898
241709263
234409558
304909941
87271106
394060363
16664681
35810531
164304654
171969696
8105842
624019090
927783252
25390350
17142046
87494587
19834221
103720056
157044469
71567590
271452947
19811190
143478208
24050278
14224719
15072071
107540002
217284148
41821987
1117369118
376819013
22812734
236526490
18938646
18904582
19126347
157981564
350958562
726206425
1004529368
122383497
472009727
60693203
36329597
16949344
17024780
101897322
430250670
183223458
268475261
23173024
23075284
55362445
230704518
72584896
945598393
20582110
364822908
297360580
150785864
130900724
109536306
169534586
319349245
61197041
168871059
107941721
498757849
120507196
364845130
102511669
48378236
21391703
341481789
162014851
24657356
211164765
1962063954
182101428
293525474
25269863
68937023
248845681
390641663
144350248
570095292
11888192
386782421
46382699
32584728
211237746
128947971
41044925
19457805
16400258
332894847
17461963
124690469
1241258612
878399401
194364678
191554991
6580122
1032270901
18097644
124506375
8747252
26784152
241116080
316348903
102278432
28719383
108286674
371017223
16010896
287816744
320524842
561496244
31465017
67060449
322491293
168416000
84586019
16404772
526587973
451438651
19977759
193313425
27212119
499781930
1484698801
2195945688
2174864185
2181945913
260276311
20600229
6364652
24907913
59551214
259187889
349123545
165703798
48807336
22764132
185539659
2179878470
357436319
89701184
452355548
1216597988
2163283798
227067264
95398266
36569224
354972158
47921994
516788778
74798905
14275129
347765887
1428023052
980819534
1465846908
248788184
2178573038
90662215
201757486
2177025403
2176362751
2175877651
2175771187
971869100
50991560
55292797
213216961
23977387
2173667928
9207632
6267962
95559664
83567424
113061485
373689086
2172683528
309610696
99136178
1903120860
96513550
1688529931
1568359832
537348227
347408308
15760455
187670283
167548990
1451268236
188877885
145342597
348987981
317429572
49435493
408827891
481686207
57661041
403363735
312711698
96621704
328638882
123631672
123539426
196541258
1102118054
388812183
532520978
460484330
35179925
1513766503
99361224
20148428
258962912
259368893
274931442
386495283
216842206
1598252755
65773121
87854173
334425886
815763475
23458304
171823109
23697082
191832417
485694429
18964696
237230225
523649966
22158898
44128979
39756122
54902299
203172397
18729020
309752940
30016844
19386403
399615834
329495717
39341439
44663728
587706606
20674741
351084172
389537687
88849584
249769888
113669611
46162323
22589218
9624042
3554721
16348274
54564347
213848880
100818788
26419427
115093438
83710472
87472751
18958606
23219225
831226538
133099905
72681390
14217286
19548915
20981974
199671409
26544369
186095396
972151363
365707083
39969690
60840919
17085666
374027685
250477873
75287567
839896470
122372975
116588676
835120926
194805322
291383417
324356167
19894095
44315448
18065271
1630545908
15019821
21645216
70480800
54730258
167384955
135110066
33640337
15447034
18393773
14969040
19656220
95236904
90647634
63210054
21231663
182441611
15393700
21095229
262603748
123276758
38243942
18333267
462046861
39647735
102174041
22954705
46671396
54922246
62340455
73866633
90748205
92421131
102076316
148529707
289420613
371796153
378512512
404050457
423746678
1022874578
1050353628
1854443640
1952008692
1963312058
1978155560
374268208
478894654
145637907
564673621
524545961
50590118
1588560816
1968475471
132959992
1586359080
88523106
1471625299
1553342330
158909346
39308813
370879693
418095397
2163198507
533259165
191670509
57701130
180420989
253109286
390148213
158110534
433654872
123665944
104315976
317590446
262683670
34377889
62349439
305741660
130557513
31107562
991745802
14157134
768948493
55078954
112150907
319675272
31947242
268476335
93618872
14461814
21185158
354990034
352673744
330361451
14800270
180056254
197303922
368883473
134360868
393617588
110638065
21438679
17109434
1676081317
1361206974
20800860
586570880
862336866
39648499
364069493
701789634
860428262
481376023
439400691
517212934
930000024
152938962
1484249090
227009476
305906928
436829926
234517395
139622653
232858291
425587176
263272755
248601019
1445784564
140576711
1002956660
1418666382
231129158
364460669
114325423
317166003
403855043
363560486
338387375
481338876
142301287
204364344
220989884
850805352
65389906
1007526384
545376430
31438354
308856213
65466158
621927648
99781125
613342385
252134231
169970887
163623361
99015402
234700592
390683609
369581926
1638741978
599022233
1074958645
243996611
621523
126392441
64975638
39479450
34192206
35259325
244778275
49697450
480400682
19972573
84616050
16561821
19729921
50257607
64932885
488519704
378773420
729990032
15905103
1154197692
3108351
19067319
44221248
174586205
221875895
82795514
98909375
26089427
41475575
18949452
327577091
159122407
234904720
96917156
84694394
426098567
399383501
1425781254
60476920
78759890
28637492
442151911
964562618
436106790
376957527
81243851
108951921
19238872
125879595
15446531
16833653
39743812
617041515
266263897
14348157
83020843
104224141
247206957
1345580348
15064017
24174295
16955870
17390324
36047098
32493647
80864710
116449277
273988583
17846234
344679905
1152143594
243529992
24872365
28162128
1403901656
501861132
809552311
35262030
49510088
1200727465
962085350
19466508
111416652
284566326
240430897
26757305
8496762
306189055
17006157
198584761
19906615
287163355
35773039
47346052
26744267
2172124532
23058879
473863406
144153507
105025592
23626407
1671486960
512429239
634751106
50936679
116763916
15450996
469182585
23529233
138982922
142229853
18026634
846493376
119448204
14304714
10778572
114406369
139893918
111563465
24160303
243866693
334811708
40108282
193767233
234714469
43164201
71280219
73960704
588596248
177118090
180623634
78127686
455977584
1197418524
285831456
83521919
117792965
70698180
18083519
1219557889
41773535
86364947
261880034
17645074
5708912
355204428
189948728
229602587
46418525
101848693
522084022
102700680
12804862
410030593
219583381
314374117
32359921
333430733
95389185
830803351
870591852
338875694
57602189
34227622
23115658
627740109
127558191
14480755
334172166
1305556297
246459126
26579339
65568744
14514804
2171739788
2170597928
2170542822
2169999643
2169758856
2169736808
2169370117
2169311744
2169113156
2168894882
2168772049
2168738834
2168613835
485922495
126712958
316551355
1031709230
817643168
334217161
319268829
2168436782
2168434381
2168357630
2168328192
2168320934
2168307786
2168288024
2168285274
2168280618
2168278700
2168257915
2168243634
2168243820
47073185
19224439
624413
11014272
19038395
2168226218
1940592398
27860681
16334857
79682960
879940370
11478792
20214495
5120691
15492359
788524
14569869
87818409
4898091
5402612
572883472
5988062
813286
20433786
331716360
409415280
72925517
