3226911845
20995648
3695647695
2941441683
33388399
426116125
97170019
44575879
506486097
15134277
3457467683
3342929843
35760904
315736333
3640701016
455803316
386630251
14624084
3362016513
19179717
22369602
297100174
167751627
116808837
277954367
14569869
185790986
2461075736
155858485
219262885
2810889000
1071908960
1284146730
2660755152
964035774
14810076
19908335
1650144662
204340629
2576802942
1374615960
544397215
9260332
2173779986
95721440
19017675
422184091
252500454
451586190
19902709
41134777
2201980482
2767323885
270288961
402907233
26237170
3110800479
27212264
19178087
462856853
588529489
2828114460
121403657
2821870908
808583413
31746338
30208652
488819683
371106549
459413440
96851215
1151012304
1308036997
2530269211
1367433661
2533266084
2827569555
2827590483
25332100
263623604
2420547955
2831485401
20356313
600926389
8170292
60845623
281536059
2527004186
562973853
5838002
69860260
467367820
22146373
15249629
1870998606
318502332
2225432924
465973
62513246
66774405
15157283
376819013
53347647
157981564
17675072
93687642
81838067
169426475
1361941712
22159580
37258354
22776133
284672890
436576452
130109576
932446861
155996418
59471660
158038382
14431416
159454866
85601465
1209083954
20473134
14221950
383846114
29654257
2302255850
99683830
429175939
302594156
4182751
69080476
174287424
515374007
114718372
2350165243
65046175
138717046
424511479
78433570
128216887
61660254
18949349
14157134
110437588
19530134
33852508
52406935
216690085
348974190
261266370
20631422
1066949670
130437389
19651284
143420293
20142293
228459707
45354062
378081172
540812894
95646830
14116807
45840503
1949607200
15580900
16558943
27692596
27695248
218834010
4192681
14700117
14224719
138075752
510807604
68144812
57912620
127558191
145696610
140112182
1560818220
380357565
104168039
569921322
79737242
1432501478
100520303
83814679
102707504
148714212
117382717
14284260
14475268
220671535
20596231
62123765
472079320
460546055
14685924
20006549
973894476
158021529
1236786702
19702113
14138785
5402612
16343974
282588301
53887085
52418188
51837775
338335964
166712218
437814330
162044153
48515966
499781930
317173156
109078538
401612883
131188599
267348157
849880970
17456747
113047940
403488296
319593936
47583917
815629837
460401829
249565463
83350171
214881773
342274581
498986721
142230413
65357102
272086062
238195115
431969214
171156937
19709510
40259056
237679036
517712761
400896038
89494374
44579763
950249762
516596651
85794542
243821406
236353458
45542770
15778426
87818409
14275129
468687990
22499765
17154865
103065157
260156192
303707744
26538152
118984824
510408385
143386976
348524240
312758175
325483190
19525458
475884318
19825835
102958885
70685388
595727984
593650130
54515428
161426011
131926473
590156112
257057223
16884084
722549233
417992966
496278040
177121261
288723364
60738400
328729340
19108267
55253731
802429368
116845797
803215880
229957245
358078000
88974929
295807687
792140221
41901500
417975170
332921290
532241033
396532695
712220312
871469846
124170781
80968760
437546654
155892458
789021102
222521310
115897650
897262417
796750118
606306570
700803890
515520108
19058678
50714939
268327809
88713234
270345414
27539070
111013369
143478208
50069007
21910500
14331845
103012926
574837269
20598137
25495275
609046074
117424800
457060718
78702900
495742362
340961193
22473286
558710717
62613162
38158501
492285158
109221109
292257608
403761570
451441399
263160998
244132614
1652541
143105781
65128297
18809812
293752292
179887262
136004952
49641432
310480173
106118793
65322179
165849173
190751640
84563846
334551644
27964880
295948042
32372694
16133363
14072931
118626543
131859965
75896448
185306056
58836363
122994639
56169454
72515134
26985345
17921791
262730702
262707709
245323137
22473844
14281853
127360173
621533
159992511
117366399
129569947
25097735
93880122
57420624
127503320
16683666
16139649
3108351
25984418
59939634
5988062
