3803744547
20298671
262665364
185667152
209538227
370209860
155844883
111041991
720754110
72249574
534255106
16143105
53560219
12984852
817074074
88936048
1219888003
15137538
109839156
93950513
375668090
1433601674
224631899
350424151
148815591
3904050013
580140626
19816859
553042931
34749954
2317634400
2496089581
496094137
169411270
2416206690
234947344
531697681
111648072
15237935
181894888
2162905592
539478669
290009041
81114859
17780580
158035855
23553961
38365159
20513353
134429434
260777185
1017429942
19655985
50998548
66682604
2579197058
131154374
18684946
2472254965
431120575
2601262362
75360703
1576363424
2363974111
2714487020
19296721
453889046
52868515
2360929302
48071142
102700143
2587801502
431452098
1297899578
2583045212
1104501
17949241
34066807
38766002
148244717
551243006
110826956
42605836
59076208
1933558350
17292623
210787605
16511274
809462749
20104646
938210946
362317156
900539689
26254137
220770742
472929211
33997906
876899478
1408624640
16706610
900630768
46657588
397447411
307545079
406131568
49267116
1277614400
47322457
768679872
26992208
80618068
59126394
24163711
478208405
123851488
228635323
34388092
85658776
156623965
39699213
281472162
62823612
89544203
14411984
173999291
345931871
19766166
333409806
238095043
583233410
54673444
146213978
22394209
53898393
244190343
96105276
16947313
5988062
8447862
33249457
17217488
50749272
200456671
54953661
20319539
18801105
16001827
51172078
428333
19596228
340557890
20982118
74455884
34918352
121077908
83870947
20760968
33896935
48770256
190126197
90759538
27664364
44947378
135395169
256911876
242443144
16087549
20746250
120206023
67324224
54327995
221147815
128572645
63805993
199597866
277666248
17984721
18656604
128960879
115456548
20507623
119411882
123880830
14043142
224703237
54664757
28588873
76711645
38489678
14335332
29254967
233364902
15821039
15170795
15532983
20502166
129843570
110975254
19707550
119097749
59143817
91998974
250640842
255947196
38751107
259808012
105673978
224557597
20520810
21849222
93661863
16040748
44093781
18045120
153048592
200118526
82898546
143021205
14923
36455168
14733360
45580925
17567533
47980351
20792726
16071524
43327155
25524787
44553548
25997546
14243046
54856459
1294741
15278840
7145552
25950355
17918663
138744646
91312237
3202281
115478596
125656432
19256096
48681681
26832834
23602600
110397757
141154440
141166184
143397297
141148895
141171231
141152082
119401334
44098174
41569866
16947009
27957268
64523818
15859033
19192207
83500405
64015230
1769551
1435461
15134240
15173859
120181944
88722311
807095
41561657
88914175
85555796
12819112
27013292
12413032
19277186
169171972
59217654
107391777
82967815
112461674
120098722
20981250
20444968
144626914
43564999
127568627
14903
117735305
19658936
15368404
21898041
14499829
18058609
39250316
13787352
15723971
22019881
8984292
6794502
27922157
20436059
28160998
25928253
15234407
1046661
19402238
16817883
15862891
621573
33998183
6705042
14085070
28342308
58166411
24587389
98703000
18516710
44955604
14617444
20629893
93910123
19683765
8963722
8170292
32361431
19657855
28356476
42178750
14755475
42434575
53039176
19658826
29965800
21581503
21410687
10215212
19060857
16432203
17573273
15497622
20729766
20429156
26821263
14049061
41413302
45579282
35240968
15929273
27502088
27751277
14461492
16300786
22497950
15755223
23184591
15987295
14700316
20198534
23128066
28567809
57346365
36083751
20280065
32441895
14647570
17899109
28555391
20693661
57579512
37963496
39522692
46342393
15110431
72508982
41164651
19837528
16949344
41107597
20041451
29006204
21428367
18741143
20905147
27009592
12039032
28197783
17871298
20786398
29733083
30028218
27302814
20509756
14585675
23707462
22916985
20519770
22171612
14145879
18219475
19495715
24847852
17605855
17537826
19689448
19968392
19647247
17439693
14450818
14561043
14585726
21994103
18046280
13918022
16816155
22734287
