269584194
2699097006
14000542
2752355256
124531889
29575969
1458925496
12285052
95590606
2929674196
513364459
326768577
47813565
20354808
1022977543
27500372
2233451359
3192009729
570091012
14286412
777135943
294692715
3351675713
21731636
189166842
2574300187
2301145010
2709561560
169249504
2254922557
250333274
1216228962
912617426
208572474
85627837
2422331743
606760856
2385659558
1909761859
3366209643
938080704
2674810560
14189044
6673792
28173220
588586596
2329006532
417942238
380546646
2292981510
1650637086
31164769
231916274
35304791
3176530835
18477428
1352239506
501114307
785466864
82511336
46034070
389709615
181913712
389033733
3445189401
21704941
180273692
52851391
61968282
374378875
257637229
42291620
2373958050
173835882
1322712355
127277969
1368196544
20638800
112544674
27659232
1247351154
3241745228
3389750943
309580279
390721007
262504263
17793440
2148186541
69748123
3348799768
50076223
1552637701
563126149
633471246
397291963
19645781
115963709
37740589
47983577
117064656
90270182
2980458689
2829821241
121869155
137139925
3226122351
3388410460
3108338495
2894942336
223529798
3377723157
2734713482
3192402548
1345385060
48160604
2312400798
17425484
205486437
3105109620
12229772
262935568
2263467936
313939160
44418062
51583199
122082954
75268948
281138722
14073641
82867773
1395661285
1565839604
1128132072
229711796
365073587
390452975
465562896
760065560
47756728
1184042118
32331234
1189477825
16158746
109242177
1671585252
2909206254
2383539254
514806103
844446974
15275361
169537892
246987634
2706909306
2487853952
177729631
282741996
1856268535
81092283
101806923
851106744
78379290
412452062
486888529
2911038099
33026538
46485024
34615585
1522181906
6612402
602065216
1613604966
16971001
384182912
1571270053
202968305
22002256
60196700
101757273
21285557
1506161432
296300255
4531221
27031193
537010391
19239914
1692248610
109732544
1401383695
36370775
10975752
165270515
380524610
282265933
6872082
18170021
113740810
2562724922
2375288959
20142273
952411
143086518
237409428
1264547191
493368043
26817726
2475565826
2615867353
125680195
466062053
29347448
14043142
2575178924
190337035
23576240
1425644274
39694489
1278011
6620362
324914739
28552516
98850769
862100563
14267832
554378917
564908382
16122379
2645602164
1591172407
703977842
8266782
479447652
2802474784
29600755
16557883
47207043
365145609
2409675732
259716070
291085537
95875062
18171033
14121668
245915762
310511211
17215767
105075809
2722547822
2182812798
152381224
53375207
396365748
2800364413
137895668
492806249
33360722
402157926
1589376188
50690435
163987866
335246117
213339721
2543485394
808896914
17251787
1104763074
2770419799
253969634
95233492
19766166
15295851
535621114
132594097
87356852
24974525
353214316
361326082
338941617
505820883
531855475
5749002
569734172
621020755
1241433806
296644509
334912047
14776420
304036258
215066622
22839233
268297887
482163835
2291641710
32427234
376155979
201300044
87883286
172836249
16271468
1909686242
121684992
390731779
21866842
23085502
630713215
211745797
2618727991
171676302
14605265
889813813
200456671
22283221
429169198
2167247681
2324369599
1411552897
2575163150
13693032
84351158
106542267
55006025
14453472
149706579
73147282
621835593
53920385
93038048
62275415
50014224
48110818
36962964
2232619901
47365909
235893096
165751336
21576338
48339714
182555176
519252045
463414713
885850200
41109816
151772758
59221014
95685725
2459024377
332763179
2469799591
388261996
937859911
55832456
21242028
972467905
2449808330
415201219
152899232
41910536
2430594650
1590138416
18306702
2437551708
9905342
6296562
89462449
2338824692
2425716337
14566049
220359576
17967923
118266357
250283782
276643081
874665812
21423021
112243365
22406785
179144196
972651
11518842
1344951
816653
16817883
19402238
15492359
262887338
102046114
4062791
17963723
26997587
820582
449026354
1040758742
78473138
13918022
352469684
16779600
117576644
137848152
2276551987
32615991
720448604
20414217
1574109390
40047360
178363987
19767193
2271990523
253845203
79997785
239255514
29340609
405033226
19668775
129103352
2155877407
33773417
39282190
423556756
333203186
15044164
245682624
14646678
490056323
175711277
635123740
14160929
30198750
986431525
2151642318
15273272
422743098
37106976
21124864
31936449
26269076
14596296
19240934
37997717
43457839
543876839
143266238
246404306
901199858
16572455
782615960
15609508
836833110
25819140
34222024
14062610
11778092
293116923
14162706
37213193
582161546
56341402
314758565
59257007
253184910
576332699
37722615
16939942
17042078
16061930
1732829419
73845366
14741250
766127880
275690183
467900841
491363452
296624994
495517322
496047389
71210524
713648564
20167623
575655913
42558652
11023652
184931891
456361953
17567533
28838219
17939037
15958614
28236850
27496251
15181734
1442119560
55166663
124237063
21634600
136325501
22462234
869888634
15496407
725323
1077807962
25743783
136301916
106580083
1039531
23504313
47433923
63043
5695032
39114551
14336897
26054500
14372486
34092195
19920464
2890961
7144422
32372834
17654529
16686144
24736901
241278137
487833518
17248121
464159257
29812651
15862891
1364715996
17879144
7079752
158421869
16896880
38892114
309043147
1381139546
23032536
115039678
131579589
2360
35056570
363210621
10795912
788363167
46300208
409154376
74599038
470401090
10943682
16929600
45564482
45580925
35773039
688483
1286506417
33279328
20193452
11637332
277167523
20020021
30331417
8842302
29780473
22763701
71291461
579299426
37547775
3108351
15164565
256793538
83424009
55403536
17007351
15859033
218892908
334710907
191181692
361338491
16132526
274658947
27320089
96944232
182839127
18608758
93873277
16955991
15808647
534563976
5988062
15154811
200634860
11417572
15276911
14248142
183548902
120767869
276064511
16640235
2444351
133239513
1435461
724473
807095
16079276
169633285
433967859
19658826
272017240
107174526
12819112
24876649
700118168
57187580
83237493
346083895
38762773
14324284
23845320
23760311
16017475
87198154
414856073
240555156
430148484
41592143
5762302
1769191
16174754
16843817
22023030
262365030
17221246
19416598
19843630
269700525
146978606
18226927
18089292
143912910
346605991
18088152
474557009
166316094
82683644
15235258
56564230
32624460
21221630
14313922
212299083
17312800
543700209
223560830
86493795
437588769
1285451
20570290
15828654
48564118
17889970
135589569
386869663
2384071
19313995
17047208
19269120
16227629
44438256
62316970
32361431
14897792
7973282
16629477
5746452
8963722
7494482
112796409
14677919
14647570
1536811
14085070
116469316
9534522
52427000
