2571119359
2892071985
2548055947
1685925216
15110431
60813201
2754681001
415130016
275495924
580915567
2512422733
2576842118
364232862
19239595
2327572729
424096801
1392272214
7731752
442847698
352946007
123864717
2273443069
3092580897
256793538
18911432
2233140938
2248771189
938704483
247401577
60871529
49653650
570208884
196171319
325622395
16435797
28434229
87408443
105124957
534729861
263132950
939376104
20058825
381482476
238669759
174185725
2494340659
183707859
21793154
19766166
326071221
276224538
199247233
34918353
19457950
16883794
2472314162
135583203
189065376
225333744
961458414
3034214643
202328756
209745713
299825874
1109053896
206717989
510450161
927499754
2207073001
397202905
531154069
9207632
947505464
36329597
50753411
219704309
39348006
29093157
125632807
385323397
2282020010
1379662802
132887265
304316780
191143493
485109912
316327930
56564230
17471979
139415907
74474794
474259556
20750406
16434960
22686454
775286364
17939037
533139937
1966991340
619906806
380319199
2179835438
2444096628
2421903638
427217149
71895158
41358714
19393236
289286939
1451490834
843075775
26099938
1110235812
2782211491
2791313268
28783336
597706344
463263903
20519642
942983496
214011138
248684726
17292623
279011610
215244619
401982291
434173247
61445206
2875462074
57579512
19837528
23184591
1560205302
991220282
93655345
87922339
96779362
67343639
473098259
482888161
107225267
15134240
87188515
14732889
2159329015
929394068
44724477
231400071
433664531
171018217
1208121559
324992748
16663879
332336189
108932245
2248481442
5988062
329600057
20849273
21218554
20517668
54487871
46650770
454952766
380816062
1134396140
2387163649
155690477
175551174
23602600
192871068
33249457
50277194
23787335
19655985
22751120
17141257
592912724
19910826
718832911
861136406
133688305
215550470
187589516
1854319477
384872524
1710196884
19647284
928164565
185588679
63337298
174740894
16649758
991204766
269740289
82333501
1147856762
22419487
144972081
23426889
95958976
407624682
36066745
18048466
19965811
17047208
44089805
44090154
21581503
15439395
21423021
17868090
15862891
5904212
2990811
806545
695043
