32372834
280636437
2577076094
159951505
9905342
2166482532
49832877
26589498
234059290
211261440
235072498
361888051
433861972
526226529
15757880
581076102
21423021
149139906
14162706
16174754
22462234
18089292
198020721
20444825
21237486
210672830
456361953
29575969
37732219
39694489
216793572
293116923
46300208
116867280
256793538
14897792
31936449
466062053
230944453
19668775
212299083
199737585
543876839
575655913
384182912
19416598
495517322
314758565
834921601
713648564
19843630
293110255
26616462
320210499
200634860
107174526
183548902
228586748
85906238
596904346
322658299
17042078
14085070
16629477
19767193
18477428
1580631
134941111
1644132680
65134016
80273245
217130694
107986772
1164104148
