2290417727
29575969
2350665549
105538409
302769804
3131296180
1250165227
24907328
16172894
933330985
140716132
493594946
3045094519
76515242
479635529
1017557046
60642183
208988759
131170155
121715841
1361833632
23954935
3309035346
809070992
18477428
1259551915
385276586
551426814
758076542
59126394
19256096
41822696
2782211491
2841776049
275690183
141008542
2315551122
566226913
28574460
37963496
14550448
1443614718
495909430
2273295432
245682624
1608070021
224557597
46342393
23184591
15755223
15439395
1157578424
1891806212
57579512
1522445748
122406044
210672830
1938608077
1093090866
86626845
1411552897
20138728
428333
248365104
2360650908
1536791610
302597866
2980458689
1414130274
388850360
36163830
868609854
636845048
1339835893
813286
3304744774
59739644
18091025
18294275
18294197
32492934
31484145
44418062
264399952
463414713
2487853952
2800364413
3177505453
2276551987
2360
2402497014
342877165
64653568
20178835
33854287
47030292
47393723
50996220
56745215
147114063
86493795
70105587
214146874
302547719
319770079
891548778
1174894244
1876001804
1876054716
1942360584
2151173239
2429629608
2874880238
2886992435
2950858698
3238830315
3289711859
3325493329
3379317033
27100870
25927149
17166460
542796255
91368841
575852195
3327102388
457019416
2148747268
1900944043
131999950
3290156986
348635324
30233007
59603956
274063094
143086518
1706744972
201332618
20446182
468743137
287603502
359303591
265046075
303598509
317216139
155230346
1676175931
320268880
52010875
1286506417
16196443
45399329
1671296839
279589208
473212919
998407880
2178911414
160550351
224631899
2694150236
1343132275
1492807728
9905342
136532538
456361953
47365909
1013105528
48306404
2898555751
2710580269
341832630
720123205
637087464
2188932704
1421082818
2678236062
293110255
52133120
29600755
42558652
33279328
85906238
320210499
26616462
48966898
1522181906
492806249
146978606
27924685
2375288959
313939160
543876839
107986772
3138304637
3111057547
3033906324
2901901436
2890626095
2878784774
2869639326
2438782558
2341117062
2293716218
1239989461
1024799545
879161563
489176580
547826546
2327805276
2239362374
2826984345
14442766
1565839604
15890585
50393960
885850200
952337156
563126149
2474452219
575932743
635833627
25562183
15134240
42651647
26832834
22708797
67003972
14499829
1489776218
27013292
38489678
2562724922
58235603
135528262
25950355
1097361890
16122379
1949132852
394272421
69658921
2802558480
2557915058
931450722
39694489
562817107
2768055348
296644509
16245822
19402238
925824896
31290415
28434229
514806103
136013508
51707703
119867076
2435175219
2346414929
2258772237
272593403
2240859444
2370961154
1629936499
133227562
53361049
218892908
330101315
1552637701
180273692
14647570
19658826
380816062
1519183848
862100563
15487158
561297215
14085070
562328466
16939942
1435461
33249457
171221404
297719472
18700629
543700209
127910801
487833518
56564230
22552193
226691837
19313995
137836269
32372834
115039678
123574758
96102210
53560219
107174526
856471832
20444825
46145761
88914175
29726578
184931891
27596259
1897673072
12819112
466062053
223560830
39282190
18089292
1019670308
17047208
1425644274
2181807787
930781598
16739711
14267832
154467028
609070280
1315442353
228586748
505820883
456513801
123582098
514463549
337041415
326453785
2483876846
48339714
2258338843
14441838
529723526
28567809
175691292
206661388
88425861
2405803252
2425893432
26748889
1538462490
217227849
95685725
47680534
426470160
82349024
925039052
517880899
426686593
49127323
115132543
1472866045
24167460
2248654590
1530953521
2225547723
390721007
173835882
2151642318
64003841
1431747402
212507668
2342928961
806393046
1392826357
59257007
18608758
250121453
619782765
587875290
429885107
117064656
148827435
35304791
264124770
199737585
293116923
46300208
269700525
495498585
74724779
26817726
91951516
318053222
232895345
1361902236
20862478
104786280
20142273
760065560
1158733934
262365030
464873459
1889774671
274030199
105075809
370575135
578653038
2165843324
2191109263
176089416
146481375
952411
420574055
1229638309
243270353
1924615722
2429454188
334203839
49119570
96779362
93655345
111020569
58756672
635123740
768562657
388345704
45373841
31936449
578473908
74599038
230944453
37732219
490056323
50014224
14897792
56593116
130241862
713648564
200634860
19668775
575655913
35306978
34552656
19767193
19843630
19416598
314758565
17498064
87198154
20971256
569734172
495517322
256793538
1241433806
15492359
21581503
79997785
397202905
87569989
15173146
439281831
124237063
136757859
45923583
406014990
577178402
50419996
94092490
18771246
73870184
213311034
254032795
289531383
74708686
144094077
218914629
42489635
120710791
281645811
221495591
183548902
16274109
14738561
143912169
132594097
212299083
22353109
59221014
13783772
34650516
15143541
19837528
28555391
21237486
23962312
59780450
15862891
56685979
71210524
57346365
72910816
29601340
7973282
34222024
50318478
36814136
21994103
16629477
79949803
23576240
20361904
21539965
5245841
16407053
