3327168897
4213057731
2521006032
18361473
3214549953
19358121
268418692
28989066
811974643
1132193502
3938833229
1267517995
3295057068
334984455
2332947703
274930264
2272328665
3254706353
3243004901
2885719738
3265851690
214157202
34251442
3099747527
18195237
66549416
442108409
3241502160
3317134694
1860950384
500704345
27085148
534840913
543793826
33014441
292367611
250430268
3573382641
2863814914
29196754
2832908293
3170947036
2152332505
1096210890
3256075047
1247113579
3183065341
260595991
24236151
2199490904
1886830622
2848566756
16667912
3009563168
2576238121
117195623
17327882
17289494
482093392
44880033
37599351
87403396
82902660
2866547026
259823549
3257881695
25005585
3333729381
2999975613
2821159247
3384596783
53210455
27886801
1312232402
2196250076
1230945924
182384817
1591290853
3187045686
145686462
1525696230
17881816
3379386892
1679809466
1862537138
372050829
157046198
2694044652
20853096
3322905549
39985597
3095218210
493123841
3194426510
28040554
241075350
22970963
2167179130
353872161
23066771
86908526
39364992
150785864
227098769
212415165
2423894546
95008927
3420302584
58509348
3306152803
1857055584
513041178
262907055
32171027
2865996178
858327787
43077689
87721279
130456459
14342565
15307378
2202054558
331804984
2939553684
19084210
2926187000
62660869
1452117169
2951376244
2575489436
27890284
1720230985
140088849
310814089
3376249637
747849498
20965101
29766943
2920541005
3287769242
589617310
245595777
3131155971
56631673
2789417787
376302246
2820653147
2328271016
3306747756
3306938000
1021405243
1242794618
557233153
22539217
1117368444
3168910537
2911278184
3359981919
3341239499
3298714802
279106198
2555432420
3301152754
3293138360
260786379
2466233328
35750871
843837043
352610989
235725759
47342454
19822322
269348217
470720859
244698203
34962796
17131847
942329078
52389727
1394399438
37974276
3287976278
338076282
372890751
1271165455
414842128
15224867
209039749
469698427
2819741789
52490958
73108054
37091142
265081512
36585157
99042118
256356860
184826835
93898319
550597853
105227702
3267569096
125403593
48213517
227455591
21323268
751871942
2935435659
361434861
330352254
216556381
2485919227
291884148
3190898330
61242633
32327154
1264324903
34034170
39482914
16550142
37029151
19243316
555796599
3242579898
44609264
3341798140
3376202745
3139405770
2372023309
26743336
2364833359
1270197732
360989042
748440480
1428944246
1649496932
144730198
2251875241
2828842253
906702114
119732648
606294748
92364122
54787200
102163623
614476400
629898975
16066629
253664102
461374676
220003743
506088970
3242090747
390971978
548289610
622197501
360917773
121589935
538348950
217180076
58606736
58522432
821102173
104256999
23950857
23373906
2238049651
2291616752
3044993169
3315803956
1476264678
2810433366
2833263106
517875979
150810280
2394573471
148978616
63583611
2342189424
155027540
2149486962
348693565
39125141
20851006
272258375
491933427
113404740
792131100
18465145
192040147
346050714
178306125
434992603
2282630798
3146348002
176953436
2829510541
707105857
3364180947
1849380198
2329236396
3257316095
16636795
366886971
467592338
291951344
321577430
487785009
3095163606
1729264826
2277311354
2475885342
3247419632
71164183
2336995272
3072831401
259695961
131665332
2876492651
3068764060
1339835893
514019757
633792650
1093090866
18348565
249654507
3130960197
1536791610
16657939
2521275452
18059920
23091897
17878842
55655935
1702200060
12289082
816168859
578237015
303909753
100284545
302280622
34421363
322224295
269972181
34053253
14466790
145282258
2421151896
1330457336
18247062
3319251045
2288526228
3305055561
1676048310
462721330
15485441
2170761475
34285682
143071406
195805346
15754281
15012486
84851772
104557563
53115044
14173315
472044089
822015835
428333
32414973
5402612
5988062
759251
14408705
16440677
2467791
32487170
28785486
794579605
275055001
51241574
45860744
3108351
30313925
14335586
224651990
108716520
1495615105
39816347
637190082
474236844
40877616
14511951
374034771
240088466
568382274
262836526
16285710
952594914
76822981
3125649276
55824430
486303620
308555083
46709534
199795013
22783783
53039176
78964128
56714555
175118672
25519370
40288561
64800805
67404201
11389462
18342196
840539846
1857913051
393723398
16190509
87259459
52445773
172367925
16228479
5392522
807095
19195662
106867042
27081673
608547225
29524605
320946450
412322401
76409792
415794540
42155888
354647511
37152881
278137963
234061190
1395651324
50747187
301444192
2696342742
19589493
117471545
17038854
16954679
14982083
73183846
1979492774
1488450122
178175985
31112823
231316739
151855776
1546887205
194246661
37963080
191204895
140538207
34176567
83917784
244655353
357466934
14982494
33511585
44897065
2372474299
1222833714
17447212
34613951
334944709
28144343
70475974
168551897
2805856639
213932041
14302656
246063599
24710700
144231422
113041591
467877819
158046153
621542385
21782431
90721166
488650237
23516976
37487345
191587334
278750768
431673468
258460870
21316821
245432700
1641444619
950144898
16428106
24584915
56439309
124866423
17520195
14278970
16066845
67509435
100367386
714180614
17204399
51199198
549798214
14160331
46197437
164805968
220866014
32127835
259030794
22537898
585765210
130536389
14170693
72638170
100513386
73180990
17298016
7022572
276335377
2645701736
14739780
268941678
1877803189
80697353
707432840
264574182
191088791
14061253
185008148
16274833
522522666
28558495
71736265
1226009454
210662651
2255019841
377625665
59244821
14312391
2296686091
115751488
18138767
1154943332
14569964
36018513
25070434
484102969
34441549
168723831
2669414983
486009115
41688157
791598918
112273894
130194029
706923475
104838177
18458348
94000180
2308899302
15409520
245879011
314089782
2332434660
