11757522
262365030
330743859
19767193
52584039
955799972
3760282698
234059290
2800364413
86626845
813286
11317392
2854666892
43199901
3433123032
635833627
3319162469
42558652
2360
2556004510
3388410460
14813500
112876914
7243252
3362788829
124237063
3245626133
196877476
2244469219
945848184
27088061
279589208
1671296839
58802613
19913959
76515242
1400711215
295459002
1972974192
3177505453
31936449
16957321
2848259962
29575969
44874400
275690183
16174754
200634860
396365748
16176754
16817883
21285557
575655913
320268880
19725644
2802558480
439281831
313939160
223560830
389554085
216793572
931450722
47014253
15489945
44418062
361326082
2557915058
201239379
2717694091
562817107
230944453
2467226497
492806249
45373841
760065560
369574945
543876839
85906238
1286506417
384182912
17563527
473212919
114890849
2315551122
37732219
768562657
2246304439
495517322
490056323
806393046
116867280
998407880
713648564
245224757
115039678
470401090
32624460
74599038
52133120
46300208
59221014
314758565
212299083
256793538
17047208
19843630
19416598
15154811
29643275
14897792
14085070
46145761
183548902
67003972
1183050590
16629477
