22339148
25943111
88949609
2911491541
497445351
365271554
1232692328
384655309
793117939
191717056
17936793
1054143145
277823036
478047714
2250606367
593682679
2708383116
62742992
101947308
1107882294
981857215
133553638
2941206850
345577838
168967869
1692867547
2615938171
527149404
812312305
440640882
631655444
18223550
2717306778
379408088
47786101
3287103642
458190108
3167553652
15687962
18173624
17216468
42562446
2432930498
724223456
26270913
196399182
210292633
611354837
466940649
2577923192
2229460638
2269345405
2214871818
147410771
1416661453
514875379
206064557
415323326
21129754
503307199
963051914
450104484
52660212
1170466230
863739030
358927922
3033839461
593105743
2354230466
2650834654
380701159
2421627585
479809444
2193607094
854512956
518150024
201961976
85452649
1946019907
84025934
514847468
887126372
514924762
414538693
1345177730
132239690
770243995
160941691
2282671736
335066998
451280938
1036017145
1191788460
194788794
383810140
349300271
114035804
1244325504
2183964992
2869610299
2227438910
287943066
536703682
437072889
316287547
359753983
394257590
2812355130
2300663394
2802629334
388125476
29118309
604727116
2703276264
19607400
981621324
548971710
344448621
1895174149
1447719710
532633271
2483885948
43781717
2472193885
226690054
161280528
372195603
329222189
21168243
69778192
475269706
2293902926
1591914252
126400767
2165958104
407547302
295427310
854200838
567905480
612320077
44298700
1938624908
406005665
1592662970
59701073
1878139052
1870474993
381125368
553185447
1029088842
89505255
1489057998
78491595
74354914
29107784
80105473
1354817630
1035500460
462271967
46030913
973426098
335762338
945106824
568825492
906614161
318195017
417612884
315626969
366300255
774331243
292784238
775236133
753591044
285366149
35597222
61290410
386819811
370421507
570418426
377740554
381939123
554770429
547288647
327294120
312443096
343149287
413624257
388675332
227390518
361652375
437247425
433913392
411253183
288038751
353470779
400992975
175910337
342430577
373178398
410386541
398471393
71398890
390561430
369920765
316927137
388590684
379046191
44283829
348289543
373642886
171677196
373184067
208811749
369212199
28056533
28469650
53178109
213543650
351391245
258619295
348729389
180503626
320530544
168919285
312912732
279422165
275215221
28706024
243048847
65314226
103468849
22940219
70846491
296529395
293327522
