178138235
2350769221
500997305
253023351
749955660
204482845
2720711616
378277158
39580346
818812243
559989747
16013379
466690752
21576722
1359718328
349159257
1959155984
29021913
2997450769
19103672
1909012368
534491473
108349175
348484301
993477932
809854921
259016227
779257988
2329586508
2252605309
365669588
308825993
27089739
135567375
293192355
85920093
611805577
43053652
19319123
320959649
14248315
21822169
583410265
18036062
16685232
61216742
24254832
161539997
44792719
20798630
2290196658
30453099
316475639
243727622
962861874
33199324
52095180
44272043
2478582013
247640495
977684310
776773316
128472475
622113933
32253889
17479593
333637200
16929600
45564482
15189784
15084677
245882274
1708835305
107853015
242555085
31323375
19661737
20375395
9328572
183337462
17843533
933757225
61514374
16051232
104489372
23557179
109275829
23483324
471455209
9366912
360179553
814456596
29327077
9998602
89552596
34707884
244573258
23144854
373951375
13274322
11584622
30234218
736591922
1572877453
556172343
725085391
117154648
2890890024
183900900
76924257
203958419
867857328
154135119
761973476
19348862
15867461
130956351
16000318
57755131
31219593
34173162
58658162
128972437
22727507
15010822
16130619
104152360
14140695
3023155362
1273102208
20709978
22699484
15441117
14600977
7166582
15533253
78114017
243236975
214986812
1911855132
1604012946
92126758
254650414
22546203
2887646177
78128463
2570289918
260720753
97327765
15862440
2315783322
362842128
2157398336
15471824
143812589
17965843
15534474
961724791
664083
79797834
581000522
18800265
19632023
37483793
214121739
123878693
61943726
13992132
22073539
21411356
598594405
7514802
15918501
27979830
806026490
47358610
33058740
15947648
153877429
115446862
17388955
22048477
12369372
172612790
19678610
95346455
870043220
135284373
1710289008
168324287
437817907
71025523
634221376
56626827
159237022
322655538
205428550
310535008
374310033
42984742
46904825
2247765384
23620660
22203223
28627806
16257356
50663939
104323041
1267635120
20107532
10820482
21795022
1014549968
366764370
18078359
1410348950
192762797
14323791
50538415
1608671738
16217969
47548777
282721646
19171332
1318642915
31589766
14687845
109845931
773752916
756871255
2202085597
27026111
241964676
59815702
397507908
146875185
581951057
18546785
56563919
15751301
38264132
18009217
20351289
551954330
15367817
1393164308
22962785
19375854
54278489
14784684
2207534731
14119839
29752603
560376256
140503420
15591282
1855362409
22882327
716726838
37969385
286589181
13505402
218500685
325848015
17974538
1858165993
226818723
