15921559
16386284
280001585
239761798
21163505
3386344307
537148154
47862557
3048160253
15423546
776760601
484620027
132512775
245423010
2762415133
27047043
14285889
17162499
246914812
1375070450
15210302
21147989
211156941
626790498
101896169
1649441617
602341673
593977467
21093947
1270746139
16191430
344981783
201568397
631070729
462266199
27669844
131186950
21820251
250104400
383952346
239486127
221611681
1671608527
23465558
57118418
11342622
48994998
16298073
18380669
13972932
14663698
3018864479
25944786
41278469
136415484
466797941
28165046
919439258
19783376
38936142
142696927
403044960
72473481
49782796
25668050
17029186
19771382
491783634
576442522
206299496
941316721
18991439
491640907
65235102
20646524
958495554
508252642
531448094
17389981
413590114
143122543
385271242
17964486
323036334
28768776
1720949041
408487121
1217491590
224653925
288668776
23567403
820020200
245233247
290437167
1217491039
1585932799
290268173
631356256
17654451
281160474
418208443
15315056
1797991
421163127
16196911
35754345
374599530
89669859
567045369
14370917
301077237
595762045
800958630
55650547
2270341470
1468711614
313362915
131627183
1857463891
16125224
17623808
45915319
16474657
28131229
166041412
498144170
2699110909
1968962180
17400150
292695870
19237098
30262082
60611573
519921708
28193505
212053451
376026875
187990590
1602123180
145046142
26869287
149002880
163438738
2225907192
295774112
20719701
232024139
67200995
47615880
374538632
24817430
101449897
149213643
361378885
13832182
13854792
171567873
9469932
42847507
14283164
468082397
2164924632
230927665
3255231
9989492
37675954
28337697
7381372
273724288
68542372
277853976
14090948
360700471
101529355
112597035
576520788
20985817
93551663
97966078
16314059
23160812
92268911
23002917
453503490
17740367
17409346
17820399
1611486986
221752936
37340599
1280187146
2460204062
1175617063
2497673203
48957003
13010422
54545700
145301965
62288012
2471393624
20375395
313556753
22891833
2273801268
283776830
389985850
2448696248
554600140
22336564
1134620592
21771755
321730816
22101349
158494257
193694345
31464100
13171622
48871486
49356724
492332909
372951044
87570309
235730725
17846602
68727303
2458520539
889347608
139294561
18472833
77025316
14630267
366622433
285128055
24927996
1769191
53959840
36705504
339003677
231804643
61115856
368908881
34022952
236017119
39564433
153066502
39279393
442319975
105187215
18772897
25510622
12793062
16623443
289462808
1241614537
198455933
1639654986
594949605
5627542
23469766
1488042110
403209976
1659196638
462747348
221009281
17147717
552053879
21573136
18601763
1504011
6311942
15641474
166153613
17445167
28420588
382100563
34260735
2317964917
596872866
1526228120
34944596
17661200
1249389193
16193501
849609440
28332786
38428725
67483908
270938146
61875523
24403706
461533178
39982013
80951894
108542178
22300778
27939638
7745472
25282990
1057127906
77596982
2240941795
2216124726
182091040
608243758
21175969
45660732
20474624
322194558
14934757
36147643
379400344
18083070
412528833
28195764
563957628
26009167
23129453
98920857
551085238
144552023
194623104
20511718
229139732
29983324
622628412
595613460
126332517
1149309560
370815149
407871140
504933110
259744278
82138548
630567282
16026783
1479619152
26597472
1097031
16063762
14948120
41851331
485018010
22311164
481468399
16679681
85423396
1888246902
550668287
386679917
919547016
588554500
1311048354
1117714615
91193617
258082407
19089116
212278192
319827276
271993135
4119251
63416827
61204931
258374854
19994013
40254793
705706292
23477939
174710820
571149683
23111612
1058408514
45146588
360090773
27908287
1667357810
31132690
16686144
108432404
31053346
70725642
867504295
82116947
24484939
32545217
16500871
278461708
19616592
308215880
1613494818
146243640
20881175
1267365746
22234972
9376172
1534253648
9484732
76518929
537817165
65527767
22082857
353623440
18617717
12337072
3754891
126002546
106900380
22680719
19069440
934718568
347939511
317214022
322172754
398236626
262332851
265181005
741283129
68870274
101354384
244169661
459569811
382788364
374047963
42555311
317313362
531426472
1292563332
252370778
80875090
19613907
475137184
815636605
87975523
48992089
533466282
14333985
131290943
68105434
114499684
49559086
37741482
80581580
28171205
28137012
148792604
593733977
97703815
1266209922
227695186
328905253
316435441
497878291
89211365
17790274
1241597156
48036604
289534571
15138567
13195972
66198455
271143276
44450931
1006375604
466894956
278161486
222876742
14278608
496060246
57734560
18388359
621993859
23395189
16301854
324388124
198917674
382232114
398180605
375980607
284178677
309665235
347743506
624672250
113499410
38317061
1209991243
164400667
121841565
626788014
510301970
1099234603
17178161
52814770
79330780
15020108
17033727
19543385
14857438
36294224
23372997
250300098
54356940
10846402
29727564
14857801
51011298
48235139
37371226
303855276
14633871
47098558
14767656
16334526
256498570
312752250
39403756
221413260
306116656
145659842
285209321
14326404
264834791
335207117
326405553
87545582
23830138
66247691
83221847
93889008
92281665
145338914
30011100
18021517
18883224
189129306
269260008
22772264
507580204
126399969
31079835
19070315
361351790
63796766
63227967
21437682
82398088
321515697
383537992
17640056
334079148
76824894
431907614
15783597
45371411
14892330
543680295
194238121
42718137
222200669
1227998718
15508395
394635011
270179165
183113962
276554004
204803220
17087210
25595427
76354045
908030689
831819445
425007660
57151992
317270626
16197345
11103172
321027249
81497957
16083589
382207725
14886998
19219421
16156551
373367820
611647704
175339940
381090984
870051811
13151812
21094947
19083411
81392690
308513258
116581134
36985238
564502337
570043126
15563814
74851947
209368788
535325272
253856009
17395814
23365046
151191872
16190021
26509078
821557387
344175042
31223340
218733924
408894288
32696158
123279052
17265327
31784030
194784415
15698507
376153291
22482593
171563950
84351228
305224217
217210051
82148553
26285079
86106617
22843337
31399121
851845962
382301115
180779399
339024811
30893732
219017382
94107477
370706811
923883858
21879358
8564982
20760831
125400908
98027652
595875187
15119529
23450242
16226920
187713847
348557830
906101198
67638947
570479913
981238836
137860931
119920353
937386085
181661077
107559220
898115149
474549019
922341408
48302030
6579572
178118466
315259751
83007401
22810429
595890990
30970039
20687745
844158102
937144008
151205754
17892496
16659879
342753772
138831249
414007789
337734671
306193299
309019553
423411782
526186791
805276508
54223860
325100194
491683083
351832182
59151932
16020435
251909478
19195460
22029004
117839245
229126070
16014951
44470680
57036865
367815625
250345179
494341073
17205434
390201160
24682804
376234071
20532987
52988487
245304936
23365014
833552850
466185506
151432737
151607426
59603406
499603787
284774490
21027092
20449296
113589987
51069583
21950141
200030190
70326393
326905265
281279326
101487396
50371114
77517399
166666137
296958640
39092709
20611338
86343120
155680896
23840585
263342687
43381418
15919455
143506878
545532788
454657194
143773571
90407034
72389498
35474809
50316502
101348982
636998432
95048311
16101930
43334517
28157858
21797658
301014412
16336095
46920136
435096427
19996524
14160917
29244617
21138770
122436733
52370081
214190858
21012092
22930185
114981133
452445098
15694788
764422008
80928773
115728894
41453679
343246688
27844101
28337677
193466320
16043436
143912910
435028813
101530940
39904279
49289069
635916478
38254250
11549712
118062152
20097201
122704362
14412988
552725668
16402100
307810410
250213000
8834412
209220102
105925025
36442614
397903511
215694545
20345379
16831353
66492948
202003
60763047
115718513
589594416
594416268
297178707
415566272
485960244
531705241
14630644
48789384
351133624
114599241
14440999
15942887
12784712
100399816
23286695
28289402
69133790
34644458
185270017
47793869
368947418
18390063
395069899
132803991
303607842
380229923
16256292
222678761
82188320
394797065
298975992
23694512
230134756
148630141
126551155
149009098
219229259
38791324
76347918
30913882
36974383
19236180
39407743
97268285
19787735
258819961
190388631
59303878
577038352
288506849
306149633
36387407
236937673
19306810
5976482
594044991
135515077
187965811
43814006
18024880
15865896
238263506
5763262
627156320
26052342
18080708
110755266
40086005
2129211
19330667
89043072
252531143
27046692
132241885
46489733
515833127
52868514
21060044
24106779
598818721
19823131
249671619
549533958
81139048
19643448
26498571
19081813
395296194
28186908
130160106
21073108
14067728
21752930
5746402
16101479
22836731
19564105
224180296
327484803
372575989
25992562
55919026
12014302
356218776
366154376
197423425
334926329
50406326
17703236
34361745
100860790
213909462
21907474
25443684
14831475
624413
177589011
177590814
52090363
21727996
12648652
35757252
148230965
26329367
137288990
19564408
30237234
59019225
29374498
172101296
159120712
21165536
33992890
26757704
14805740
70044497
121407739
135842894
145216041
26512821
111441302
129695038
68360097
14649582
82828799
42209362
14188906
80149492
36047098
18641695
813213
17162250
76773876
14143903
23892927
18915795
17843
21312469
75097340
71340937
16912892
19498323
24709803
36382502
19184998
63141999
18218858
8885922
16519067
27160098
23145378
86158118
85590450
20646277
61234180
61223967
41204528
40533912
37681531
7228682
28339798
28349755
28347854
26338636
28329367
28327049
28352435
28168999
28167086
28164923
28144343
28143425
28140646
28139873
28138931
28137737
28135853
28134618
28182280
28174228
28175577
28172926
28163914
28162128
28160998
26565845
23484039
22842302
16994529
22940475
16334857
16632374
5746452
18858395
16300786
19619243
18220249
15634105
18994935
16350977
16311797
