2776091545
495517322
230944453
543876839
2375288959
3294301053
485695025
2335386721
14245811
292354083
396365748
378837625
38372813
2709561560
2839509895
760065560
2794479195
2694346993
2182775377
601904600
562328466
588586596
956170800
506416607
14085070
1580663352
296644509
1039875356
149706579
262365030
2527932066
1213790335
127910801
1664253612
932813748
293226194
183548902
45373841
9780512
127172643
912617426
2385659558
56593116
223560830
83987145
153835982
16629477
39519863
32624460
624988833
17450557
217773348
88423039
158708863
14206865
1260012025
1599539828
46145761
207504681
17047208
27246740
12787442
36814136
1132245288
15166857
11344702
212299083
187472029
908688188
156094303
1250428490
186669407
885827959
19766166
44642232
57371866
39227403
16061930
25819761
934404504
1905350461
230008918
791919834
33279328
1907658084
1908083293
69658921
150757875
1927293582
67798953
285439517
490056323
622964472
249288361
476238744
14229400
1601393016
1245108114
1155688602
234059290
2169023419
1525342994
1140688806
1528644481
1537208240
11694472
2212554618
171221404
1522181906
16174754
1411663369
