565923750
472442403
1711341018
34345491
337308306
242813383
376867110
30959290
310684769
2408001270
165586474
277596528
1536791610
1282221234
129084966
68784803
380730306
616708518
29840295
23561980
28209292
20659839
17696167
24775528
52939106
27750488
52905168
147812313
360185259
70984741
2152082259
151595281
35890043
1693824506
260333342
467789629
2696576628
21673726
2958953206
885287490
16658390
102225147
253486570
310463188
262359713
47841160
402846566
296427730
1064042478
399752448
376037062
23206141
57823106
1183887576
16053405
77841951
24060589
46816296
138600717
230069097
31451408
205302299
161456486
3360614833
3236555213
30274144
32453930
1373810180
265062844
25110374
23832022
134990651
235441031
532552543
36197161
50464559
37361773
259283508
902336102
952624494
2417804240
85815410
94141566
3270622363
68540316
360099026
67133275
22675606
499840814
210684204
80700514
238319766
23632910
21761627
129276705
26553086
22940219
156132825
41509142
261542893
526316060
371539066
18915240
108817973
615547619
20196258
2871367661
18222378
186094985
13213122
85603854
26851018
18220175
312225429
31239408
790136510
34369690
44477041
42562446
30047168
1455032653
486176798
25233746
311633735
116362700
349290706
30793542
34630995
255657736
18948541
2788207308
23967578
105211981
26053643
400848027
846201642
157219217
340703214
62902439
84092181
110485995
29810701
3234151549
78354743
121820614
24952595
718728986
246055470
75974281
92367751
133093395
1364930179
50393960
154444406
381783887
107795399
20221159
133880286
50374439
52551600
316756361
124335068
19058681
250831586
12044602
57100687
225539878
252663106
131948686
188925338
456988174
510322989
1454723473
141426450
84353161
27698202
45605747
18774567
259907956
385142425
236488592
198975780
55487983
584969470
271166521
247586443
120943272
2984735817
313441661
1059194370
233990070
17461978
334150573
167155452
365644014
23508439
123417995
19362299
95749490
615833064
80094297
38234856
42519612
62036697
268484739
567404871
97594965
136402916
181642095
263834139
1553816221
64303983
39302767
63796828
3004231
19671129
542762608
329370185
342934926
422843814
2261155386
382316613
1107759794
549692531
254279233
489656101
2327639893
212220140
23261531
1265243612
119142751
242218782
460472390
498961017
25389599
21793113
563674400
311488768
170886667
464136514
1338378404
1836381127
18228898
35094637
79293791
363281882
87209490
6273552
270949258
142101778
376902170
23701377
159317358
2223885404
731221351
868626307
355821886
276769777
23151437
158184001
293306688
16307039
157713507
563066311
26257166
19212622
51263592
254064153
372509509
209233393
162515727
308699549
37673253
235642561
239343354
180267744
280346234
322212212
1375015190
71895709
342819198
137630094
28165583
38600178
32332667
889265376
2205907842
2801872043
267251734
47817812
161171611
507762718
287867119
273466914
370217405
50537131
267850381
125128420
135288093
35865630
96915603
581219754
130997057
278211420
574548455
2983662104
1146853526
76657405
1888991840
715589317
2271284180
2971135520
306485720
24262253
259026048
464291857
66331080
2955596087
27902825
326787300
34701524
154893497
28861873
245437133
2306606407
757583221
88836132
40313505
20971777
259366344
2557521
19426551
16332223
54084665
114659292
298663778
1368252314
1120272654
97960847
38202401
62177316
2951487003
21098195
211611258
48421420
