2596694492
28657802
17220934
17463923
366987179
126893075
2839032038
281999519
2584158559
15720033
1412790577
98759114
2857518499
15026958
60189708
94805910
16589461
61378410
2256546556
563483976
1616723569
39726440
61192058
545703313
264004803
48613728
1692738108
1324167667
14559745
161482772
623461368
2489260730
101800590
2240251861
470881436
69849882
417669389
150246175
68577507
184283890
15947602
132536016
179800962
352004759
260648602
79301444
1878738582
16958346
574544357
318349748
1948500108
54495613
460780289
121664486
376048896
282006208
151313825
108375032
633621712
423156280
403164356
131470926
113025021
265920482
76247765
194106828
60602989
129466350
91791640
42824976
35693823
195673706
81596686
264056433
177033701
969122311
112935232
891135127
242202921
201309164
43074696
108543358
59405058
819038263
15992186
106038219
386405232
581775420
92027622
270780349
483310591
146018074
19709272
76011258
20963426
16308572
33247169
57261519
123519483
95565079
122314496
34244499
184650242
181791421
263491928
79056157
265787951
28984099
84556902
119680931
48675949
189844322
138680681
108864000
46343590
66932016
95159846
51019906
59710293
61447065
48638324
242630343
113572586
378076631
160599230
118446597
42193269
36311174
148292903
382033050
385272041
190164987
397047847
71794012
72100106
82047703
125624399
256877610
104801971
86666779
65710961
381883109
244049433
87227170
388757800
360513857
341917796
210041100
100176693
243558893
21425125
84774395
7807472
19181941
78563531
54577179
23343960
69183155
122314821
50535522
77933295
77969303
68297615
12225
77704724
107351298
171466037
140388156
66701429
36329486
105693681
