437072889
2911491541
94700129
1918890618
413524452
2354230466
1107882294
1232692328
300487939
2250606367
834316544
133553638
512395182
3878432712
16017753
501494846
3497646503
101947308
593682679
812312305
556162740
582893544
3187024350
54930650
2838729301
1692867547
3301225416
425436124
423783965
954933703
509724035
524869579
2873900440
239585441
284441324
1703499732
1665849420
139869817
2879535784
2661234212
1714199162
517137568
2649992983
30686649
2293347420
1573882310
500063617
963051914
2227438910
866541690
343613953
479961349
734158818
1595005538
481040927
2789262150
2828751235
874250995
166747718
634974635
25238527
1121163822
688583
1416661453
381125368
1885342885
3153284224
2318318646
3140886301
54368737
1100331625
182097278
18380478
756072894
472564689
439420659
369774864
964823923
28469650
2748001296
394400134
854512956
3024614820
2754161863
401681146
1170466230
3041998513
132239690
2906035587
1885083222
2266209018
2483885948
854200838
262933889
1253355762
2286015440
136051143
887126372
548701372
536703682
30601935
1345177730
2183964992
194788794
1029088842
1537877701
2911750628
1870474993
451280938
450104484
346144579
21168243
1669585316
230572647
631655444
303516988
2851532149
55618484
2177422881
981621324
344448621
472564429
388125476
201893817
316287547
553185447
541473586
503307199
1442908014
1036017145
1592662970
414538693
525908936
52660212
485479569
458190108
415287619
1849583917
2421627585
2472193885
831493518
69778192
42760422
615795249
1416796328
2812355130
102836153
54756143
380701159
68315907
295427310
22102386
161057429
1110257473
2703276264
1054143145
42066937
89505255
2382664976
2382484718
49272646
2231015888
380608245
1258349922
605530788
32340023
424399010
310730506
1319431982
1697835619
624487494
2351600765
2520992396
2597169601
76819532
2350680918
560065308
153694176
1528743306
1025449704
55592183
737359927
241331762
328747960
516898909
423817440
117646244
2432777257
2413311260
193928614
17019152
1109748084
230492363
59264441
2362090424
206052014
1335951494
199110089
15458197
1209644401
2284275066
1967551118
111933765
20565284
43773096
388670600
733878588
552011578
295425300
1327811654
1305995330
59632108
258923616
1563811309
52404624
612009655
2152086324
1963894014
452678207
754610934
465329148
1271411754
157119202
562576884
1105455990
154299889
1319655758
1268761429
395780248
235840904
1566903560
1308374828
20291704
1216939800
343583891
390557298
491893669
403520303
1478702072
381898700
1494115466
1478675240
428100150
1476237558
346396331
1397962351
1217137362
542032637
602940028
443380783
321723901
1332996307
104082883
20808238
1325939642
417347334
1308829592
1157595224
1245403364
1149861157
144654209
236699098
830241996
145806909
420824878
532833519
393488321
371862270
549510165
221133767
115221862
257799442
344556488
32959253
23173888
588652615
429318541
157140968
17638367
20427275
17861062
221882786
576638905
268414482
449961797
453503123
315572467
543834298
300607525
191272283
548193323
452571481
221124132
352145373
22974378
196014508
469517478
62742992
453703920
340202513
95023423
268507938
126400767
430311796
273511576
418208400
226690054
124818259
415323326
396815228
58067037
399455366
56522827
359097642
231327873
248026415
53533335
326380229
228457400
51663411
232972018
115485051
28638191
