464159257
95972239
834921601
224223395
3332703767
3249303685
1120098811
135316691
27295244
378812867
807095
2467226497
54730258
18700629
487833518
1687831542
32372834
1250165227
132594097
1856268535
814824506
14647570
58235603
1435461
87569989
2474452219
19767193
14085070
580411725
235072498
45923583
355032358
18608758
14043142
19409313
361326082
1671296839
210672830
17251787
470401090
17221246
456361953
26817726
77829137
131999950
2802558480
42291620
262365030
12286942
578653038
26616462
319789805
52010875
105075809
62183077
14160929
633471246
62862144
31461371
35306978
117064656
46145761
37732219
85906238
28611038
107174526
30198750
2678236062
2342252743
15926695
256618990
177729631
2557915058
575932743
2800364413
1365207007
30313925
20971256
95245460
39351968
297719472
860302657
50014224
183749519
21237486
495517322
1938608077
196877476
2285471886
320268880
235893096
425539276
87524646
16174754
2218999273
251007206
2257452161
17563527
2440472432
14491507
67003972
233860875
22023030
157449978
23032536
95685725
177005581
74599038
576332699
998407880
296644509
2342928961
46300208
2246304439
91951516
293110255
897577004
21285557
14738561
19668775
22406785
2191109263
1959469590
571202103
31936449
230944453
52488565
997629601
15143478
19725644
107225267
525785424
59221014
546017714
115039678
16640235
760065560
1915185822
17369110
813286
47983577
1241433806
454724555
25166438
621835593
1097361890
87923613
1128132072
15001764
1565839604
228586748
768562657
14568034
223560830
200634860
18683406
113740810
293116923
71210524
1339835893
19863141
15862891
20361904
14441838
18964074
14897792
183661891
291824300
136532538
143086518
1483869684
303659838
635123740
233905750
384182912
575655913
11317392
22353109
579299426
1205345400
16172894
19108922
318053222
198350602
578473908
34222024
388345704
7079752
16245822
19843630
183548902
45373841
59257007
212299083
330101315
14324284
274388734
16939942
897921452
41150196
320210499
1158733934
17047208
856471832
256793538
19416598
29462444
1833561
124237063
35304791
52584039
1286506417
782615960
385276586
314758565
16629477
19534829
24583403
713648564
