369365097
1390071944
39719681
3345405629
18696996
44979474
15960725
417695876
268414482
455288410
500704345
1924076820
54365543
32520659
6427882
58466292
53297035
26149716
54387680
46519992
104336143
162890663
508364866
586136477
55117855
19402238
19725644
37710752
180505807
15451591
30938602
9890492
24579796
20600084
141341662
17296792
16017753
24107633
35415477
6273552
18208354
126689232
21332200
2495728562
379905594
316791827
242414858
14115587
119199038
302599097
342601720
35701096
17753033
171754721
1933042237
78418306
23199959
1604444052
31766093
5360012
2437502443
77220986
69394398
195897346
136441843
112824083
227021376
516011776
19258235
337894513
25070893
26083271
398282459
16465385
1344359197
33787936
34549808
16848539
16550480
120047491
7093352
786764
309249823
23674342
353952064
61391304
14955908
16935292
17399269
35798784
16661296
21581503
86141342
17525171
2553151
7309052
25203361
14594698
32939851
52146755
39922782
19362341
17266725
15155074
144376833
15648827
53153263
2921933782
2821354415
29988042
18583722
2690525215
22685200
16423109
27406401
193565038
2422257896
393369836
64496398
17910183
242790909
17045060
20604674
103887642
22819917
31817141
16926572
317187060
2740821001
36709257
16454856
2640535825
16908562
2596933106
191849753
1905230346
68524735
22428439
11673662
17073235
26019444
3416421
34739186
316389142
16303106
116213384
524396430
27879454
19397785
15492359
30973
2884771
12133382
4970411
742143
807095
5402612
953278568
18665800
423423823
494754253
110773997
215746958
132083716
372366114
243230859
46217073
9207632
105328660
465192802
17793878
245362612
37000209
92027622
148733100
297436821
1007210042
16022682
25558273
382267114
20536157
571202103
14062180
848007050
14559745
256573185
586032653
439037821
423248658
1207837645
275538843
9109712
32469289
17625522
19282220
36683668
87403396
37599351
14645160
564000560
61206610
15762708
14859559
80811754
17773511
460708976
904623444
178605080
1055402564
87065633
385072666
16191793
17842366
92372285
43415553
96017132
80373534
16340804
472623389
615205006
73026239
129883416
62591681
19079492
28706024
158414847
15485441
121241068
22495024
544517731
251496825
31080039
26565946
44030337
253114906
35859588
284602545
2176998871
18812301
33248363
410828505
2165957275
18992997
39511166
71613583
82064317
26857202
6186292
219647241
18064767
112236047
15352300
794808
169021842
26980030
50101725
17451742
11348282
14342564
17787705
38516217
20867568
36771809
9624742
14505838
14615871
76348185
1707402152
1853862728
1339835893
68999404
4432431
57625403
19116919
343326011
16683014
96047357
259701844
16129880
7744592
34006192
14511951
17248121
62680340
320116658
972651
15309072
40789325
29562655
21697654
17004618
225858328
20505346
36109143
52488565
47966649
18822677
20604228
158079127
15846407
22650211
19621110
14199378
3459051
14786217
399952193
15224867
33472426
17093617
301087604
219117141
171881218
95486467
340602009
159462573
47369006
15309860
5392522
14293310
19303934
70725281
612473
28609947
18812572
112508240
813286
260928758
27726303
19983221
22972227
30313925
36452048
29730065
234525371
14159148
16302090
16958346
214044036
297898393
27860681
17899109
133880286
283519801
272379338
1435461
32513657
248519713
14647570
14634720
59222022
21186298
155889035
79937043
221650184
8283082
34113439
29221344
112548813
26642006
72915722
27271828
46473066
43194755
23962323
10915142
15862891
15769327
13201312
16029780
3554721
19940791
168660177
38146999
23772670
127454658
21343306
9334532
18713552
20582958
67077697
87260275
56226758
139153473
107334854
145830934
31469906
19663483
95257687
122423170
97701898
25512395
16343958
121410572
16438248
20596281
48417131
26821219
9855132
10101462
85839993
45577446
42934605
13451802
17898053
33933259
7215512
85095636
55656003
47472885
16817883
45436858
20517132
114687165
37979343
28097924
18104730
26863382
15784302
31202965
41865658
61602815
24026751
23053819
16345878
94014407
79001416
16821997
13479052
16132791
26419078
52275340
33534553
74222189
5031151
18644906
20911052
15965246
42641251
16042396
76249062
63216199
60017053
74110421
24223220
14325188
47960016
19365523
15131310
25690402
24132507
52852957
18932935
17596622
27699994
39718991
40081196
24506099
22463542
23638544
41673876
17773366
43827482
27740227
22984215
22057968
17467699
22214469
6149912
15838767
53796252
23789549
16957613
16961421
44442099
8860712
17093876
17220934
25347314
15604516
43976957
33609727
15542781
23084168
63671461
18766296
47522027
28589824
14879591
17471979
18244358
57460769
18803554
15506034
23594358
20656284
28523975
21660241
9481992
9020322
16546977
48799978
19091423
