3093045513
16955991
2731401072
59890786
2320901821
1017429942
80618068
2921788528
277432411
19972392
15171667
39587698
824055392
42887878
15726121
34367389
23050147
336096429
193316798
44649157
29175739
134887728
23803664
15866588
22803482
52838996
183132190
2869639326
137924400
197366956
20804020
28290853
1554441961
1614209437
404562752
22289298
2669498713
14425576
15098559
382393
245235814
16665197
397689316
24922205
2485635080
326864247
297003395
40465511
2981463028
233631354
2885012572
2856683331
2840150505
2833953099
2802533484
2753003748
2742897389
2732953147
2596978387
2580789216
2541724476
2472576967
2331416060
2329463360
2283597150
2282724396
2255903857
2188984665
2176302494
2161567559
1871895271
1790537970
1715390874
1636240297
1595621977
1421480034
1399640347
1383218460
1344715644
1307256163
1149414602
1098157627
990497192
851347478
810109130
761527314
739855488
701671502
633514033
625070495
605960106
583922853
582914453
580100015
554909504
552976886
521509156
551112681
516983196
515511443
497350381
495394986
465079645
458396362
440977403
380465980
378245972
377630118
360552330
352886904
351631927
351028961
327037186
325153243
322658873
286786004
278197793
277792348
275307479
265911171
265582167
251312236
241120600
238261568
216192831
207346985
203714426
195500610
194504872
160906044
153814910
149978325
149290867
129467455
118616294
93478980
89167177
75865329
59969051
52043521
50578347
47966328
33123688
29130603
25633231
24457189
20077270
17930419
16988384
16928868
1569180318
109840044
2346742411
35403297
2327385878
6218592
498169912
1513661708
14332357
330021174
2432526198
19241474
2228500290
2177797945
202428512
212413872
14560116
53028214
2422650308
239959322
752874133
16949354
1255284360
82004772
16672541
174788417
263191070
9953462
19329245
1286815076
98866383
319419000
86922333
97335629
252447857
1029839162
83171397
277728004
41013626
2355442386
2333023993
414751406
1323379315
39374153
1529072755
15165858
14165662
394466622
19094676
309768291
1425796718
1460016181
339722887
49658746
5562082
291486075
899052043
2243103480
168793722
22526869
210837394
62607006
1352971002
116329256
117573046
17377224
65219208
177997886
100308535
1644991
18472089
400530803
1189825880
20737615
2234783858
38931262
22797514
15246961
2205914348
23137455
15842692
401096585
126390845
6939972
8778212
1574674273
2343837865
128269834
210075052
522351655
359602399
6896472
1693700683
17257351
11533562
7276022
408596097
30071025
19928715
6977912
16347615
116337949
365732448
52328110
215822029
1570080164
733322844
847183088
24625970
145677232
1594682700
182840025
846318019
84525427
16552945
228404317
17160178
419370260
882874224
411283474
2241216361
139082005
15849977
299819018
17175139
1208011248
2325933786
20713213
117672542
1970941441
8005492
14176449
1305944766
1942256610
874355659
17705094
14480599
179964255
615622346
89859520
85728309
80381783
16435797
458615118
1096000956
225571767
123089402
273279430
52954562
33059311
17430435
2326088641
650543
29270273
582909932
14713705
141777442
709624974
1621268653
382748292
432521017
33158877
21366526
774842190
11663742
99957061
17006342
12306892
18393501
9105652
260844627
107737145
17604915
121625094
16042396
1703994535
22045237
409755591
21166728
73341746
158058251
14863046
308753623
60709500
450174621
39519037
143544340
2307656816
190775444
15490463
634101956
339845317
931566216
60788608
2281163557
604630627
783869731
20262228
22269634
6828562
1308954630
15864282
462296580
5618162
81415122
15219808
1035720276
17766484
304066042
17711444
158477852
114216255
256312949
1533803204
243215213
44971098
20063137
20825805
255574219
19597819
47340407
19990613
55229892
148016238
214897651
29163055
15806908
26292411
123411504
305468597
148815591
1221161
329065443
36782530
1322430986
7030722
67131827
152005698
15110861
58714978
12054332
14365001
5450402
916885219
2293455138
10347152
267770195
34694710
1506078781
933586766
37768788
203611478
1880558749
1676175931
244790127
18013176
15311369
280120460
328321838
17563527
245974145
403697762
83255282
1115365544
64554479
2301503909
15075993
467900841
172347861
307198468
8376842
14892799
20800589
2242567519
706556245
1025972065
107394653
2238075110
165995288
111142786
1457880319
1076815890
16595229
424429106
118266357
94356698
155439838
936881
1717315062
1481084354
1711413942
242600517
789014144
109889005
66791685
40789229
1196641506
2163864264
234947344
48966898
94381018
1468050127
29891068
74522382
81441548
1234915518
2139671
190734647
237893933
1072544581
45226653
17374599
374594695
100292479
940034834
7511702
1551500744
858613057
31202965
387666721
171599679
902349074
1561508977
397447411
2286342103
1173437546
415724865
16071524
1178901
368028458
32624460
1851668641
111551525
121077908
461250775
582864033
308663679
1578043165
14650067
16955091
33986175
432012036
88581667
2280051630
100804294
547837199
472120749
374061051
16959406
889940714
169769013
404508177
20625601
33715192
2284394431
59173
55972117
73442267
12808192
174499955
14270791
14262217
1006862749
65594160
43845641
166999015
2287725522
1697575370
12118392
20414672
486807484
313398483
189601966
464064377
90170642
327843
17163152
190960735
109689119
2327644962
200422169
63381229
6300572
33358465
614096914
635225094
57087118
417458391
45615849
169679081
797717118
143209430
253392067
6429252
28898561
244459746
304745774
134471768
206488165
317843145
20439263
844418773
752515926
966987781
14974186
468688142
737477204
541338391
14267832
233788247
1723493144
12188422
14762904
16358417
10395742
486264349
181735712
32542150
2248810142
1196779466
346151348
759990066
194414204
14104401
158414469
15383851
1514264712
974130415
14062610
48071142
444888328
174357738
854581958
82174104
36926591
19590257
11827832
41100468
19467020
15678396
92410305
5843012
1318564098
859105123
1529905135
724543334
733343790
21799937
18199779
17551905
409725151
1633772822
525307378
541229337
91821312
17497865
21366675
45606101
416032042
3622491
2305336098
47797603
1137914900
82749150
18490733
15870418
281916320
184563620
242950665
296875809
148244717
8227832
18407966
140865416
1714245656
293349071
41677479
335879714
38359576
58014729
494922191
256424454
70666275
273969688
599389281
53134529
79575089
572079091
161843221
21374632
26068373
36185156
270270973
11301022
27685957
16747522
40059788
25861422
16662633
6967252
40039812
2174324442
185477060
91141222
15767103
8729782
23721565
5432932
15117732
39817258
22024025
513287458
5287912
1384667389
802352959
42400605
716382500
16675119
418790418
319385348
2300049959
21149830
145875986
23015458
952660770
27907854
18783725
272702156
524484964
1506680358
124309063
4935331
18484239
12915562
1120143084
433820682
106837291
80473515
128332107
228276261
60699463
303851827
15838769
387851083
383488045
16976620
167172877
74885699
581928376
55158413
906610068
14766741
13132932
11955012
18783755
277210967
755991
30931323
115234757
22954331
602680982
74474794
359442436
14095821
2259718631
15889451
835109916
158307963
100721587
1095675008
102417054
266415668
169249504
1450531
67905134
340331600
512185128
134172485
15905566
369574945
477035789
137471526
24167460
21285557
17467224
190152326
68597037
22010270
174059081
5981342
28425440
126400074
23124765
14908377
15496546
16632227
1650900547
180911611
340559879
16809682
196778759
50200233
2672931
1029121778
19132660
27935002
10748252
744925574
180558854
464146711
17331154
14683139
46980731
126842522
14755273
910877330
22593686
377577675
377037698
467924781
322179239
17044026
573377280
389111834
45562530
146213978
2209399928
29067047
9557192
409193824
60696638
77655905
296286778
192173602
480458679
29082973
382290608
46683500
473315786
299858546
42621710
203885200
88944075
269876036
24729103
39323821
16728620
206752409
1485022232
75247907
22646835
114454045
63184036
895925442
364733404
239029295
935363600
229618403
21497527
337357518
205195655
39460226
429443396
52869686
17895891
1718737136
8182832
18414632
1122767850
59729027
27134796
152778171
1162505240
50987947
252804995
577003730
17997259
20509939
719703671
637048746
1479292129
41818686
154251965
1864297303
14491507
813991658
105632319
433664531
19146155
351860076
336139878
1401452478
75240590
396632857
436084994
88287944
174770559
822408355
29191374
44645190
197520214
15759409
23941248
1131142650
836050986
222153662
704563
45577083
20247595
1861075646
453597362
14456485
546041141
581999820
28239580
65162365
22034827
14111494
24639625
1551593743
553210404
28492359
1578016482
235326658
16365869
990544778
14051544
379486164
491502607
77280452
417874373
76456521
31122280
2479661
17575414
14334962
164107722
67704024
21634836
29415638
39525214
539155607
4876921
22943563
740580794
156936168
14681055
14361331
260886966
34707462
353955545
13189422
229969008
782467202
1012489482
391845462
66182591
51921301
56302593
91817115
15703122
56931372
103603877
129714282
1007481320
6891382
69222411
134569763
12509892
27512817
192424439
357156741
834021
16632955
238955118
14254447
41768588
19837470
39699705
260039793
563380362
50922680
489949612
386532355
1543719462
531737225
208195843
83715808
22790425
802522694
372576200
1365573674
160053576
7305532
347331183
1173976711
48382538
35153494
136008499
846674270
509074133
9928852
156080288
93837441
352355136
14624492
17240126
117620198
479044721
18958558
13516042
20566515
23766018
414130557
1656118724
1370008376
615657975
426816916
28824136
1491600036
1898653928
251265927
20522341
156959224
158198443
384182912
31860182
39594222
13725202
66743531
28952179
21164746
282093499
1690374068
706650175
343418962
27289040
476008897
228015307
32994132
22340001
75129651
85266677
1259495682
454800041
805774176
259625864
499423390
92842712
39351968
1356299095
17439693
547472638
539212195
383916089
32340834
1513095566
493485766
397661591
44099500
19484127
77185790
20530586
54856459
31697976
19122744
41206643
19200401
137641366
78710871
6162492
28408224
1359403884
607337887
65634864
1142760997
17508247
8673172
14372427
99568628
336122037
1279168772
16828819
5408222
128714685
200951494
1644831
223856150
37989702
23582589
16614304
1246397209
1641726098
97582853
537028278
94157914
188020364
45804543
322208830
138920356
628812162
505087883
785713170
216793572
1588854877
788577
806545
1158371
6612402
7160462
7973282
9676152
10446802
10798802
11158542
13479052
13766492
14275931
14286491
14403154
14473823
14506075
14761669
15496407
15755223
16004348
16155773
16649758
16896880
17007351
17018989
17471979
17638298
17746432
17868090
18700332
18762873
19026439
19146944
19156507
19225509
19736677
19739069
20760036
20779421
21087053
21122950
21215740
21576334
21994103
24461482
27761821
28100299
29093157
30328767
30743418
34236990
34540379
36938886
39761772
40846478
41375302
41645292
42329259
45580925
48492797
48712325
54877891
63537234
67591743
73917407
78012099
80632502
82255869
83839005
91217312
97604976
100008123
103541806
105887676
106580083
114682872
115820928
123582098
125928028
127360026
127910801
131357048
133329422
139199975
139994091
141603000
144972081
148902829
162088304
169678462
181894888
205164306
207254215
210787605
215066622
217804739
221032511
225958896
227074201
230495406
231916274
241119793
267231581
271645211
279660360
280354655
282815200
298700210
306252199
309731945
318415681
319673784
326761638
342250615
346082491
373027193
385359974
407135388
417890003
423535911
426832565
443641432
448552985
472057669
485560567
488300738
488480041
490203158
526491166
537507873
544328367
554877325
618421202
620772259
903253872
941564106
962277738
963063775
1063313743
1110167586
1162212110
605643
814304
1656891
4271691
5409802
6841112
7288362
9588752
12819112
12984852
13086572
14162706
14163008
14245811
14248142
16143105
16933716
17047046
17425484
17721461
17780580
18504532
19843630
20298671
20491064
21135674
21448858
21801447
21958407
22839233
22911650
35056570
38766002
47668635
62219905
64017773
95746263
107722135
113653403
125695429
130579391
145627846
172280127
244991150
252245569
283155422
290019499
300866884
321660017
351638831
375668090
411150622
437591452
471669755
527416225
1257618596
1307697708
1428575976
1164414452
946545692
125420462
220917012
553926031
272017240
348452304
331603112
950119770
22903419
226269144
831683720
309743396
22925000
19360666
89430267
1144882621
7004052
19848776
43952406
10007732
153158056
419770875
174266457
252798720
17247774
16407746
24160730
493410781
20638016
472604082
49355289
264434288
17413414
218677254
18646878
117276582
125694060
17815091
557972877
14440527
16405069
17061155
16132526
221568800
111301499
19423516
148414045
338444630
1500057296
17161426
1153662026
350008257
5006321
735576444
25713494
701484949
706247623
350651828
1426678902
15621213
156717008
36157020
5276081
88095677
211217030
15282856
6069772
77248938
245181547
602172031
15153489
28588873
16872630
15139744
27177222
38258076
937690831
1277729324
57363819
239272354
67984705
15023533
18697626
21404134
534622235
12251502
1433805054
45913555
43381072
1465608494
762752011
199339929
38320113
36072283
1117249950
113219691
5611412
543822401
25385789
6739882
203640705
14422095
19990541
72931203
46543308
1446680078
18642108
315430179
120557780
58179512
17214765
18631516
83251183
117746975
14982080
14263140
11076412
12383532
1578471
16941228
7000932
119844746
18576643
43471704
14342406
106989588
296214888
14894143
11861192
71903238
15254646
89954900
14763881
223529798
373575235
60425228
309819754
317752515
89829891
28051353
103458710
27858809
423565699
9025052
454956422
38865801
119028103
377694718
26800968
45121217
410232198
777135943
629403300
288981947
588532804
74329139
249065273
18088152
19624836
482500305
72466943
48142355
16984777
19506333
393827314
1168003974
309421558
79560366
17352760
13384592
270552993
746033623
114700172
270459074
595577995
17667626
187518287
149072907
921709183
16996837
597569837
362470353
6032042
1009165855
356324811
116763402
98703000
80940254
128960879
224703237
1452134132
60600067
18098982
132897897
518611338
473923529
85311413
5063691
1260153992
19673075
18955776
372290701
252735965
15169290
48356887
141235269
784359156
153429560
44712277
14164253
101275996
199117749
6850322
21242028
950398340
18732505
55869887
6673792
39673252
39556136
34620478
106895787
8309282
7440332
14286724
361690384
282513560
44468213
450695228
14774154
19396145
78326487
14563449
1401064477
214165207
14362424
19943177
24914917
42076619
13447862
82377957
512432014
334849558
28221069
80919882
13926542
606550203
84687557
1246051
1072267964
256790054
16308762
835301
1112018732
7613582
332782886
15271321
21349275
18847429
24893472
233878623
83880390
1051747225
807717
3395221
488103552
325851595
48695135
88719481
195998422
7288952
21248549
789351594
128166788
85905365
22930814
40838881
62258613
19701371
1289364666
12911132
1357284644
234144062
22050381
15235112
44353868
19657120
148117155
38722448
190087357
462273819
12697912
53952450
370817386
14265693
34467704
25325579
18197457
72628167
37670549
27257907
361228408
5372792
27963883
14287494
8253572
143320429
1375503469
7157932
390400845
19155354
505109229
900144703
119853740
21381934
1092091
6351532
240363076
17103559
591916462
586705184
902464315
25901825
82474933
135716565
49909199
485566315
24923408
563920902
10860332
317910525
748143452
42308375
162565119
26683909
14330959
14874972
304710508
479200767
298729878
352614866
250432872
1308434101
88692033
872549820
14666702
410190538
154564397
570125222
28476259
145080615
14318111
1246882471
184115768
14358413
101646351
306483719
224858422
35153932
322026928
40661710
304090924
87716099
196133965
492156029
94360076
271972040
236520585
17670427
161005134
50747528
293236693
231174422
316570562
34599797
30982762
14466058
205405127
186947817
20406724
199792223
130940536
576184926
14075146
8649232
912375858
420872574
188405911
1299673800
177563183
5688132
1270515806
5907112
28414306
15466634
90645785
39451439
47282819
5032331
392814266
379272044
494594822
63801028
299869048
45372994
399182469
23761309
7426632
973973594
155916643
19837528
223729403
257135863
255460330
381649971
17990918
935618864
7373472
774838
29622975
31914221
19739636
270892252
8507802
189119065
473022068
21746460
201320266
286080105
772689
7789622
53415431
260787782
10412292
36356605
28359171
1023158233
953932706
124148353
1807451
191802914
158378782
480377095
20157531
377495110
216697909
176733810
14242888
18388956
60861313
60640662
62232606
64693923
518001253
54882857
60604347
588368600
25037133
64015230
153153637
323260229
82194081
248320238
119481515
127889430
65432769
16801381
17600533
419172944
196518803
108726772
1105067912
18214541
253317149
15196090
137436300
48137203
15464106
80750540
512178042
38821410
37160113
24192493
223980759
12995612
117823111
339695670
16042395
1071938977
21234606
563247063
185419239
10116502
5693992
154423273
274225264
588308841
17259392
858349830
16812515
185678582
19450230
491477406
183100258
833141
66351998
13502962
77125321
1835821
1098785250
1243966441
17315836
58894331
20790494
14588716
14726590
398189678
160687243
1325426802
119344424
16182154
5719672
29547381
18194380
300830033
127908893
208150402
47652153
856412160
612809927
111352896
185866579
815875
24346748
155898551
17653335
14317621
183472904
281866416
27891507
77043235
16059905
27028026
18823208
57133933
213411393
47363139
95920046
64921590
333552367
14236815
243661516
68565955
86489262
16861412
32571393
16016618
178082190
565492773
18579719
804730633
7351742
1263152616
125185736
480857874
248717660
22470221
19136693
14361419
28169544
504981895
15136206
383997434
21866430
15145988
552413361
19617166
1265531616
19661240
6901502
12221412
346907423
1250205859
7291372
17590794
236816399
891427999
15173597
11734432
17662649
186201419
45419766
272004735
66821950
15343046
71497146
28790336
25181960
238199985
250641756
898765483
450757830
13180262
482263291
952114753
17159147
17633646
277069762
5557472
15822246
8661262
415117357
376854167
33588153
243419991
15647548
14401801
33495442
253588542
450783636
18076469
186212691
90894773
414858477
348003
13603482
25471626
363619637
192938223
43384003
5514232
16222825
14231917
29381260
323326390
597116904
204557707
57641627
5982652
8742642
805893397
428851685
57190437
373820666
135535891
329894291
111588424
323226177
453898353
32652715
93913274
63697782
133260115
14742129
45385546
250542952
547557691
17239140
50002668
485058690
615431472
30497258
382998512
15085211
956662141
17049666
5545892
37989814
14838388
521836194
1169359681
215970924
41188555
15581820
49366486
172798721
520952916
15530774
18139026
266989741
14194582
16607691
374115407
21657534
238026476
174860616
382091919
15137707
366269928
16513572
157018775
38176686
61878718
14691295
49348606
75099606
59150290
14960332
515970035
196853522
24179072
7377862
237333730
224828475
278024267
242481334
19687170
16184180
15169943
41867187
98593429
14730195
540892380
10263162
14225706
749512964
1320709728
606779474
5569042
77664298
14983646
23749464
48878829
389022628
1632131
115681118
256677554
6580122
14616530
602201443
57138421
79583481
15856664
615364795
23662656
87755242
296371137
265773948
11344322
22299050
627440602
22155361
15928531
107426833
19143481
576338412
26514689
284983136
67538632
635077521
355607090
327446441
195350638
1792201
6417162
782376937
22306225
128293597
153818628
15234750
530818151
1037796800
255266811
9421872
480695648
262422224
8520832
330101036
15103431
146873801
13802082
920050484
394158423
484332536
50086477
7010802
31100040
5917472
27343131
19079334
21928144
1220605243
208283738
117450420
196210987
101125959
23266765
104256094
146977144
112700434
73442260
26375520
17489806
554004391
590504984
154367108
1155864187
11800292
20804637
172608008
14689375
62854218
3956471
216564881
28484690
257485838
6897282
1006491
452234117
600553063
550099589
1093307815
80868310
331097271
72533837
37491539
62131111
39278380
166457262
16913107
18104581
70840973
15025564
30894847
15956308
1009420586
38087354
6270872
15494448
122404823
21661552
149792772
14244756
63252043
286311424
338580744
343377808
466837906
65136300
395718795
26684068
14074896
7151902
15440663
44678774
231126714
50015578
10086702
234811164
383811469
44780391
51127030
46249872
28295506
23015872
153875560
95698024
1040666516
11112192
32565991
21887947
765810
24553792
436886909
23190321
580129378
454959757
265517884
16623938
7120992
1173105547
283730901
2939361
467757344
57036734
15495544
20639257
543227804
104601548
5410142
16897932
159501309
479815749
23890962
343528645
387116660
47611549
14585572
12838892
7516162
14804912
3827771
14056357
1405771
5714872
14080842
16580505
331222430
1327671774
11415722
621643839
17344971
46471614
507859626
15031732
195243315
56103138
19421880
183261951
16397485
203556562
18939744
297611120
18967552
9893152
15724618
121150506
109585259
16262632
540545402
364881876
471944866
305980478
15238140
50169959
256934051
10476742
238718627
119844907
279990381
96079277
224255816
395953471
795439046
178434460
19423611
218789809
7470412
84014474
462789074
17883918
352797052
258747765
851464202
56847036
102080846
15636553
15708246
6980992
15180671
20113875
38692590
8335142
14089871
23892250
55013941
114648729
8822562
17847170
30313856
119478998
6688542
14154209
77213177
5960412
97922292
582421768
25426402
990990054
16842428
121888452
6420702
18265660
24699072
15662284
282692344
14086502
92325204
14149103
16355239
282178976
776741
8039622
12169762
318416054
5968072
7689652
7564922
14172658
85945502
540933108
21239354
202634073
569463069
66983377
10012402
28676025
330309563
505650259
551600672
267256091
792624728
5121181
423631809
462908836
323460751
627828867
7039032
44224610
850102962
275289177
16936674
295703118
197569608
267851101
14294464
7615192
28566147
58875059
37595529
16842441
536832261
661173
519231230
331166009
502244677
16800866
268470247
408637710
1007761
53068395
745420262
9823512
6258862
18297817
306408946
383032655
80388644
70252546
502339049
594009572
728883732
265175059
34652055
44932185
358505229
1287439501
14363396
24198345
26038936
136476512
117095617
937199942
14156466
23823924
50996858
15137538
5834622
1017161
14287272
15209587
249475029
9104202
9148432
159572092
321538860
5352772
249482845
183653352
131603084
1099216320
164924213
36095021
243343802
321468002
410879981
5250431
17904946
29789559
56485913
151997291
14461463
128886600
443201911
949787202
583143415
262169638
30222754
112874859
23079294
12123552
14530952
1030761
40861666
1355721
24304843
23542165
534408448
4386301
174305318
15627935
21910403
29539838
17390368
383376284
370938003
22871978
76228834
856331
15307982
137757065
16885539
14117965
35825958
28338937
50075250
80882268
153207350
38227367
15273607
543454024
4359601
47684958
17354609
567323936
61656223
33978061
15723551
64168032
36583160
78776537
61753
202658118
374229425
5357442
5863892
482317113
16056109
150260432
20283441
11840312
14307281
19033474
20187931
47980351
576611676
14615437
486321765
33651124
18667785
11597172
153808620
163298152
296003222
9812972
19212550
21759817
720754110
897811
20148603
186229901
739521654
15833756
325100970
15738482
6621172
17002009
75123
16708593
9429302
7117022
82608153
74719185
1137841
1031591
20646352
44583052
2727351
132916189
14331818
19042414
14128688
14134242
1092501786
201379948
13050752
829696699
40217297
347809928
100047303
15046342
16620078
246119746
1120171
32146451
11036912
264996627
821552
15213690
204403285
192679212
262885665
262935568
32520413
19048641
16937338
331212345
193189523
436202916
14711619
44553548
117376676
87527701
357440335
576157205
157694304
1243961174
396778254
29285844
166751482
26028353
19536353
496094137
8784892
16935394
306946661
47664097
482084053
16053142
221236430
20690739
46243425
30006035
25945455
20997230
147139688
37432776
804268357
56823649
1301284226
94536818
34411970
391275054
11385492
947885857
7345952
46616852
20746250
197154147
20444825
633
1285451
19404944
110405382
83210801
817528298
14444671
191419386
19973427
10818942
246754252
15814392
27413243
15672951
345931871
28768921
67062922
854978894
183756369
56713067
22155743
62488550
43301342
403987115
562115031
17106144
14425505
462968208
233293830
289392724
39194970
294574796
431688656
11114
155449120
267647500
16364192
28412312
194159907
1136522773
16979741
22616695
605686850
22405365
20792726
11836292
19978146
20543116
24509763
784451551
24152476
163398828
149499239
131298706
6325772
389515789
10876312
22655246
1299495896
19776354
127003086
69979720
20670600
25743783
892902294
61743700
42589361
11031402
98600129
143765644
14442755
27021802
28354167
61541937
238286255
847158949
136276078
113439613
1028485026
74948250
265649315
233661443
867813997
279418921
13056062
16084102
325411137
1147031
55237711
12186002
836681
90590924
22775526
732243
12470582
9727922
30054271
15107316
10476342
46477864
52458014
80071968
290298526
58756672
14174887
6267202
7595402
14100929
462393291
370209860
149842156
105220744
470970230
472272881
264138087
13502742
277997041
19114465
15060148
13963012
226011566
218464830
991373832
22406785
19689807
261589212
199624978
61518146
21206601
21178259
239763529
15161412
27641539
14145774
147393852
14980174
53473288
23589630
27106703
54292102
32977350
277559216
2272841
41209095
108925258
15810715
27624938
36323407
474911726
1524781
140467021
40385166
416690534
14386229
20424062
33536589
29342640
19178857
57076191
23273202
28579026
37563
269700525
189118361
314758565
105529826
20410279
293116923
29812651
26960295
44315541
68963
100068931
14741250
14849816
84351158
27046750
56135375
127192221
105143995
114878546
14292153
9453652
7079752
483243170
71323069
74770687
14063950
110031075
23579478
87569989
29347448
16210723
236785669
187191185
21704370
49344076
276259528
24939473
33972693
313745055
325126593
310521190
159951505
262659868
107692607
69048734
38892114
15700906
101013718
83893557
176450187
16138618
14078114
15366990
9963402
49928031
20233591
14147695
386125345
372759614
143903442
284553
245493776
172317565
296624994
328060699
17525220
95489684
5563902
23479891
14145626
50228025
21793154
806854266
45516390
18336512
15084855
20342875
23666720
19766166
27136797
49127323
14606520
14920335
357013871
93735450
26616462
20739133
190337035
325719227
88387950
28029077
88795399
3570491
19543497
242715416
14000542
17083959
14980634
95856748
233491567
14309674
18223968
330743859
305135655
15482365
15343937
34896734
784885
15277602
26710373
15271509
14980679
17916105
256911319
510401638
16947313
40007653
10180222
183548902
2443051
570913139
115660120
20246165
14114656
14104907
29024460
313743463
184010593
117091011
45260781
11501022
70136994
12249092
817092
17898671
7563542
18212935
56179493
55006025
118689933
166907546
52488565
14404842
384725784
19774622
22746709
173944475
87779569
763699
14097375
18059285
25710548
794124
1200241
14700783
1169321
12876
15440344
48160604
85906238
36814136
14257229
106681538
37894585
116131436
78118734
17753670
259903148
19808176
15150453
104608932
1248081
46046512
46959037
79024978
16264965
20474878
95786879
39348006
21801907
16629477
27944885
19849635
17448943
18985501
39721543
20542737
15392613
2234881
6267962
5668942
1081
824157
49546535
350424151
15750094
19020271
1175096719
69657119
397296625
213148493
8220022
5552402
7408952
885142116
54163837
35078230
34594209
72273246
134865785
355824202
777934284
81256748
291831147
17533425
123274454
605348156
139708578
19204806
276086969
336658744
14712716
16067701
66450516
138047264
38473077
104587495
19324624
216711232
40081420
80615366
313297821
872102778
140776146
17902523
18633969
16043095
281999078
47898247
245380196
67273941
135354872
376777249
8381212
143842282
21308525
49665481
323777090
12434492
15762276
179003378
40187679
256409027
22807586
19238793
52349626
287387396
147786817
17865567
75633116
442776907
1243340408
834692978
1180936681
17595439
376790816
1095670098
14192180
2384071
938210946
237409428
18226927
95221142
12798822
47359057
16143991
210162960
10034972
128292609
53082555
20832730
28047280
854885672
20007477
18104778
87487545
23241435
24502004
396388103
91375691
756475
17396170
676793
222302211
61587133
17449143
44238295
14801264
50077483
19266899
62631989
213917132
366665842
22931893
46032554
218604219
306893945
15163872
19596074
20543890
15684633
14458660
271966943
209165593
19828377
31854531
253209389
105973401
25512395
221580114
350408214
48494794
17869040
20707999
48753815
15484063
18569484
230602419
18089292
33773592
36294717
30080131
16066580
13746792
17672994
17690747
16445813
71180562
15949242
19889143
38762773
456930921
174847568
476837007
20189748
603367602
209745713
241208166
17051344
11109062
305078405
135905236
51204600
24033302
358566293
21447349
133401586
22213141
212590401
191639705
328287799
220675687
59608529
26063063
19084034
38474934
14526679
15781813
98906407
84347917
17385903
86493795
233278341
277219019
262130711
479730454
37705193
17042078
31213485
18999920
13318492
17115693
14075844
19893224
469408036
163617766
898691
33249457
77800503
283273730
384597895
16063891
26099938
16827326
241718438
15859033
13787352
38372614
14238165
17047208
15099133
183757496
554052505
50622198
55247508
180889575
100266394
62533
137848152
9035532
377558229
21917716
118975084
21912985
192027674
19563103
112475924
14089370
324914739
13062172
110772878
236635893
136406719
397974195
18127831
90696553
19965811
475350818
33070697
186585181
468041166
6374602
21090480
519084084
91237615
15876686
20020021
18837385
44903491
15402623
282615966
460272173
174202599
383466257
106812593
198020721
16001936
95894506
15740362
47703572
31013411
23176419
16990628
57291980
87215923
308623046
115547625
32477873
46145761
19496411
32372834
58963156
43331568
325224753
622300794
331038159
15738974
436090381
16983297
14729597
83197636
247336430
302254894
44427667
63864435
89545649
17293337
15565076
114276080
9843352
16407870
596558330
26390461
283349262
174779491
69734485
315394615
429253192
52238172
166845078
46790946
121428475
13691782
238257400
63598257
349326966
104070525
286349430
157477738
185910976
300735398
134487700
21897370
17048664
23119615
200434844
102420649
112838571
121869155
16224723
16486814
103633920
281496963
136388103
85891781
1833561
302786545
54546430
16678835
18038084
184737993
589535421
98754076
18729865
695043
900539689
3795281
49443870
13841802
11824072
16515488
5883422
352650591
14168032
24254084
47360004
4339911
13918022
29460483
224631899
496014332
14295341
17089636
41358714
53560219
59126394
380816062
183575679
270546697
14326640
143571157
56722075
278930750
256512896
176371696
17567533
14324284
11107172
25676709
7093352
72249574
37447644
16449742
20806880
104068477
17001409
486169804
483850801
6705042
79997785
18032441
31443503
19767193
48564118
39537053
134429434
4816
14432501
25884563
19814810
15276911
54161364
21942174
160877807
15132914
12432262
19658826
19202541
104753494
109839156
190246525
88936048
200456671
26858764
16486812
15237935
39522692
67976245
222765418
15626406
93950513
103004948
15322269
14043142
10053692
18733320
27238310
11055732
45896633
9550482
14066035
23602600
18829580
14139811
17462723
6169802
725323
18525497
15154811
47876842
355448084
171753220
46299743
821877
14075928
