3971471482
2230080559
2980458689
3242072481
1430797741
1658498030
277231708
1392927266
3050851783
18926455
15859033
18656604
940672430
3313446562
3309873201
3375765743
22750673
549047886
3360860943
1494517820
862042586
2802071678
1068716437
2879534453
86073287
3345788039
1506348020
577228220
262365030
3028671676
985228122
2867024187
2821239209
960338802
604623332
2881242614
2423289337
969275618
1201499150
2773651974
2853885105
1963106400
2247739874
212299083
319034693
1461653630
456963719
27122310
284508936
114455333
2169234671
2372868537
264665952
16553366
2750677613
15478478
883061340
2228841888
54203198
1941314394
1927527138
2178759030
339915519
2550149892
2605260242
396234273
611666193
59029573
454491011
481158202
1434348990
430908830
98088881
25952049
110739746
1320767239
22419487
1585469030
43943670
972497114
2473688319
20520810
1126843314
2449899066
40357900
241964825
987075302
27922157
172469430
27596259
260685403
41561657
441992608
2317785714
32463503
2291247308
20733121
33607627
37196408
18942110
613614780
586187928
705944024
898326793
135820433
18477428
612473
43199901
805004869
16465385
14925532
807095
304484655
133541255
403001470
224829785
44418062
252658825
55158413
1425158124
34224580
93870127
11088532
1053438085
44143505
170740283
86626845
61533120
5751162
1259551915
879161563
83057568
375801620
636931259
242539525
505263626
225481809
18499709
263768986
151553126
17871298
16649758
86095883
26532197
147117097
298191350
205847300
500370398
225921994
51047029
57301080
336091487
380816062
177891462
19232496
402049612
28356476
253271226
87107913
42734224
326671854
206255645
19767193
125403795
109035634
292674612
586395720
588474626
66682604
571489904
70248716
20517668
539040455
564393358
20189748
308787710
94562237
65569689
20699500
480628694
412933559
18084746
249977223
129594694
70615294
51719020
120206023
65134016
14592723
14647570
138036836
286950677
313976698
85555796
135989360
46203666
346662271
487833518
14243046
54664757
132659068
454952766
111305843
377257201
16385645
103023746
97252753
119401334
187918342
80877016
414090990
15134240
281673600
87725374
25327370
432369637
287568380
54051138
329042882
60808843
407068486
18700629
19658826
437831345
24713778
17108182
125945961
368267166
127532632
258847118
94333576
34906978
191859788
412305535
24415922
342710270
19256096
74474794
217779019
250137376
22708797
621543
19837528
55654989
107391777
26832834
21218554
88914175
14499829
38489678
20342875
91312237
53023494
26748889
18048466
199644880
144626914
347276297
24157770
32372834
29481148
63058712
18058609
53039176
44179714
16949344
27013292
25950355
21581503
407766714
23575322
403530978
407730106
64681292
127244340
31725704
407644381
203152124
7558582
397912882
15862891
246348124
199226563
87715935
36066745
71210524
