1849583917
1282308902
1192354375
2261690456
3242732912
2812355130
384655309
1107882294
415323326
1416661453
609655451
433860006
1054143145
517155740
1443908539
975088848
1416796328
739907156
556162740
2911491541
1871250176
1849793730
3514240823
19548850
79382245
197598287
27195114
35787166
2620038301
1537480368
860161063
563093095
233614681
2279920243
900154584
1934773788
2293347420
3167553652
1250573911
909560569
828213397
3241024154
349997891
828083383
2604545083
2604779953
1093630706
963926120
1167713550
1325995838
2882628994
992382535
2959973455
3235739923
1850407124
561601626
1319706536
395637033
612934025
896735870
613722137
3028889156
555243605
3160130336
2318318646
1435994318
169303103
14791251
3178696220
49272646
467081550
2973453269
24448535
1378358238
1084160096
509735357
3146558513
83972486
2900125707
413529264
2975335226
19090871
2576258418
1008044088
725424516
729187134
1043018156
257305300
752504354
1566761282
222864893
865905367
95065972
939601118
1030020139
3089129927
537660367
2565972829
395083546
1915534530
2374176276
3042423733
2274003062
471429673
2304286153
3060147818
2346263246
768206113
2261981077
2201635304
132774626
502570380
1706210569
357983198
2981518896
842723522
1026813367
2748001296
3008227034
1424432202
705722720
949153676
2961037700
3000254995
2379626550
616753034
80105473
2983276543
1969734140
92607413
122685043
2208380320
729445933
788309005
1849867350
1287830400
938541222
1472390750
872756622
338394986
240734425
2272568410
380730306
1002724404
277308923
1143219523
2930360424
2930313601
2870078111
867369132
2917278716
1306804369
1676478048
867130652
799440558
2152701338
1319755279
798985988
944737261
1023006864
192414189
1155802982
56175065
610687055
881260225
2808055664
577830828
259485725
987140838
842870058
1253756546
737586218
1223505445
377674566
850379394
2440662505
2840559248
2833263624
1046986746
1013731717
2693075466
1331005861
1393897891
2751835713
1738276226
130448496
379958619
446739924
729021499
2437786069
874332806
1858990404
1431851162
1054058924
487294035
2441899471
1199337229
361472760
544082313
425602699
1033201508
938130259
617661011
940059528
1263502098
1279347318
590466283
1411694966
707653170
1924889042
744224114
2440576812
66421750
2412169116
1282280012
2405988546
975322284
2391968306
539121808
472347319
2355739674
758055246
2352319290
2366355858
872963281
1775160992
2350327184
1091350171
536649400
224897683
2249000917
169740780
44473990
281766200
381347674
1372975219
1388572478
463496654
1067121656
310957120
942947035
2272215092
1647164766
368592125
1057515799
818702820
1323813674
766378452
278232833
2231015888
1637205302
338156110
944502200
213045743
1862500945
2204053736
1054511094
2179483447
1351205875
1372636586
18654006
881381130
1261077768
411995393
385763396
832366573
1132292622
859086475
1913528928
1414584954
496671001
1730106650
700121545
358566039
1700928859
1727572777
1599071858
898691670
1206231270
248067080
1661788891
1066298532
1387548716
52885593
766041938
443209491
715577552
532676386
372653082
264548329
623491607
737528329
257846273
729413646
1063964918
381298203
790822964
1595104920
1500297091
1512218605
497570543
1419409898
1332999692
1038209994
925622053
972757292
1215801552
160383556
1411574893
985670587
445092403
1405414027
40755143
1274243270
486261364
758604494
402163580
380126612
973151924
708156644
63619693
397043501
730113397
359774825
285381619
863659764
1084809948
377809361
1247527986
622892210
1110715932
1228943570
363808105
161120255
354788338
258631210
325344156
375907175
799345873
902862354
375503071
1027571827
778564548
871089720
856800086
785383081
488955605
778573938
353836894
560055383
1044016274
557470593
252804627
167941588
1135616329
378980958
979278290
997726620
1094008657
1069129897
1040242340
708065317
450139559
252782178
495093428
909652586
373650470
59337980
420976317
1051969224
513925611
781992356
625314459
199134282
989317718
37535754
936029317
720704821
268506350
172966234
716604876
207331498
190111098
783320606
377730371
546528239
373636410
760928006
1010463788
98288395
522905627
387262638
392530345
347995819
999494983
865399248
860548896
389228334
568825492
622094228
582230330
984004225
382334841
161210642
581474805
588970317
92641795
713384185
371051368
537873795
356735912
417404290
557355250
793154270
729473070
410581920
977231268
931291783
900420770
632585642
846608150
975389893
766419163
433951640
305334402
238857042
946944919
389946929
40125097
444404242
717102625
782986458
971198286
971290374
543074983
918363824
948747282
348905588
442199263
308851309
908705401
383989472
952355863
369045850
406341780
365866145
293852707
387957169
756589926
342233134
590626273
286869040
434526092
334518694
349248166
263442055
120983261
385178031
445085830
50618718
455331125
564985243
357328076
940590972
914850990
323064053
772432698
864028201
104334551
785000688
359755460
62954554
340573361
418871037
389299892
210522059
842741858
568634009
231914266
560632102
377204735
592506852
856801765
377201621
377718659
378285516
580369689
326443659
25715165
458590241
389242680
461811379
100094161
582282838
593488383
630820349
246593505
54130592
338806318
356726630
372656245
458934816
458101451
477894757
30388068
546966874
472150383
493718157
584329485
131734192
463501989
374810045
27157484
606930501
515032083
617936807
257820692
626328132
505209323
353974995
442544540
715355738
719847434
80935913
398505743
229633568
35597222
737683718
446440245
450059887
396980038
373178734
764677820
808043089
377845387
447894541
370520597
229797994
752519046
333534655
610482329
453317484
766886988
527646370
384576100
337581220
336962829
55505009
359116201
373673271
168424836
413525699
359779211
359229052
304711373
343811622
455448965
95290538
435518441
465256264
548868389
598202745
771904806
363952862
631593213
495689550
760308427
568765924
711412026
633215475
632352559
633162941
528080170
85197492
242211896
368689985
336299280
410534833
389683291
394393174
378087263
67735716
774629136
780668125
88593494
381806588
742170306
803885378
785415072
434659754
818500987
262412896
320621753
445963529
357302878
25521487
471772542
479066506
357579261
411339872
269661382
221452291
387174019
359113119
348324257
440284026
450831198
198044645
392282958
436439492
281669994
231335849
352876602
236738600
116919375
380169394
333942098
167175070
108771559
27260086
166480499
252373496
364078666
126760019
252812265
168282506
377205978
358630004
405827491
182699705
378334137
378392356
174621654
209450301
368681872
192777130
195595575
368706983
45060632
382379710
264576776
59575956
376532348
90051837
357006589
369336987
340697976
