313939160
439281831
543700209
223560830
2546970108
1479306661
71701646
379052142
737811679
2550149892
2375288959
334912047
1031977160
1530953521
74690215
104277709
42673060
17982159
1227295489
35306978
25743783
1073530544
16608403
11317392
437588769
146978606
1090534784
16649758
386869663
260900441
164353656
17292623
601598245
32624460
384182912
180505807
586321264
34675456
36814136
15154811
23962312
21928178
224495471
17251787
16832632
112643711
86129983
19982434
44418062
315343864
355336307
104277809
275690183
297719472
208988759
56593116
20746400
16629477
100074798
210672830
23485622
21237486
266304760
35929575
12819112
22497950
15134240
44783853
64354305
57346365
20971256
32372834
20746250
106895787
15587500
67304620
14738561
15841776
346400805
174083824
56685979
63837338
5762302
17047208
87569989
83987145
50014224
14159148
123582098
44438256
39522692
152597785
183548902
228586748
16465385
13395272
212299083
153992365
82336717
19837528
18089292
360814176
33249457
19766166
15874799
252504525
273354091
1769551
25562183
19090300
55216586
28567809
279028091
116877838
307783196
294692715
20646711
71210524
15755223
29726578
16245822
28160998
14499829
14647570
621573
19658826
8963722
1435461
15492359
15110431
21581503
15862891
