384655309
4250769194
1714316876
1871250176
4003888698
2911491541
1232692328
416007818
2250606367
593682679
2581610880
3059701516
101947308
2354230466
1107882294
981857215
1100331625
2221394253
133553638
2708383116
512395182
620180818
472564429
556162740
527149404
812312305
3406981160
3282395822
16427380
363210080
18159470
3306725256
3306537307
82730603
395637033
2397223166
161280528
131350815
1110257473
3260521088
615795249
3247936729
1669585316
553185447
43781717
102912481
2472193885
3183779936
603900230
342560704
2626946227
1416661453
3048482514
1692867547
786276188
621683493
18223550
1352892054
28469650
2754161863
62742992
963051914
450104484
981621324
1442908014
1170466230
346144579
2421627585
22102386
863739030
73402597
3018339532
623882144
1345177730
2910366324
475269706
2907689186
92413331
182097278
2227438910
194788794
2713725180
2869610299
536703682
415323326
414538693
2795144936
633215475
793117939
887126372
451280938
584953351
380701159
230572647
1282308902
341098932
52660212
1191788460
2183964992
440640882
1054143145
2177422881
546174653
487015366
21168243
1963806853
1944494468
1859003833
132239690
295427310
74354914
1979428314
734158818
300487939
391040793
2851002048
161057429
2808179162
414487475
2652347133
49272646
776165640
721218032
2719505486
55618484
30601935
2823272749
2483885948
388125476
2812355130
1870474993
1036017145
2203612099
1592662970
415287619
485479569
255067917
2505063001
316287547
2703276264
68315907
381125368
631655444
344448621
1029088842
101694156
2308742430
2686567562
1340328528
1460801593
637332547
740167195
929312522
2386324512
562535544
53593115
341930505
1348093363
26044839
2534658232
2566137924
900894660
2308595071
2538504966
2271254442
87339414
2492296236
2485886226
1673776112
2229152340
1877705700
437050770
1388034636
17207243
487319391
811736088
343813423
967002739
52852340
1676584742
1959095060
2257273148
266864680
2238390470
2331545711
2331200490
2330670702
2314896601
1296141308
1649440406
1152279248
1305680586
1698338204
32340023
2255677226
1478358972
1091117467
2232254180
600446125
240851688
1240529424
2185225172
2197182198
337992892
1729140446
423908947
60747254
1913359423
799181521
1373441264
475494166
1532509886
1850271733
1864543812
308214500
123127378
979468526
1708542715
805360854
1689864926
28506254
1247567420
1360257841
1493632610
1455731832
545335903
316760069
1473535766
1428475729
1461533311
1133146242
952803842
750772448
820728384
357897150
124350782
508434532
1275456962
499455740
326427516
1210983416
1141308186
1212901123
1127252262
972627318
581445431
160794446
748689756
1128384194
168983007
955004778
485390143
1094310102
415302378
333224550
1069367125
1016422892
994394281
994433132
489881236
938387174
493515805
922402429
563722667
860162654
342558092
367256104
425448894
397608474
319572274
560189298
536901743
303630455
797316757
552425309
286401721
355864233
487758795
123992297
777101911
492773121
321109846
22866273
392893387
329213821
313033867
592881011
376510722
302488840
545439010
543068245
364714995
24092766
357933210
478197689
481796214
392818701
121899065
377726379
158138401
255339284
69161891
375415279
493607370
416684119
489775762
488165095
441405609
479048935
437078454
331473713
263396131
377096432
353264482
432964909
363960635
108498547
320004714
261980419
338172364
342561248
376019627
175641798
365672315
304159160
332161214
355933191
373174844
287490268
122814551
287943066
260068139
288586338
311142027
