3290364847
124237063
64381024
2485871142
3313895117
13693032
330743859
3376414391
237468540
21242028
382992148
993725407
11545652
2817674196
791660214
45225258
2198363088
2993994029
116360467
3034214643
1607703990
18683406
8005492
264124770
86943522
2878641137
471504594
34324846
1307544762
1144882621
286394185
427119266
493659098
111072713
637087464
488824886
280354655
1018962877
58504071
252204344
2610768194
600438948
628765360
7209912
865611229
153324320
223953813
631612287
23666720
1513647152
93244606
434710015
189364778
17393219
23600122
500073135
175711277
2746492014
38372813
36203015
37725215
302060408
29600755
45373841
1735686132
180273692
384182912
38259453
1005116389
24876649
19313995
16629477
17982159
253388937
14803701
134941111
15862891
74599038
183707859
588586596
32615991
56593116
51502583
631510660
16866617
409383848
516892533
256444597
15154811
85906238
48966898
37732219
223560830
14738561
20750406
115132543
19837528
23760311
211055745
56564230
18655567
1435461
15808647
52064539
83237493
18224170
14406567
56179493
14089370
18194162
13318492
36450411
83874770
117576644
17007351
39274930
252250951
23617249
20539747
388392482
98772055
39273380
32554828
14267832
19767193
14085070
82336717
50753411
36814136
7973282
32372834
15828654
89169314
2443051
137836269
18985501
43199901
16716425
100559209
44418062
262365030
372824108
228586748
130241862
80655195
86626845
39284958
17047208
125988509
386521020
194889408
19416598
35306978
18477428
106542267
18226927
41592143
250137376
34222024
17251787
183548902
277660111
29726578
123582098
346807101
27659232
330368859
18089292
83221061
17221246
264399952
