85907506
249710733
2395295630
29943362
3174512184
898840860
259795124
1479412992
3612683783
467900841
364560137
3987180015
69355735
2574244861
545459567
59086766
122452643
3813518661
4061187015
4041183922
34554134
34340707
2857731232
304498265
1564289160
333738729
3369508323
1138405094
1332764143
2626263112
432727749
3128509541
2212735524
3938326648
987194570
3031898758
1582593798
2842612449
2809497047
961409220
2429552622
390846254
3545402536
1872534804
3665529502
2533600981
251423102
1209536978
102659539
266571909
48400758
42622744
2300658974
46247561
243661213
87198154
220251221
34299110
2951101482
2239368259
557050531
2480110710
15824655
4000968286
168790267
16223317
130197171
3165704400
3089417962
30907153
16957321
17843236
1675346359
559910810
3971729007
251315370
529375167
879073285
3254553982
377273749
27426611
3249134262
14253109
12
127062637
15828408
3216020595
1054876608
18569721
124944953
51442760
3895054166
499963401
2434065128
27929983
20004102
46122979
95245399
46213641
3309258467
61013534
71275139
64558513
2986320490
2854902001
2385659558
34283578
494961839
1709909047
1081042932
105688052
3844618577
21249970
3851808200
256651428
285658202
3272407369
3666596536
2556004510
870309752
1920834342
221512960
90293570
19340886
3178131275
1710190260
181577329
248365104
399548232
1229125814
15751875
36978706
34787657
18813021
1965131780
1431747402
23432171
2157686101
1398643327
2712639604
1587071418
254816518
197133937
558056122
57827221
791919834
89332116
2726480794
810071438
471504594
1018962877
117895281
3301863529
14681336
6742592
27814665
5988062
237650650
2597044345
3313809867
2478762205
727094240
2496223128
165765809
70857505
347885744
3365778088
1979277428
120088140
3316278582
3434112531
3404721465
146995555
2940736259
3403184739
17935173
3226351612
426159377
1131278917
2752071366
3650517256
385041642
3045097972
3330295305
63893446
1283300594
1298423916
2774546433
2424549781
2962032573
3278959290
3130969401
16584730
3438359001
575773431
85964568
2905721536
2929674196
933330985
25070192
355145824
3214592182
2864014804
539994065
403856997
726007944
320361811
3157571715
3443874972
390951806
2494104896
233805699
3015452169
2787254215
15090681
3562206013
1522583042
2435175219
3471409817
192871068
1648959810
241618229
66782749
69349351
238105839
173886858
1965765950
1226626278
1026580699
2382138736
112861153
97264033
95085833
987252770
1112708180
172099272
453559748
3291961496
92191282
779636623
1524781
3593594007
33441336
713143
191533216
2575358730
3320923946
3421341125
3543162166
3533630176
43037125
3059969194
1619205768
53326943
3099934649
219603593
489340239
386568773
221312276
2885078147
376833243
3439044357
378272434
2438938190
17586302
2984296393
458966079
3546394276
126074985
191501637
3258250325
28491592
91531667
382549795
24531648
956170800
26191233
3386600902
1358623896
3428151784
94435164
17237540
3069207256
17871188
3524545276
20142273
578653038
3340881214
3522196695
40864344
15162188
38707559
66778381
1526609317
17541172
2715105745
217227849
193014138
2898604456
156920978
2293041109
3373673533
139128649
368990821
3500679317
17850973
3122699126
2608393202
135674176
101588702
1233198013
3326991064
260211154
17865542
2377103532
1633580378
54488925
763715353
173944475
1058761788
306889678
1127651
19258752
954937608
89767359
979847402
3434515732
3247620182
13893712
256277422
187718921
18955413
397345618
2546893550
586164386
1410456439
2895758381
440397792
2645367505
111887927
75304043
360041612
124202458
75302402
3091119164
3316995782
1362852985
2239362374
3355521333
595456881
34633273
302065787
342710270
2900377593
75937326
291815207
21184460
116994659
15143478
37710752
3234026852
3221135604
1588115198
3404399200
482362856
70266297
21802088
116487027
19540483
17076146
145378129
352053266
668473
855280291
13215132
3299312767
636144198
385276586
2766189458
586384665
1414331971
218664654
2917025731
112152030
1038211874
2226825381
22874925
1240188186
373502633
3426666447
2232350628
3350764467
3235513572
1591956090
3417257051
3098189425
145289882
32004291
1898382380
389273039
3421700589
784304
356016672
580135649
2203375178
392656011
1633675686
3418411804
3018841323
446139378
145681921
909268423
1426100647
5694822
14884486
18175018
28421825
33474655
17369110
248795646
14862639
19809471
5695032
18918483
1160847122
28101965
418797352
3417073072
2820603371
3299795658
375890195
148082851
2696350194
1608070021
80250465
161553979
100762997
2578214779
459757487
123606186
16587322
2875385746
2883954821
338016718
359780510
3343939025
1366937930
262756231
261752703
2578833583
2260956925
785811277
3306158502
18726353
417016440
3205093318
340427277
109172480
16076795
262275420
599678221
322933840
79365337
291814511
334984155
130917267
1519705350
1102977272
3118591615
193483797
366665842
284071322
531885245
489447903
2888895350
37605443
3291680178
105136890
15023025
1441930592
52513789
3014499793
2737826767
900041515
3285582074
100593733
3342927910
1410561085
91103515
2314754990
3298438963
3298618315
608568292
1675579094
3301099062
3286157401
299318423
54220126
71372467
7243252
389889759
751601978
16700029
1087859256
284093185
14245811
798491287
27081137
2649262489
322939484
17781165
15473958
29475822
19802879
2573492658
596912223
103865085
11348282
15234407
163066476
205195655
5405152
701293278
3293908504
2876110380
2916244330
3182488697
1638058898
111754887
268372589
26688762
2181254615
374095894
3387198490
221580114
250238186
561720479
2963532930
19610043
14055820
3106170107
15826946
1171509542
3074396945
37929345
127132768
1920163916
1706744972
473879788
444859403
582836059
27045055
47773540
2809081506
788311514
532462950
1250615414
1956275376
3381573255
3231970290
39825002
576388716
419126080
2561491098
241084391
596657538
2444378456
632538212
1900944043
19409313
105075809
941766942
566226913
2370961154
22353109
390721007
26817726
2360
86367048
874333826
925824896
463308992
572811991
575932743
2826832092
1414130274
3364538057
394629851
174775907
990904392
326847100
538056215
2493964093
1225346707
856799370
985532288
88764812
156989502
107037417
22029897
1857869708
881369844
9891262
904807806
970560973
2260964498
3374478107
3083687831
2260978466
16933716
2149170848
20374729
3158344044
2339412740
44228076
19002934
312178157
60642183
408823762
96111619
3092247629
3241480840
3362788829
3362392695
44629346
96634956
16786977
1184647243
305850138
127760982
316688308
61525178
191540751
54964459
273678873
54281501
75133920
26790913
1482348572
600271543
1359532460
2615867353
3219744007
194397716
147295417
758076542
2241108109
14849816
836350213
2822926504
2311323488
895638247
2338208244
2328767609
2420960388
2985987335
2903651663
16429603
10748252
25116168
14433444
440391087
17744869
402626612
16557883
13251382
2191109263
1457469324
14163914
317418199
435722344
422169746
74724779
3157994608
492759135
245965085
86977818
2418603105
2429799942
3295237359
3072013016
2909635994
2944422908
430873758
22200760
410506019
2382630966
78351146
462588263
956453179
443025454
3254050353
31215276
21338669
559837256
1107950268
19078522
415762872
56302544
1632585156
2374127096
3091197682
474622238
401485379
2835965041
3234601428
3248143819
20450588
3014430640
825948134
3333261580
3333071837
447723471
3108233650
3173235207
612922732
1950284035
216891634
19513912
14057533
266158374
394224745
1467594102
395989635
244431323
47014253
354221701
3330295443
38489581
22593686
24360546
15875119
2445809510
44538298
2577620432
13184782
15068399
10305322
14599117
1591172407
43282773
3244396765
2270717312
415599782
1929460038
21153502
1694568223
3194679180
635225094
3241745228
485558954
2609768064
89295786
1394399438
435302260
16188518
288445186
397462571
71603987
339932086
932967522
169356348
161021886
794185290
243792069
89759920
309257188
1911846344
3240093266
234905858
2258081380
370514670
141379865
395291071
448146193
1241647488
2444552486
105642178
2350451402
1727455976
3145317162
17381205
98188333
338660808
2340856045
101814934
18803581
327156543
625808619
221523713
142003460
2196237020
2730852499
3235272937
2817117380
2834068235
3205627360
3286893419
2276551987
2557915058
1170480176
848504214
16306600
108176118
78657026
145021667
46207473
96485229
199462709
581059348
74807107
2302315178
443735171
245410172
1009781749
194465215
55869856
15050068
2438440852
214358585
1038799867
3219566564
53375207
845115554
9377892
2167059661
74773184
1458631843
88740530
423159995
18982903
66353384
71432974
280192329
139173680
105181465
358819941
17653260
20865979
233358828
15282064
2261718086
35259973
581218116
510860705
2477282563
1209887330
547826546
517219350
781293
2886552250
221775604
166246142
2610454826
1926817705
6658762
55356167
1686020359
2230961930
1456069248
1418774700
2617507520
619622100
537507873
87524646
1464879271
2172854560
2456838498
1966599535
17563527
217997153
495334428
34579815
592236969
592009105
15607327
1200852901
626548865
24660850
2814985341
2488748617
2263594152
196877476
56176257
1053724531
3290156986
1697274050
1613604966
2827782591
65419594
296042634
3170847971
205532812
14061190
3154685410
2871143410
3196711543
87255753
3152952521
16137743
76767521
59526518
726304448
59518694
16353245
39416218
1355682828
2530682551
2776792117
3126830726
30453539
45814097
499439410
117261408
42841547
86125016
185419122
47348249
116498966
246724131
119510408
223957891
2968853345
10054472
123864717
117155376
265954226
2680649437
3177505453
324176286
166022406
2283909704
1510965468
3066797705
3192009729
318703526
26233680
3164853619
24698555
20604418
1462594922
1971113298
1671120624
502183507
2693937444
233860875
25519508
24043785
774378234
182530815
1733380927
19286708
82503888
27297131
253685928
2377958781
16324230
234309722
285357536
1115664560
589975555
16424776
1656919160
16098884
822321295
3065950523
2423966738
617635218
3237603179
547309912
33800271
3070071616
2853211261
33623057
942916729
3135653075
315833761
251655780
214672872
3124557371
75068501
869226427
265260144
2156695850
1976302189
2919951234
443960310
272209764
1135472480
848942347
32334252
30233007
790219195
2595105570
891486883
3236148113
2164225381
562817107
407141780
591702780
136532538
2445528445
1395661285
1361833632
1976091115
2301145010
2438782558
208572474
14441838
3168178781
4531221
133350077
1380287426
2960611408
155651779
52851391
579725302
77829137
133683726
938350616
1093324700
152722527
17376218
2585406589
63396669
3110777490
205144389
353619078
35263127
658733
3216558622
382001524
914061
42803177
47433923
174392758
433559451
3225332998
3231139852
435135788
1426362572
277498585
61008134
53105668
124790321
505699614
213429445
2557166011
1260044826
20083313
1670873444
8765762
18834912
18294275
21079030
243228907
17746732
588507814
1287251676
1330055544
1267585722
22810553
2156802492
2756778469
22330739
2214341095
1290404738
1091217494
3180823015
75297989
226305587
10455532
57037371
21301110
2701355767
2293415520
569956122
1072899325
608113331
3221735177
1411168736
2203194241
2656601671
897510114
1296514098
224440454
1141698938
3552801
15191551
17791359
980902039
117904985
16852067
1379301222
63157272
80655195
2279548740
3334
39619445
3092756806
541951444
879468854
268570500
700042753
1349274432
49991046
1219515175
370783092
3066039886
88348619
210552280
3108385631
39217236
1118462042
589846919
2667209156
456972548
21007334
121895791
229580248
63606042
21708314
609479303
21380775
2271878052
20397390
621539345
317787912
14221895
2847290891
447119950
961846405
14417462
74464747
132747799
78209491
533225155
601883336
165868331
340476666
3131297452
3131271803
2706909306
29813903
14528215
2181072128
398905258
817187432
156167787
3186933106
1924169888
417055276
50200233
28522038
891234096
2480799002
3095606510
2987831295
194343133
18021517
25325260
23094787
69421704
1035625334
1119862910
50522388
19981603
2934134098
2915859351
22765009
1094224340
23780916
41383002
2829265331
1286261383
311568768
2813568764
59750982
1348231584
268878878
365720964
84623395
13904152
17476533
166525849
83418271
70608292
1372496876
1929353910
177796720
138945544
413251480
300395107
2383323438
2376033601
558997164
159012668
3165613150
2860328409
3121291925
361385033
2176902194
2770301558
3002033811
1511250390
16157577
26946348
28420827
238020959
518737741
299323282
35831704
32530883
66182591
499327665
325497645
23077762
2792360893
2311532246
1578313650
32507014
14603515
2467831238
3100307941
202938145
3139434814
3055851137
3112004758
2369351552
112796409
3134271215
2651679780
37703671
2525314112
2651727505
2651641831
2651683908
2720883173
2340757855
2524841796
2714589370
339845317
2714669212
2714623611
1384654915
600031547
1894762957
21956623
614719244
1162212110
274590281
532284837
2279554272
2886736417
13201312
321493103
85839993
10915142
17296792
1704134575
1676105780
114876836
1676433602
1679185459
51947712
630790777
49413866
1284565916
2286027433
17667237
625924420
1638587874
1398159360
65634864
302472463
1181152950
141055223
898921501
776402106
2180921652
1949535379
23138096
95146289
1949423263
2174780612
22107690
2449850510
1325613385
2549906904
211494207
869101988
296582336
739252046
987666852
627848178
37632793
82370520
16331709
265964594
375097206
22171156
274735607
500867311
815177160
1489206901
251582759
584020987
161458551
2277806508
28927092
167306188
1388387335
262802232
36858074
1571707356
148117155
2511556309
2547700101
1362639276
574654527
2154127088
19277676
883650270
707450756
2964234051
806393046
397507908
2374023847
1228918176
2674810560
14062180
1400741599
2431058334
3081854247
22635572
2511461743
16088537
73422598
491815662
95931851
2246165587
2768055348
1614157292
570574417
2710580269
18687142
19735182
40457683
35987573
358196511
259212973
467929694
2375844715
898510603
81882372
18032187
23932994
19679341
28127547
35548861
17546141
28457505
49119570
96779362
67343639
17200375
229182093
32509377
34328586
1451490834
2364207289
18247597
9616062
15535860
27745484
17137971
82480613
103073551
183745932
55319780
3017177561
3101794435
341259220
1916738564
2992373495
525554063
797256925
2866030229
2375896226
2371398276
20491105
621372368
3025326179
3082470283
107454753
16875209
2468109192
330584847
195503811
498153479
1069362740
1961551946
74550977
772294016
16244050
20205737
753713551
302816443
2445856908
151192050
267941881
1032855648
177005581
15396160
2850797278
711422366
19022544
289430430
2713519291
2802675478
2258519335
522024958
317830647
200863710
296958580
2489012089
2201977112
145345297
2790511938
3058916497
82240191
1947605502
380414670
20728751
76101164
563401902
121200982
209410945
124599957
2740000583
379572860
16248905
636339618
25617177
2967805493
34369712
2841939429
18964074
1452034232
531892451
433366223
2903833738
104276753
3072341792
33925508
2935421322
2575338618
20164205
400712175
3001365088
46354403
207421760
22946355
115363159
366527639
17419608
59661348
2803191
82430837
318609255
617784032
39935691
324243049
57142731
124983606
3065192496
21064366
777075630
30291211
92409694
43545525
52140050
61821455
19267615
785466864
49832877
2887865951
2375576516
201285174
409526911
2147543612
546374357
27210534
38633165
25410561
78017072
461242546
707874240
577451683
2277976266
2941079175
17819853
24947616
3066144004
72551675
2273295432
983197800
37428060
3047504684
2959968037
594180245
845091326
36116066
25947455
495120952
14189044
37330317
2562724922
388850360
6215712
375313438
2195795018
3063432322
74243154
58959759
459244096
2694981457
14356116
332862453
19646980
908280703
36944790
428426034
493624834
52589559
2740459471
63490046
632613156
2777204671
2376592298
1410606924
3003407361
378812867
3020036674
3037025334
939809024
1536811
214477960
2540497273
69416504
620404588
32728944
3000604963
3035360836
2999304183
605472409
312902384
467297027
1614672469
390233709
432665066
42896712
9931752
394892239
2836968672
1921263758
337284096
57759675
1912323858
609454724
1661773248
1245090013
124995423
1489339339
363889053
1154021190
501456515
2750257134
2785013684
2351557334
952471645
2318708993
21047311
206494548
202714500
2802059139
2240588022
2835908317
564099543
192233819
19697396
438802417
1006575288
38143774
1647623287
1855668750
477295249
2802794282
748018813
3019975299
3030643245
1612233594
378265445
2289891865
225963864
2801104355
3017763480
2186800852
26116014
2918186418
54645160
949379311
2398180850
74219550
372634644
19920464
12414552
285706984
2997790622
15866051
2992788270
2997578552
1302163154
3016064486
115694669
2363347230
16405467
1728408043
726840181
2420755236
1676936155
2980527600
53584356
55386075
2966253315
222071431
2715745851
225052010
1390061154
27013292
435368535
879010003
188730957
379827883
42651647
21793154
84614572
58094952
147594579
100074798
427900496
15985600
13834992
508464102
896595900
267113991
2446584548
2696682728
2213018582
15671316
2987426572
339463121
2857632877
2894871733
22955263
483040073
322175372
20290668
1444550186
521030641
305827445
14614196
2543086340
179083387
259238518
1172870622
2150122801
2686339254
366175383
246835418
2918294554
158546408
280857186
117850255
313458081
116910925
377013901
117583503
107155116
13975492
82691476
9601512
14481439
292443589
252596444
2988158697
2992869933
1573873243
2994615575
46299743
337357518
278930750
20298671
12984852
158380504
2952544927
17851886
14576841
531949796
1371430628
380602156
2207676920
396929312
2494378664
247810857
1965702379
2321390546
2924321614
773302770
115134651
276660526
201805698
19954617
272070001
21231403
517037826
2364287598
34713362
187963958
131144091
30313925
2780304196
161372707
15181199
2398725386
169944507
16476546
2977061308
116445249
7019062
2387644962
46985204
10086382
239386376
53192631
219017158
2829821241
47605977
407725357
2154290959
773450
211329040
89309095
154608739
368004444
2360650908
600967066
455220373
458857228
2148517157
2188932704
285777840
2616191454
2388154608
2726993820
1257661777
37054704
199665636
595954699
17820910
989827446
18224170
21906582
437588769
16649758
1080753187
407624682
246348124
48801117
46571758
19101772
430199139
323325582
397300402
9233092
2980458689
363801909
18589743
2402548327
2980924303
517908913
65575900
2165790062
1109925020
2542013162
2849300881
15138693
16866617
442847698
16434273
91511905
381935216
103981878
47553668
364319964
156634139
1063648938
15563814
26368450
151772758
77328307
526683962
2201279472
23050415
250211976
2608304803
39465006
20937750
45817870
2561821674
2730352488
1248081
730822190
2724924615
239255514
1722976188
69605792
121457331
283611777
2957543594
108476677
1589244330
407806757
120727770
14340145
152416078
1009645376
1512144536
67713333
131046767
947309084
404014057
296723037
121775375
91372511
628937284
104893583
15022464
27654368
71701646
2350395900
34934712
20427406
19910826
19760151
23426889
42871498
211583400
274233761
19722699
96102210
456128291
2241848458
2790388919
324854465
2165051844
243382141
309909647
2813928786
20207620
427337089
45638980
258598861
1146204302
85238465
20971256
52670412
2246304439
30626248
335246117
50419839
21799265
355032358
2222785716
475280437
1134478200
2850600291
884751602
40629323
18638210
2962118908
1024815120
1711974368
423469340
2959158622
524587400
18903739
533271389
2949369741
2402009862
21234757
551426814
2241486025
24297179
47719384
26061064
15856164
15211440
7745472
22843337
1045751
12337072
635833627
2326203014
2548791728
28172926
2244340904
56050543
2180508037
89169314
21066583
16026783
561297215
388345704
384507734
2886998619
2828454453
2801989840
133444623
485990358
44203296
1708283317
26487100
635567256
1908470923
2508137840
299752552
15173603
20840908
22623663
28436760
1014308798
17542775
1144882621
2875171419
2788529930
1447135560
319789805
477395210
2319375978
1915349490
2294753461
42873664
9618642
52010875
1250165227
2516897582
263481851
1938608077
2678236062
2802558480
39282190
395355737
19984919
2800364413
29340609
14173315
16046678
122542816
2909551926
29737742
14266331
2902159327
23962901
21414150
1210764044
37948483
115010550
160948300
1533803204
761627
88728605
44402841
9325082
136977557
2277029450
1242490129
2176764570
26701934
302422955
2865040806
279922372
42635826
229128212
910877330
29249435
16739786
1072155456
17581639
2339127884
143349837
614644977
1941090002
34969705
129842864
184931891
107391777
2812666794
2874662583
90544961
2840753357
20625614
2915681958
2410969156
365683665
17423147
15864679
19653229
47443693
2898555751
1633631874
1614209437
2836031773
2534664916
2273677436
372534311
2902340279
33602654
17871298
873399943
113039935
40288846
202008988
14749728
49776168
500370398
839468576
2892546849
235193801
331443376
281728419
1148429688
185666045
25502332
26163188
373974495
32312179
123717794
28139112
2498784942
270064153
2583264771
1292065326
91513731
2462509141
36574619
70020543
49213571
439174793
911661313
2547028048
874221157
143571157
2869639326
2878784774
22746537
912617426
118690641
420574055
935305722
81091774
22292146
797494844
550375285
424611247
412607368
2829680745
128661057
390380539
217503539
397350174
525413893
397306055
1114140174
469517242
326646032
121204594
56437566
84525427
605350698
510644666
323357870
103161416
209309794
2582089346
1076270604
378403747
509036518
206455549
2431458467
2168550252
154334341
1959515750
74958751
2435906251
247336430
27468198
18227814
79570653
56179493
83237493
13746792
182839127
23760311
117576644
117932428
29444300
1305600342
1859190696
920211950
114577183
1349693719
554378917
208442526
38489678
79975924
2558067834
33846451
38670441
17163609
25213966
534563976
34677653
14344469
765548
17911125
358855743
320058226
965398848
20167623
546017714
14174897
2382762763
1579667407
2833754464
38625476
2471315234
30729447
2881478882
2509672359
29961079
426898371
33085155
45060005
20602384
35736369
2544264128
206255645
543534078
2528791116
2453594017
21536805
268334292
420798484
571202103
1217491039
276259528
890958751
2471819912
68216633
27335442
144339742
395072179
2761450992
2617778312
1096516632
25820731
342382062
78970944
1544042972
33035944
209165593
314158631
16624106
49505922
630558314
1364885977
958264921
391204521
1232053340
2396350207
2507601566
2313891109
185631499
266304760
16411060
800682840
539225581
2150748738
17191463
159169312
413449531
224695685
2824020340
1347449610
896339209
5361672
2876396036
2842686413
2877052434
573999415
12242992
82511336
289999064
2816849305
15866718
23177073
754470176
43686895
18372260
254244519
15348286
565848656
2710716666
88365730
191298025
32663491
1244777868
28050976
151562486
2791294782
2148884660
972467905
390046155
2690759838
2608967258
20648160
61593294
2841991235
98850769
335006030
324906484
34360564
606760856
65877935
111931569
2802474784
64456502
150180278
120945930
50883284
2247699397
1332911731
535563144
2475565826
963947287
1695065382
47516412
158198443
983260496
16649473
776357264
2776091545
2470247336
1910771
23454685
566013272
529603777
178474229
348546260
488824886
2834065552
224403829
1315689416
292516716
1704906438
2523657393
140101101
2329006532
323191388
633471246
41026135
931450722
149706579
119376050
199846173
2375288959
64456342
112285427
2278617572
925816622
478388377
2849281004
1694365945
2669887538
215662498
1566651842
1564027592
23878088
37532864
14646195
49273894
123959163
2382579288
2728268129
2801263337
1962964634
2798106582
24219192
22807807
361326082
52245050
259771124
20426271
15460048
16536844
17445752
15987188
176932593
159394307
34320563
1909761859
54632248
66731581
330101315
1173014168
153966123
373388432
396386631
114859503
152022144
1851948918
129963782
237022416
2804712357
1769191
105861639
858072170
2845301756
2742954175
427330274
1857466417
130781810
137319302
89253100
44314871
5383942
17437735
34010976
313899111
2422348261
708847446
111584424
455630571
16998179
1560752113
23450421
17545687
107292643
443206410
89058207
604964530
1582206578
1259626064
2483525977
2192142192
2280432427
1040228695
2817222793
1832447401
373575574
80414286
2702011674
1312742882
1205200364
2474452219
1421082818
32588979
1304995332
143938104
87510486
89539134
21348816
19669207
1120098811
370377384
17713036
1875967585
88702470
37090677
41346792
88836132
23184591
17442457
397317974
87188515
2696246504
632338623
566252515
49927691
229826979
14975085
1244087220
852071532
46373782
17871371
2830252279
1242851599
21920591
2560011930
2576605710
860765898
1026021913
2606470513
488271426
2292946350
2815457196
950069113
2699097006
48306404
2823700592
2319587492
2720765150
83500405
13490452
104257930
37561616
16630098
296010778
17363477
4071001
342045678
2254350528
4503491
27737672
2335357554
77315885
199342651
368575967
2805496556
1601175061
545362698
2595686474
1157578424
1887350696
2287305919
384986958
123313980
499894460
28933226
314226317
109487723
20773397
90370369
586410627
129312690
53813686
487731890
14872786
47780014
2367736915
30628548
2815334407
38553720
52758395
189253902
16580226
1018131306
2814051871
64375648
198437594
295459002
2611946058
21199534
64132999
2694346993
159237943
41417211
1660335908
1955815662
2568357396
586167601
166585467
2661356930
45905648
36683668
2769627155
56317534
1128468090
16632949
425278825
140781979
48974298
307360341
494073170
34079088
235808421
18639734
17927372
1219672866
161495054
394283200
43412019
215665981
2790663372
2800677517
827845603
2165843324
489870793
223442231
2424298086
153183615
543650254
899691144
42782644
199313988
48477873
33798202
944931228
412933559
48068105
536943873
2734829371
18723114
20457806
35846368
104573125
256182836
62465691
106542267
460593762
1472866045
14807898
201857425
32302688
39348006
550417464
2688164952
857399432
2729102719
2472261164
2726379584
888445448
15647730
826097324
2598149526
20448698
1439292152
1311736376
82913458
40927068
18061642
2717694091
316327930
52488565
38317061
346605991
212278192
551085238
390287262
42503117
2483410518
2693325878
2714780468
1108883533
53754646
2537061026
425441512
31053729
2697074887
320412098
1917239215
761660682
211081210
449366136
1662485388
2714732094
255697899
413736291
437364477
2574628165
742798658
593359147
1020244080
185755830
26601124
70273076
34607648
266191247
393439707
1444165801
282928610
19637469
206354912
27868706
26521816
469509187
2353933843
195054982
45577730
1684229749
2419536494
2707254133
315057334
317751921
22009086
14224719
21910500
612473
16343974
14499829
380285402
111556423
15438913
46114448
16949344
110397757
18949452
4898091
16973333
34655603
101712079
756340561
1489776218
103065157
64013641
373305456
274567177
308663886
794349097
1553286036
158582421
16218171
16190223
29820543
47336979
580797552
480378994
31510193
17069154
14491507
2587401828
71322014
1671235045
943751
118986590
937783134
2285471886
2255333876
19662097
19443658
22145200
87818409
7905122
35252312
6451112
27315929
2240268936
17956236
192384553
1671296839
254729384
245127326
187157324
18667519
467689865
1169906335
19098960
208155240
2330590446
2860101
94642812
1168532864
1625689764
177212883
60882947
18056078
1887657187
356769849
1355205943
90270182
58838415
2639910685
476798323
1265683544
465400632
151106990
1302183608
16529774
2168793970
709708710
14124000
108355272
1135486501
21945373
2564054928
239522563
44183122
1305903654
35773039
29280436
65508813
75008871
2342928961
861401791
18874383
19495715
2358035984
2172622974
1979252947
46046512
96994334
17226612
35961145
22708797
202968431
397764090
99177764
47726194
621543
183033795
41602160
2487853952
87508396
18170896
24221395
26929440
32410378
147370250
284759869
15808647
267283568
29735775
17455292
2361631088
19627046
19898016
2253816445
26024010
24047535
2612214283
158185796
367023036
255654947
1012489482
213657861
1574674273
1506171278
2594130056
1858630512
1234954363
2583382082
2591276785
316668494
9420322
2548908342
213355544
2590188499
17402097
148991478
22506778
91262753
53723
22039659
130336235
1205718840
396365748
19539314
2590242073
21550696
715474040
8161232
607606384
27944885
19031473
2180030328
19536638
100181411
262938271
249243488
302419437
30002482
400105957
309040388
226122746
1849548510
2149318080
633227275
2491671014
14427626
14980174
402609994
67066114
114294116
142454590
263821600
587574885
587393807
246997068
16196443
488630433
38927264
2555402336
14322163
60871623
1368196544
2292625016
63796828
1372497216
55187512
1155050022
1359364351
515407015
459486147
1382361013
542106276
79944874
394484482
1108885910
2165131938
38953747
1405998858
42480399
2163054296
2230867051
189271832
1692248610
2166827798
1969197901
519952673
1323797287
15230973
32132651
23101387
326453785
2167875860
1539257990
440258891
14774712
519516526
2432381543
77014927
476435340
95273513
216749749
14062554
339755935
569647794
202011626
212507668
187463786
222812107
363212080
1283747078
427774911
27120158
16319022
851106744
142878998
76164792
36761844
279418921
60813201
283127383
16648496
211080680
1729743512
1069351
1430125854
48706362
2469124412
2735591
1909680643
2444096628
78653568
1171892316
25911912
132531992
1954787316
1067123594
1267309142
611489926
17399486
2369389028
2480199698
1064106582
190395424
2510854326
8709912
267191892
60350272
18386610
19551296
23547345
252225857
406499589
332915445
338650980
332925929
707316846
37063877
37011196
100851566
236459451
191639705
14901582
205759065
16297009
1308716185
243262497
44120745
28813360
537123150
15502416
1413130734
18633782
2260514101
2260944566
311099164
2893971
25510510
29284224
486840302
370238655
301422042
282245814
47678782
1347071545
263197731
16732770
2226836004
38140504
2477675905
455659179
15224867
18622869
16129920
50719476
706385581
717313
22363802
306154044
501979555
731556360
32480875
19599353
737040896
20974180
1261694516
510406061
30615929
542073053
44773967
14813500
151843795
302932394
76849316
114535688
387795977
21423021
34655965
204885368
473561045
251456768
241285260
1080670542
993104382
18910471
1946735438
137247768
432114626
537534095
1026766494
52448660
2376755796
14686282
430597447
1292699821
302388186
30217291
11164392
382326594
88581667
396145125
591477318
20678126
14616809
1246924374
257010511
572062434
1547273930
30850803
17383073
71023545
50184586
442170776
227361142
365000183
431932891
270554729
16667486
71406378
464012762
319294242
1850346780
2230485595
14749699
19342625
1513221576
14550448
17122817
64842699
23136137
2373343099
2350577598
38229483
381154948
16935907
38966959
1711239283
134545154
16017753
19063933
33773417
115644939
407472256
815251651
151551090
1732599787
531855475
22623979
31227588
31000651
2282673038
23089557
18027450
17432885
18997068
2425716337
389797969
2281187732
262441788
301890257
1081186788
72978389
2212554618
68375541
430452305
21242711
635123740
30830715
132350303
375723077
1151171280
1172179477
2280553370
1305570091
328998602
524292754
102179167
15183501
60959750
113474827
450453720
366806722
292594517
1536759720
543352102
319770079
58951614
18735343
352012627
216931610
385647436
227109533
27532984
48534208
198832264
92654013
897684764
239919844
20212944
38889506
279032856
6368352
15737610
1252690818
1264702634
163921108
1863576204
494231701
28373693
28207281
91478624
17159804
57396107
608310777
434442052
129472583
16564324
633035203
2331442490
409576747
2383827776
18640266
1687176781
980881164
432396811
347734182
2383539254
2385409232
536725407
2385771972
155018560
1008104342
435344964
25743783
63282171
158539834
25596174
82411462
162088304
300917070
363793568
720116209
621117413
337134932
920986483
430289618
931147927
349719041
25818994
179505337
299580552
1097934120
1183079784
73118103
539321199
410200081
389466979
329745463
104515185
49443870
700118168
72842277
47283542
2288833020
14430086
587949108
164574148
97532053
14753553
1234915518
14975652
2193577794
2270697818
144972081
21798919
214089996
267282720
20348946
190678954
1860665467
36406381
167247742
295784241
488045041
1544468570
576376634
894629492
26208862
228410704
2258166949
1891806212
14710129
2372139662
2361873631
17419575
2372039923
434875052
2341901658
124926975
268550726
2370839581
89545649
334912047
136002245
326790820
2151642318
38722208
296341919
256659681
172496840
413849446
17879050
19118873
1107781652
38316461
264315612
44724324
183626997
164458235
107502030
15168790
1063381536
59734610
2319859916
15919988
38381838
26117527
27553603
296644509
244200123
297315854
293026700
17000495
258947612
14862794
1949132852
154428908
1283044669
17053944
15926727
34464407
20104025
2326016281
68319072
117671688
17111286
1425644274
141339633
2323487646
2291922591
2167247681
493170186
2346875728
23417129
97644866
19359515
195372807
2342793793
492353049
177761707
15526913
353395562
2293115336
1030891393
35313915
731408144
572947202
473212919
9635342
315024285
2298159433
88313866
805004869
228825074
195082560
2157013849
75249298
103821657
55259925
2176147944
172847337
13298072
785817492
14800270
34743251
14761795
93957809
20348377
44196397
17503180
1250334985
20571756
488589499
1897673072
2286090132
816653
310310316
166279112
36823
892462423
27093057
14315537
2302540098
716774309
2315551122
73279220
737477204
109410929
87830825
48858425
2272999573
1250688434
975846260
1624732933
64862896
267924919
115490380
140951152
298217609
969105151
211971751
38359576
10838032
2307422538
248734135
706650175
1466024437
15276018
67037102
74286565
813286
50393960
22938914
98708052
2212455540
137346526
1636590253
5943622
946677265
388517979
2301852505
190307712
73917407
1431193141
2295978986
2299721526
109125628
813378350
1483403275
1375306536
2285597287
259348172
1423600448
74798588
2190906684
2294590508
141513140
19476868
81961201
166816694
2263467936
700231705
10975752
260762072
39569710
113617256
1103572580
858172506
14311649
2291666515
232937039
42882468
2291503472
67358777
173277028
240286075
26284819
559791722
2280463373
2290427563
2290449330
2290457708
2290320128
1155771727
2290275001
277660111
2209884625
1613469289
95685725
262012549
2282572382
531599228
297556877
124087958
115402444
157586630
113489387
70661183
2282253690
47074090
112876914
258847118
264399952
707586169
100030562
2251091126
241118462
2253786841
214388032
50726871
186762848
1551242316
16595229
71456816
1618591
451953177
323853952
18281382
18465081
15249076
2169023419
896090546
2258209074
96687679
917559067
42680667
569734172
1241433806
41150196
274388734
431884920
831004808
1848875034
404562752
37409635
533603725
167989139
617451856
146481375
351018295
386521020
341291366
943803062
80699517
2244386772
20126373
2244774948
23358592
1329865171
20582741
1564997437
2246704694
156758112
31009592
2249204886
868789424
61854053
23094013
19402723
36457613
18995166
38019242
28889083
938080704
24974525
169137803
1578307699
386602548
1522445748
293616801
1545130538
39965213
540366197
135937416
599846145
1356535016
550351272
235371654
306988639
1552637701
15132511
218595372
15473714
128131763
632568632
16322617
37706358
15563864
15530618
29823937
82173415
24743937
15755974
32459031
21410791
27040227
19405603
20990717
19559031
72626765
15393700
40918963
23433825
31205448
124531889
91411543
172072075
103445595
177805965
190564949
56486659
84072624
92162698
187354183
598776348
350718556
23631835
1267928143
28943421
168783827
190337035
1307491056
1304124456
19112165
1911416275
95494624
256363817
243766736
1407780158
1671585252
13649002
1080058020
17450354
20272531
140856920
472710990
27779882
202968305
52687673
23389575
211318951
142937787
322411475
42589739
190126197
27935002
37722615
49416874
290019499
256424454
466722458
7973282
1949752500
705226320
716047344
1093894680
36025493
25571728
65626455
20153702
16146256
336842990
365895730
24236494
136733323
473089502
17631078
21226678
24894213
318053222
382818604
75890868
407395156
57403660
14948289
34756428
60898819
33933259
14159148
27830610
19649135
255220185
320268880
24001758
350970114
16337598
52869197
1115365544
1660418857
713589706
15977168
713605587
1534426626
1955328984
1061929410
234999479
74490646
358389062
2190434178
14126481
312916596
2186586465
453892183
155918866
12611642
257146155
433967859
2443051
33662052
17754180
1949355319
17444278
242495063
291085537
74549755
963765348
318166259
26032086
31839038
2180590632
335879714
1278041918
14170436
291785710
868463072
541111718
1364531024
2190423426
128014357
338920909
111097299
54976457
41592143
105168495
44928454
773042743
14151263
955799972
347931190
2166625807
2165152506
862100563
2176414788
249719212
1535976523
46122174
563738936
300587872
133996641
457066511
1117349964
1202157576
250445448
276573828
2174569544
799003291
1979512812
1146057882
41799721
297597670
149603731
568619875
534393377
52196137
35326603
161876451
370819336
106204010
73829977
58228464
294626371
17542265
24638920
130553771
15056465
73310442
57145818
19496772
6429252
23892427
63303967
18501320
1860831613
33529589
28223692
78979787
28187171
772983
1571090821
54956437
14441856
544709696
185402175
2173501328
378610277
1648177363
147700046
82233270
17531115
232194650
30998103
33360722
1194352734
250121453
65361197
1353945756
1411552897
1261044036
578082150
87257346
31936449
390959011
20924956
2158193080
591708817
419343394
18697172
334048260
40588789
2153066834
605718354
204886336
576332699
1411663369
1237672166
505121678
23443984
86295263
36660112
38372813
38145182
15302755
235893096
1963425590
168190069
276769468
199938696
1908083293
1961306287
27113111
1264547191
37717313
1551895849
85390802
388595556
7083612
562100356
1155688602
417458391
16373266
1952694714
16961966
51737889
20785344
1361542928
33045918
606934602
43848067
603249933
16939942
372492858
998407880
20898564
296624994
149042234
323284330
243633546
868672706
1577433823
1578822230
83929128
1005327355
477734023
15487158
17414661
166230301
54907690
29347448
138851483
1545546103
17396170
29342640
178566085
416690534
106203272
21122950
33972693
136406719
89517086
476837007
20707999
146978606
236590586
1372477886
246404306
1268038951
1311578256
14826808
37106976
85141254
632341632
35749264
17015438
149862163
1547614759
7991952
65902514
857844318
1087841623
20739133
175378976
44903491
370773956
24725678
1480852530
1327658329
180064822
1678871282
466513810
1090800673
328953424
1531412886
934874833
1158733934
44143505
1286859991
101630597
28849462
19230701
38226126
903357218
571728287
1949601277
33177553
16393963
1000203428
61241883
1650637086
64439427
16843582
231240654
108454159
77240626
774612224
19725644
129232915
1458320232
838464523
385292128
176089416
123825830
114142293
211001085
346096879
325087331
112723955
733770668
1941492018
59257007
17576499
210787605
242984503
70105587
95221142
493533362
548556779
563811286
268830189
537449455
511203439
1927293582
18067482
51227412
462169997
152830498
359289831
176788477
1426542584
281031538
529704495
215950336
582872181
153814910
635570882
191364596
1519183848
171070404
18564160
81903624
25220922
52366390
171938776
1344951
5746452
9534522
1260804133
1880994410
991373832
92781591
15860016
65669415
817268
56879674
239210681
18036441
255684314
19048831
269549288
21474369
1705988798
84676900
1534499294
1860450001
510191858
1864754713
785194796
175711277
31166764
1266760352
266483128
360699956
1705984340
167037793
838882999
193916280
52058912
1498921831
1564613400
387469404
257350479
27659232
38148704
92055605
117198511
282265933
593923409
1847243844
65689437
809180094
1267351418
16783139
10352892
224693224
24015231
498001935
435087514
33540076
66382217
1412949415
1712120119
69583544
908688188
349701935
1240631304
1706332026
287828970
1704944725
1472951786
365012119
1694885624
570510215
987437928
81342210
306336508
379212448
1567071079
915514734
61571765
283610339
127497135
163617766
851425314
22538164
389709615
362396550
609714086
1676175931
63491929
980444833
125420462
470401090
128097789
596654385
204403285
10989152
91206387
230944453
233278341
40156330
311139991
611882439
467880392
19563103
87923613
467580777
8719482
1078241888
532644877
8623022
46968094
610210049
1689427868
18306702
757000110
271445515
1389227508
898159280
139805720
1636351543
99173786
1647203892
45815179
53005453
1683807956
212729884
24910676
19668775
1040758742
28583197
135316691
4271691
267256091
18478452
900298560
518959924
1656891
118975084
470970230
19053598
147357742
16486812
24911091
535212326
207648983
47876842
20712819
55165863
24603024
63448334
59603956
124555591
14399455
589113225
547834727
13334762
40385166
56722075
274000727
22478416
589535421
19192195
281984472
79489732
46743752
20178835
40717760
397774414
85891781
23007083
287603502
542050113
307832034
1268214312
280873123
801120980
1653029534
14441354
220322834
1357058052
111667506
1283973559
1160485554
1661659549
269060233
1665037076
3355281
1621361478
1642811606
394879847
196732028
869857556
1609256617
1619846306
172794398
1613974123
39483798
1536778088
309043147
56302593
15476594
829845384
1345431510
1287583542
303412834
27800829
881916828
24247824
292876633
350174972
966935694
71291461
1097361890
757702122
254791849
179213908
326826364
476238744
14521062
115494880
7675082
551992939
597009469
378196762
272017240
519697310
21700719
18930170
41164651
95288208
38958010
295218241
1601231432
43063523
1156052654
1604116087
1615999651
1254773030
163041270
38810966
104912783
1344163538
1606332992
1606366033
799712299
921496776
396398809
1122624936
117548452
1461517040
117029272
1565839604
296300255
815536572
980265632
601697103
614761048
358165816
295746612
14846380
290298526
376221957
1109865229
1599539828
313939160
146426597
14605265
1551296114
266223488
296391169
127894600
1551017384
14526679
67403703
1246060460
49042836
701479824
1532851808
1600434504
367230333
1308884352
19563666
18667704
63786611
15151711
47156870
257795184
43199901
65134016
47986876
14987728
27024872
380816062
18072949
636238973
22241568
16640235
351832943
626716251
418690607
20638697
555580799
31026650
176178852
1111163209
261281450
191181692
16896880
322747618
212264738
477035789
184646091
124391689
15137538
604416116
237753770
234345933
547129505
487658347
153897948
416623482
56004404
105487826
268433845
308798002
39008020
44801719
937419439
17153306
242770970
118747590
238744876
22271491
75838766
220194905
15432179
15082486
17425484
1940581
23602600
799710618
203160833
88936048
313140358
38630406
43107557
23561208
893411089
111345745
138920356
15460353
16115979
65339733
31311412
50706902
353595458
153992365
428929240
469475413
66536060
164661229
343267635
624873462
47604914
228517751
523156292
1566971863
74158685
24700661
1558961785
1554649860
170767454
561652722
37435983
883578840
1547838528
141209963
929030564
234847288
342632844
38532498
253388937
532932119
214645695
74732805
150913355
1427333648
1550620207
39843801
1531687717
1544752140
202080489
104043792
75065900
355886831
27103822
443629571
65422805
384667789
25841927
1350757747
1534681692
119422222
227690311
361893249
68987936
106895787
158396052
309394390
95753389
386682375
1533561890
124114466
225446948
1528188194
25728193
61118465
72883569
8539242
215825795
71691476
22260641
26042726
22784904
371905827
30862829
6450322
404819771
21921269
52133120
311986630
19556919
1298985644
49344076
1238180930
989625055
576952593
1510580072
1381916354
1461653630
824000078
1519017608
504383535
851420822
538714687
17979810
85025700
1127735882
1524820518
15613599
1522181906
143792593
553926031
1098496836
335105684
31088181
1282909826
110757740
1513655035
93890578
79115364
57015382
1419542454
18154205
1437690446
15150655
19267482
1431492114
889489706
1470953712
21770677
1442053447
9422782
1503241206
23575322
372270512
437699841
41352815
337921091
490056323
21328972
407254802
57331016
170202946
15219266
868609854
722242009
1406543563
266302665
6520462
39816453
776097036
782983730
48242931
776681227
215244619
5618162
160906334
19821547
1383933085
1479694620
92895468
148958172
169632361
315343864
30045088
731335316
317151085
373669052
1485819211
1130798947
845969856
309399887
36606518
48020669
48615849
19456589
326888349
1480028262
402744235
164761409
254875535
260737017
213922738
58193181
1395296575
75573491
44977840
181806325
855087697
1350675174
92873390
278785680
1466242135
352487356
64309224
37304116
1449874070
412561913
288343190
760065560
626621185
109840044
3197501
1207876614
138828143
1198459106
304512951
45940338
183661891
43476898
804915763
265046075
601067012
216880119
262386703
479097024
755646175
1435577916
290906129
133190798
83481204
303130436
1436345544
588797548
87779569
380722931
47239131
64240435
55141488
188894303
400086007
352026528
17293337
172852142
583409466
15922599
147786817
356788303
134812110
16799233
564782620
874075994
486714953
196056107
14206865
79546733
23172915
114857580
397291963
48802719
72510146
50790333
1104467040
1206099626
2644061
187558454
768282680
26993786
320293216
31618599
86129983
92144604
401230816
118141600
21704370
106660476
255195161
19077568
23105172
22095432
12286942
483388203
575655913
928464162
238300284
531817241
20688520
132594097
40355919
614577390
100047303
1410151393
911658774
441549856
453222632
426547456
753851953
272101018
252238022
134993381
856471832
599697837
41628133
519086090
1377272365
1323627168
1275976196
1363498598
818201778
1364715996
30271086
295285233
288159017
103620158
1137205902
55100983
461123895
16455297
187112274
19046765
237500205
362109540
535334166
43348496
25338778
14063950
78669790
307783196
153813211
151030502
92354930
378466384
1345481306
987917749
181740610
143629076
237893980
819856188
1356165013
116889785
1336699872
626825239
162535413
1009377566
350424151
274063094
296476788
1077802308
301164011
1337603888
183171024
17258849
587901970
1060997204
177176270
459640800
54620808
150794946
135537626
256098674
270376038
133003803
17768235
281611141
97252753
67434846
413308631
15486468
436138083
285141815
25324110
127954212
16244789
15769734
15008539
121597650
14454605
290167806
68852114
1242230737
634112471
228845995
778427430
78056621
876446012
1230813163
43540127
62797991
762116449
1227942846
1013585586
259864333
17107931
17683048
155439838
93713637
398129689
48382424
281598440
745320876
620866749
347276297
938704483
1321669902
337886919
1323963763
86292908
14837383
148035544
1321297081
867920252
35005803
609451332
235411934
31350654
82892648
1286506417
963063775
567621316
529263546
48715988
14031552
158077107
25497987
132291569
32340834
214699596
223300719
355761891
538860914
602176605
74160820
602065216
331744846
121985350
928760400
473248571
248686750
15837712
1183564994
16688576
1907851
225648595
180283449
109434119
19732332
55337261
12607092
1229638309
61693730
342072030
612878770
495498585
274132854
120165462
860525720
104870969
469273687
627038379
12787442
1257936608
382827939
603101807
324504707
8932272
234367247
1265709638
79544145
400752793
1260012025
143171779
272548045
351921968
4894431
14252342
378177038
58301378
351659348
627934074
335684043
634348587
17386029
480582261
905109390
19766166
285403415
361188022
14286491
427062492
1240724911
83909115
14086229
491533811
581398249
404182021
257482404
361888051
617133
93574439
322653631
454127006
1110622244
256793538
14834878
51305926
20280065
771561097
374378875
544481207
17314987
273615113
70725281
117817153
30860604
16621556
189172089
110031075
86493795
526226529
27295244
18723397
253503499
47442513
149139906
98395292
30431081
36909762
485757615
1227246097
259360537
1228286785
1205345400
539361899
910255826
428373620
323946215
1154958319
268297887
113740810
1202774803
50778701
944467933
17457244
1195525760
28954974
29575969
537222561
180006383
19040635
14313922
170039453
942748020
1022127404
31253571
1092624080
562328466
48695135
63537234
1202218640
6977272
32703538
856878282
538342587
749915568
745641494
182553291
32808160
484118658
25619210
625228461
39585367
346807101
16869849
419544231
17115693
53381779
278715769
19596074
300735398
186154646
23620961
870397447
1385211
144748087
854885672
92132955
1166809116
60052109
404177090
87179032
944673888
635019251
46650231
34911781
1176880723
396827323
55470147
1177110392
768157045
26074603
17905977
618201967
29179882
15163872
35024354
270973889
19210703
17419655
20713213
932917807
14410756
852039852
19982434
47365909
772017402
376155979
843848214
202428376
297460701
595373499
223669139
997607575
492550081
161830228
48180033
570243849
271083470
181348989
769678202
164441127
300522981
490012520
53893339
29982331
20050746
238286255
988921638
35994054
184881825
87244412
54641489
185695070
70666275
19965811
6418922
492248801
18247542
17546952
208120290
782615960
17991744
568550309
1148638734
105918870
1140688806
77974633
23690711
842669612
153863505
21917716
52238172
112475924
37705193
110772878
17385903
14729597
26858764
19808176
128292609
22931893
277219019
89859520
53560219
334263857
283349262
908401382
224631899
82255869
121428475
1138314440
360369161
1128132072
846083965
87511983
26269076
415197185
1037393900
882349868
325093276
184737993
56477244
250815009
28339069
95245460
584192331
223702334
27385436
135059355
15245706
23682830
324896218
937570435
868171183
334094849
9953242
1113133904
137635095
100068931
14750177
1064850134
467304938
40325876
4062791
935049596
18432332
28405767
30698916
63452801
167791867
385171724
112490032
373044622
14529545
426619177
416882782
17343006
33257141
390368948
43062005
14884989
289845565
26983187
388392482
624476663
451609354
49354895
37997717
1025085498
174336290
57694574
637439682
354472005
50690435
45001035
33666195
297727732
50933459
190087087
231916274
14431633
1071783692
859505257
1073530544
24221330
117064656
312320294
266668649
990131071
597569837
131999950
431882214
34617752
1027521734
1060638547
28414358
1061776465
1062658062
75379918
63738463
436083917
17108182
304005870
64822247
515397870
14673628
1063868797
759184088
501114307
21114887
816635599
389119543
1028550031
106841281
1029867727
77231703
974392782
131579589
574983669
759485071
48997070
332763179
360258516
921710042
40047196
990595098
810808380
1011638948
1011638948
47601538
24583403
361284534
18985501
738769225
35295305
113632080
77024543
147547888
38656864
1004747251
582106095
329647545
104070525
29835008
22441455
814824506
8779352
561886396
978945866
18556821
133915276
310354420
243224758
29270273
958046214
395194499
250137376
218664303
19979844
23045918
22419487
636417348
359920994
259277766
17981537
495517322
298029693
14880915
17527449
19084034
213343326
322479448
41215558
769790761
23771696
15458277
94569565
45516390
352448762
155748301
480010097
20406802
23748491
50057127
87508937
942551234
246877444
851429221
947994222
134754881
858313254
302270273
902608980
489950732
176191532
260908660
29394010
16733690
55239090
346687276
24875963
46210573
453859106
104557521
323347322
588573552
593295967
15684633
264996627
48129004
553919830
211975005
123585726
618447152
264361466
271666771
88343462
904205928
50803905
69658921
772178892
612039411
741150194
88642597
32799889
44261504
27031193
901221805
243747178
359086323
17240190
18481646
128813223
121777206
138806383
280332783
510750603
393254635
629844899
125441810
60633599
17119648
121869155
574500142
846197768
117022133
731244888
901982785
136524387
373483300
16047198
793259342
788524
157696400
34545483
565033747
512113807
468409492
27924685
57592092
43931129
713648564
888791659
858580375
627784148
120418926
93950513
602924515
749940908
43606122
125949331
570261432
85050102
849597630
34954881
290149636
285828868
49185855
768562657
20999555
40221991
439749649
18414364
42750199
875537564
20526984
190840128
29024460
146569971
116867280
545388601
50643002
15647676
60672183
478335496
74748331
206324274
31500079
599677031
608077977
200044230
581868652
73181712
17629860
11548962
140427956
259050470
16228494
72492782
863421451
851623592
634109297
448295088
851489126
14596296
286064549
528664069
864383419
22903419
11344702
31052338
219429417
835951466
16807767
722686699
25918006
588586596
543876839
82095703
322643721
253184910
117780560
369574945
19245184
24169451
58963156
55351494
577178402
313890301
171196724
20531154
177684507
41585239
20198534
90424954
20361904
20693661
54664239
532943731
15349827
843913490
78344516
199737585
17567533
837045410
28970095
18008815
15280217
713192172
188882079
123582098
138845026
17061155
175150751
455008787
231796277
459299546
377150513
1801891
18608758
456361953
40305935
15028704
271156299
222080924
14498563
95234180
416384672
193986573
15949242
15105886
19585645
57309864
479447652
429169198
14095644
12993382
463157089
326521014
33829414
43213031
468743137
280527272
599670352
233364902
15084702
244255763
150757875
17202633
10180222
112032753
317390762
248269543
811634514
224392992
811600645
12285052
108225171
809052500
439281831
200456671
235600263
26616462
543700209
11824072
800266135
222199293
20446182
590368542
29163976
19416598
14162706
162003169
15122104
14801264
317216139
384182912
22870748
22671862
86812925
52825386
229246832
248576207
2444351
135589569
241278137
263431824
85941409
19360666
325688264
17881832
787236182
246865609
202902841
335490489
479661995
198426285
36289839
12731352
264138087
139199975
212536050
68844091
110283849
472272881
253228940
90733762
463821546
98877698
123060635
30551415
262885665
529153113
51269871
339756681
14532450
15249699
608724203
16036583
752082343
14072049
742969975
746302129
558967792
122777822
267569987
129975687
93516167
101068834
321346435
295854265
735453962
26299143
92598387
624306981
494063477
742670815
45196529
45677630
740109097
621102394
476268348
298742096
42418669
715092398
6186992
622951700
19968827
26061307
11197182
189832674
14396191
19903972
240807456
713865349
152899232
715565384
208956347
274453419
712493532
525101220
261473143
71604503
30726617
22079056
111020569
22042918
235072498
220665360
529942476
197451444
783214
37758688
48258394
20441966
221132354
618081593
15160866
407095319
321026466
606497267
27518878
610831043
77266639
621835593
605216231
618159520
226695073
86145856
625023398
15172980
260922303
262488312
627328101
624666761
1377801
23620032
614184237
584072687
586782326
56919715
624539020
98723569
253380643
84559382
100492707
631933487
460518102
596569701
72801963
260900441
627140161
180456522
634325483
625873987
91951516
25950355
514806103
587875290
82920974
17586109
275690183
170325655
19048641
143086518
94509573
221292469
383143469
486842490
158421869
461186933
56685979
389033733
42686056
212448611
14126701
182840025
245021964
242328548
11856422
15803034
530953483
43817816
342904778
185393327
6076282
35315865
454952766
561976679
601229397
399478082
43462357
16029156
30721392
239879028
245545600
19039108
21366675
600014032
74799761
156094303
60427596
137139925
486788669
23442393
45423876
80196261
8518982
18567583
553747023
398801458
24190468
130792364
595686345
21880115
95104763
353081462
47198234
15735740
596223597
596486742
352187445
25140707
60184668
16492071
564672462
590359206
590815925
161808484
529564854
176024190
580027910
128014367
580279172
40206761
575832877
222128742
277963637
285165232
86280803
174011051
249459871
493752658
326623626
581494987
578473908
15041654
14062610
352912433
52584039
406014990
87223964
93038048
18089292
25255526
14897792
26089718
15364617
331583882
353615907
7144102
16032480
38149143
79199981
25102481
21289426
26723969
15536303
21332293
23666998
7431072
3935341
14091971
21257779
26444689
19467685
14429262
29538964
28611038
36689748
45373841
16079276
20529914
132858456
63049620
10094612
13233462
15729390
27023131
15846427
14899756
16960160
57501204
24437704
18861932
75424722
28862870
60646899
17750113
219655898
10136222
201332618
16244797
177274780
14617444
229711796
314758565
10564
97398563
166471291
538329023
107776272
227431793
90706043
37004986
377513108
49270737
157430117
127277969
168260697
17027836
79310310
89268365
293110255
43937824
14994410
125577941
56407807
12064162
28553287
23609696
45580925
115930154
14702922
540847745
59645583
60882677
124237063
546871833
34178462
542239976
16061814
187121089
125620412
493368043
513454591
133239513
15097615
167418063
19033795
243592010
199310242
59220775
294692715
351934316
21611239
487833518
304298026
62183077
90699238
279170043
259088313
329600057
46485024
97518611
15757880
18821994
19679561
303598509
198639398
274030199
38986663
4502171
14053250
19843630
23675897
19772938
12190892
19813345
18537317
16656236
278446404
263724774
137410173
154455907
262887338
33279328
19332174
121644896
53755499
466062053
40262636
295865792
119593998
191354897
35031967
70934114
257903608
18226927
237409428
479856619
208543176
325126593
223560830
125680195
464159257
492806249
14757554
14592723
15754238
41613603
493413264
485695025
242855659
17445744
32331234
14372104
31443503
64554479
425539276
381071999
449206361
21234787
16985316
57484067
95972239
320210499
14774202
90081880
14324284
466873475
250341023
318625330
35874536
14097382
336294380
397552950
330863835
55586523
182677243
456643477
26360563
42558652
24165089
15848391
222326932
142462038
14887886
132112504
25911191
17004618
21421857
16484374
297142769
406719867
205627219
55246137
197455892
29717083
12133382
58113278
47983577
24948659
16465385
356733602
347144307
49193044
11107172
238349193
17782359
18244332
14062221
11274452
25489197
178845829
439084607
73851045
291831147
330646324
326534418
427386521
62338435
395234876
381001316
17053593
136471776
5087511
300392581
220392214
14924849
17003031
435207812
189547056
20638800
26853531
411488913
436515603
47266379
262929220
398999472
37097684
25409822
374654155
438540090
438780158
437935169
437770266
332463811
440500714
435920606
440725615
288678466
24971148
438960340
247085024
335242355
222160848
434473332
244052318
81849860
28540932
451922419
446313928
39365101
427843313
116563109
15729734
446746286
402521588
313168635
183415330
21323022
23288546
406942758
384506006
449107440
118196493
295279151
119934241
283687745
264633081
14640557
453181682
268399611
120779349
319592139
452860866
67976245
325452720
22741656
287733528
392616521
445204724
157575161
436821387
60956542
426216787
306302327
67301517
16280566
450964157
109043492
442942926
406736801
252998687
228015307
71297305
442065880
226691837
136757859
61853389
25562183
20821119
74478819
6705042
819800
17899109
107174526
49107488
6134682
58756672
27596259
38892114
26714376
87551912
20746250
136325501
46029871
270565078
14461439
152889033
21942174
180273692
92344830
14461298
48160604
93655345
17221246
14741250
95363183
1450531
116877838
164353656
33998183
17842366
15492359
621573
16895274
28519391
432542710
33697736
14155350
367195155
45202786
194567509
14977662
115132543
410244108
424179854
22686304
423556756
66568198
308783798
110116487
15276911
251502134
15060148
20026466
16664681
74171204
17815224
20186316
67003972
15446566
65007412
203470497
221052679
200634860
48032694
131921069
20155760
133801111
83987145
20750406
38530021
20342875
110630743
20620350
13395272
28336682
217450953
380499331
325138382
16122379
380361113
103638834
17918545
37376499
72676037
381326641
244286175
356743061
346515319
346740364
28567809
32523291
41650624
57214964
46161991
7093352
175169648
72791208
97009252
128564900
20187065
14282672
17471979
86538102
21354462
191563802
123858892
95265217
96253785
262365030
87569989
210672830
177502839
21928178
20746400
31388025
49803328
20038221
206417904
36641167
23569718
16866978
24214044
21206042
17480797
52059918
807095
19313995
15737554
63202045
121546471
289023401
18284047
293116923
52498036
18065266
22624441
82985064
48564118
34760291
40047360
269700525
221495591
18999920
208988759
40084258
65713027
19614296
27552112
5762302
19767193
124271997
18516710
135285451
173835882
118266357
25316676
17042078
16227629
384494715
169633285
8266782
264273215
15224480
92391733
47586577
82303907
35814702
32427234
48289662
321507436
18585425
51719020
55295275
213012200
20478716
58788614
312897818
223529798
13787402
80674260
28140646
25053299
296433450
34968878
337873516
11620322
16172894
14534523
212299083
109339635
91312237
30871292
93015504
57030951
14343392
16645335
16044589
93932440
112838571
8814152
19631946
18499709
74599038
74690215
297719472
39351968
183548902
216793572
277167523
218892908
48966898
15237935
17374092
59024334
211261440
61695176
341662440
119060508
185910976
317544099
49549124
228586748
130902749
759251
3108351
14148802
19578190
14235127
15565076
176371365
14989516
16174754
41182253
22075295
28160998
29600755
61780543
225959366
27234566
141242032
232318831
1046661
5392522
233765599
27143494
20122754
124591005
14704086
17448943
81124540
113193523
87715935
175691292
20278673
18556652
21880565
15825547
31521376
102754598
21237942
13171622
32492934
14267832
21155592
85906238
16245822
11317392
37334808
15134240
26832834
65633697
21581503
31484145
58489734
206128869
18477428
191268312
29812651
16150688
35306978
15893046
26748889
63183702
56488059
93244606
56564230
41561657
22763701
17089636
39537053
17292623
22028564
145708889
82788404
159589430
17897474
17560765
93963880
27320089
30898649
151821739
18168650
67766355
112544674
26759915
188483920
36078825
23330343
20065842
48110818
19164430
11579212
100601004
83221847
82683644
21480354
17002395
81938389
25653077
47730394
135528262
26849735
200219772
21218554
36982153
14251225
174740894
18655567
211679496
22219572
171566372
15859033
35812001
138096547
195641337
14885549
33669217
32372834
135200412
19256096
19019298
50318478
71323069
108185297
18198832
154221191
10742132
49744953
19775838
45997513
73365085
39124394
20410279
23576240
19035917
106276583
21323493
152072103
30912452
62016822
21225233
41469643
147849757
2374611
45853052
14085735
155230346
21744308
38673866
16356891
25655139
116007864
7001
41593114
151493561
55818956
145694646
36111854
153508465
63253521
103187434
126864490
35304791
92640922
137010338
166789201
27080558
9732462
90148711
117357978
133401603
162176766
170825726
171221333
59884207
16803651
171411817
908161
123823467
171976618
14573657
171131696
28340841
172388448
15452635
73308989
95610582
78402939
13963012
14142650
173492957
56745670
112231261
14558384
28872343
9361542
22462234
54983317
74339118
76733186
104228250
39516266
175988636
46300208
174954585
39466128
32845955
92838931
166060347
49784732
177255981
121687455
60356533
131202922
53439162
178036636
15920055
15895251
123933252
18485410
14000542
52006177
97264824
47633327
55586971
146276050
163406172
28023432
162907302
55058643
22792359
179538725
32760936
181335560
154207910
166671231
123560579
70266218
135211322
62413124
168453504
106113581
22023030
128546949
63861888
183984057
14206243
115487545
166877567
126614385
61498063
19182236
185809291
41651194
178217963
116455382
182377307
7079752
5405512
158996955
14620124
20187758
72932070
12819112
137836269
19837528
57346365
21242028
59855448
16817883
32160273
102094857
34222024
6612402
71210524
24196664
39522692
14442905
44418062
2139671
92010665
33249457
171221404
14137885
14269152
15400067
24167460
69343923
62602259
41247118
19658826
19402238
23962323
14085070
143912910
15912113
14199378
8963722
17001646
1769551
1435461
8510252
37611067
127910801
56593116
80934774
17082745
20444825
130579391
82336717
32624460
110350354
130241862
88914175
21704941
29881875
18048466
41158784
115039678
15862891
85627837
31461371
39924174
15110431
103290257
39694489
20815041
17278322
37921458
108655269
16843817
17051344
112017535
49127323
150152322
62862144
26571599
148827435
86626845
58366806
28879788
67333334
45321857
46034070
50758087
15597114
87997689
16907552
32615991
33277722
39259078
54475013
15154811
41528310
50014224
37732219
89185925
65712206
34552656
130080405
50753411
44732412
17093617
17068373
16678835
9780512
26521820
28173220
17083959
21237486
29726578
59221014
17047208
63837338
16274109
18179696
15497622
18294197
34675456
17045933
19223163
40515581
19767106
19766636
16519380
15974185
30005585
20695614
26041146
26826348
42542492
18217316
31442450
14258044
19269120
35820490
755959
13787352
14647570
23085502
18208763
20812005
16300786
18377858
15755223
44438256
15496407
14738561
18246132
18241551
15828654
18754768
36814136
20749763
16852081
23962312
16629477
17432932
14043142
19341895
19658936
820582
17251787
16103023
27046692
37994694
