58166411
2964950313
23368357
1383873415
192256500
54730916
265951464
153529375
3034477619
429900779
3690204503
34402237
3430890617
1610475878
36104673
21159536
232605794
233846442
135184183
2940416010
133791202
398703494
2588929422
589500787
2355163250
25973362
121350422
53709142
986221814
226109010
65873229
176218085
202572868
219915520
11990002
15459487
266102331
351120982
249245102
42661220
356413288
2976698787
287028602
245272915
173133339
43691352
279731693
20874566
79157040
336083669
151122709
2813503025
188032371
101476381
869433018
24192258
103991614
1392377857
108580615
27546805
42209165
393650551
816921253
95083463
271609014
2329745941
2653481793
2230794215
800268534
547161033
155353228
183614010
201669203
103027097
243558404
2215635859
109784359
602468601
320595509
1397891959
495497625
1433403864
48141619
35451569
45717835
21211965
53680946
1367115116
480127470
768375854
196157593
17678492
176811818
492175190
1650123139
77226750
147509871
176796333
20357922
21121640
46178892
33629027
19078780
17681360
367942114
20907248
443430244
22923567
153044548
35793755
143552117
468817006
384198024
32483780
164848040
462319887
38848610
186968753
79449809
167911788
215776812
19446041
194159259
330946326
19196403
90838978
34144915
144087648
112539047
236120475
40218990
59458179
77655905
82253101
82212001
1233614784
95918370
39975403
89123335
346277836
42370909
416413883
214815910
130012868
38055392
382739873
288111624
232435585
236505870
85315255
73475948
31541065
189168286
135824147
33472480
35735895
26815193
308119119
176351843
304901205
349769609
438048429
27962384
147909538
437491579
112751048
189609509
194740590
594820949
22059388
237007475
34451019
485965831
447998693
23137747
154751587
69021389
188385599
18609088
33388399
60348900
11225192
178683454
32693725
21424825
42188336
231953929
92833573
227745669
37939712
27933437
244060730
84176575
135109633
255019703
114018511
302878677
344861130
16718972
316683865
84680033
454047437
286466793
14706139
22651134
18601182
42745507
249068277
339606968
243556112
361372827
220344560
51297133
7499
304530941
141253477
104213174
546911522
192575711
35305273
98892713
266930441
103573899
373978904
23639699
18098723
475632110
551647069
171428997
455089174
307523945
141156908
145029300
292157026
120855951
154123844
131066462
460293181
25975036
87259806
47341036
158539271
271948338
101074050
33496970
88821187
131757366
80117220
372359541
177544271
16950645
186405563
141568596
203917946
16948168
14757319
86378661
112661511
95442924
18037832
282679044
449717001
190278200
77997521
145954040
183671242
281229322
327305714
225390600
70725673
59844818
262078026
332108713
39546343
255651137
18306269
276120124
269256179
275995415
378809160
143755984
73431381
176044774
89473286
15428835
198910545
114307494
37980313
69539280
178354856
107991131
18094952
85104544
373882623
71000948
203088502
126192849
106239292
188913695
177742459
183992600
151987988
155552658
46556262
41304950
115628224
249645465
57468644
212494307
92948421
217401894
14557298
140561628
331088118
19810518
242198612
45009175
51666386
35455609
148840410
70629672
39231901
25266703
83876527
85883134
57887546
26141436
25810853
313181592
239599225
81980626
270057190
119016226
150200928
204985761
36889473
67158396
25489670
213281520
131153131
201456095
10092762
58526801
57646501
69864648
219955152
34000944
35966770
90136873
82165669
17130422
17362891
36058637
64522422
36364052
17902256
133227022
57182930
31480553
36806221
142070691
47310026
124128806
32884381
27238491
35429715
20337475
23584333
79505502
55506749
78182901
32385083
49813808
29942534
29291858
127312993
75465406
37628261
143158337
92245972
61585293
50093400
24955570
176621016
46986164
794808
177649885
80895799
68349812
157987615
1051171
38382649
114235539
103653770
14911067
39488723
73713248
16699452
128022083
34501111
98342406
43761654
80286460
13434912
61234164
25384905
37242363
149067596
24486106
21860681
116799581
33509142
41213511
26759834
43733564
49818181
16160687
33487636
3634401
49553725
137386741
34006192
131568298
83972205
55577810
89657056
27192460
82069889
25259962
48677533
6718782
51241574
35803565
16865055
35035874
73426518
42888124
37601149
14305051
39470235
87944731
18378475
16683014
39956618
38920431
18599709
40016029
22641545
53817066
21474245
17345500
15998593
31322556
69181624
1652541
25333609
31071663
27378742
34288864
19658826
4970411
11991612
16517337
34590870
16995728
11252962
22916865
16273831
23377569
15199327
18510725
17409452
35787985
50450798
55623720
16935292
21581324
27443744
31524221
