1045954982
156167787
995299098
2472977174
252794509
2373958050
1337603888
14000542
439281831
123888583
15497622
420443380
27922157
20971256
42291620
1732404680
1241433806
18700629
245682624
1769551
621543
110397757
420574055
16640235
28567809
16949344
27013292
25950355
38489678
309043147
291085537
251502134
347276297
407068486
256793538
76332033
14313922
38372813
212299083
760065560
325138382
86626845
14592723
72932070
386682375
588586596
785817492
1268038951
98621408
562328466
12819112
15282064
14062554
346740364
95245460
38530021
297719472
210672830
226691837
39351968
26616462
601697103
228015307
390233709
93655345
782615960
318053222
199737585
1198459106
1547838528
21218907
408823762
14421900
130902749
317376736
25819761
322479448
33277722
136757859
302250081
757000110
21704941
56564230
218753045
49863565
218609170
105718980
314374117
102754598
404342491
233358828
58019290
57145818
14125515
32538235
15984512
109382110
256066423
95273513
122460052
63626312
24627188
262365030
17921602
263595467
23631835
73284188
294899034
20966560
14441143
263478063
18904967
22248690
86708455
64681578
20568083
16965547
96495126
23801638
37664657
27246908
72423087
14971707
280192329
56473163
59370946
54583061
19077568
71276513
14951123
20272531
74732805
121779623
34299110
56879674
95972239
182886164
321507436
40047360
18223753
16221884
19612317
22921526
34708125
96888699
68506542
15458277
30862829
18192818
22708797
348633858
19866236
77486927
132112504
154207910
500150627
17047208
46247561
203470497
137410173
18294197
14461439
197775660
100068931
1450531
38799044
18969341
19332174
15122104
296433450
82985064
228586748
510299417
278446404
152889033
26316986
105889762
28173220
26024010
14987728
92010665
33360722
485695025
84825820
54907690
93870127
41100468
229711796
52758434
177684507
34617752
208988759
491815662
482411862
41026135
51305926
459540547
437770266
397764090
325037775
299580552
303412834
14670517
16240525
19843630
291656638
300917070
200456671
15084702
31461371
15166857
14442905
18090786
129842864
114528293
108185297
151115866
35306978
222406764
17969659
6076282
317216139
22870748
169633285
14431198
20000164
14169855
268771297
49119570
155230346
24583403
182530815
14162706
14741250
111584424
347931190
8518982
331274543
179161430
292808416
29024460
198008272
25140707
86812925
19267482
65007412
17187713
87508937
49270737
19033795
71542880
14442567
56488059
14442554
74407434
14442889
166194338
36083751
22684529
16103707
338920909
38148704
37575172
20821119
65053003
218673086
95732573
67403703
260979419
242800713
22686304
223560830
19039108
36814136
18754768
216793572
138726463
14163008
725323
16656236
106226912
50318459
133239513
12993382
44732412
34552656
21744308
14704086
29158353
38149143
171411817
130579391
17432932
62862144
103290257
8842302
14126701
17061155
58756672
87569989
293116923
236590586
118975084
19767193
103004948
56407807
18428311
16896880
14324284
85906238
30005585
8266782
46300208
89185925
28023432
39694489
17278322
20815041
128014367
47730394
81178714
233442777
103148191
108655269
182032037
15755223
103638834
380499331
17527449
183548902
13835612
269700525
26714376
16783139
14897792
17083959
135528262
112544674
380361113
235371654
117064656
123582098
36289839
32615991
17045933
243382141
29600755
54475013
41592143
95610582
119729504
67432574
136532538
32441895
181914781
34222024
150152322
17082745
101534369
259910222
224596524
19704268
180273692
211261440
41528310
29726578
50318478
77014927
32624460
37334808
20531154
31484145
18499709
38892114
16678835
14055820
30871292
17054817
20750406
49020544
277167523
46145761
2444351
2443051
107174526
12286942
177005581
314758565
20444825
48160604
58788614
244286175
820582
19313995
14738561
16274109
17089636
47983577
19578190
45820838
14637833
27320089
195641337
29601340
112017535
9780512
19019298
115132543
50753411
93244606
29812651
10180222
44438256
17509945
22497950
16629477
20198534
17871371
7431072
7144102
18062982
20649686
16580924
7544252
32427234
50014224
34675456
28336682
57346365
18168650
20749763
17868090
74688765
33249457
83221847
11579212
22462234
17093617
275690183
33279328
18516710
37732219
71323069
15492359
126705042
59221014
141242032
183223458
162088304
208572474
300922257
284932030
289461402
164353656
56593116
97701898
178363987
32372834
26832834
14461298
23962312
19837528
71210524
82336717
15154811
32160273
56685979
74690215
130241862
17248121
8963722
14647570
21581503
1435461
15862891
19402238
19658826
63837338
21237486
127910801
115039678
41561657
