459643646
794579605
108500536
5392522
2893717685
537485153
858475921
78008050
277708892
428333
1536791610
1093090866
34441549
284577243
813286
633792650
486303620
104694598
65290008
249654507
354647511
19777398
15485441
2696342742
16193455
413247096
19981630
9971552
488650237
97610758
214157202
84481996
284871224
26810777
8539242
29730065
21114090
39837478
33576085
74744985
16245086
33726536
106488533
36569263
707704944
42880655
332790565
241914467
20412528
54458148
454634343
790068216
16129920
301441202
168723831
273459622
181639204
176098059
206318994
486009115
28516608
189295149
608547225
314089782
37152881
234061190
229520097
833648491
29196754
388913051
575846995
191587334
15338284
14676022
19852561
23148096
14969040
62134906
19852484
281132768
279357743
7117962
12039612
759251
93715293
94000180
10946932
29293808
42155888
309508801
324974454
18784113
15846407
135986913
16098340
17220934
386705651
16540384
17204399
15899243
15816918
556074094
9624042
76302879
119432979
716973566
35077549
19723391
386268556
185008148
458977571
245879011
205073630
466799505
142038231
212103526
161316403
123133523
145086092
16468790
415195843
19401192
23018959
181963291
109036384
291679095
316690610
68193119
28465934
16256607
17131847
302325586
