211456083
186360813
910502592
25979455
25069385
3168368208
3378510209
421445070
447445544
3102352863
2922696154
540668200
351583578
22568011
28101951
406816463
243222172
18098723
1184174292
1857561595
1850794992
326277920
221023614
2919092371
24853415
159425956
210465337
32468078
800275957
2597823481
53136959
270926812
889137438
742972700
120030004
386258799
2841137349
233482042
130407191
300875329
2461356985
304379137
2912598209
197347638
487899772
2611572482
19226651
3004168229
2558690832
155978022
314152424
220887052
42953038
39966879
471804694
14350245
323954578
15423546
23929503
2683116827
2876393283
13478772
259738844
210897934
466601442
2975351630
2215713913
1613032946
28658062
1275820058
31107314
270287666
77558576
868588230
23655125
22388326
632854197
399549901
2674016178
1109225683
83779205
193694345
97268285
253251287
399545986
61191571
1878359768
141864761
1647573157
289195706
76117579
304479008
65605343
123475868
754112802
377049679
2341868688
10060082
1647045372
44424314
141498486
339003677
2534909740
581715767
23584333
606582227
92086295
106003527
2777967071
2836292672
41335658
63143452
580064411
30257834
949279837
1137972109
73231614
377328685
357373868
78615375
20393823
1595550740
32254474
29140133
1854401
2390095775
266511716
31541321
209789289
429949296
330349257
1050691124
337234645
14899492
45408995
547879531
558643970
2436166542
256154088
2413608611
124436459
1677826639
706284516
398577240
140544727
1620533455
501761443
14858989
16448936
36310864
32403116
7239422
30087606
18028386
116872306
475668325
1322129574
2306356428
1134465295
2192004090
1418757330
175711277
85318467
15145646
284164885
813286
2561087288
78603672
86279597
16683014
822938108
385836707
270427792
619730393
33804071
116957607
48476482
179503822
119049214
18949452
33388399
57295940
2341757372
1346626063
561266861
1339835893
38704343
244873412
606872678
489722175
64001425
36132639
43105334
58354465
504465785
35784814
359734726
17006157
11680312
19224439
112440440
200090056
2480168240
64498695
111416652
377946810
145935897
5988062
108315250
270556852
10330472
593244734
1665061722
349285243
2372208619
261565975
61542667
249042200
47217714
1537137440
8208232
619953077
33851227
243179650
546345170
278546796
2434177540
2361758095
1637361024
137264482
1397313534
160147199
225923863
2192279490
384489387
195666568
451295344
963507289
1157823247
297485649
46121789
905548862
240180498
41218184
134731185
867688250
2302622191
1359513330
1193045659
311388667
850838503
716902513
584195022
1168028977
364797487
850669334
41677223
423301878
1403905920
377617262
809273
40071118
1612334424
82579747
197443694
13581702
34906264
24367028
1044701750
13151812
130125655
1399507794
14449903
92634245
358334225
12769722
37812832
110121475
9017382
447716379
15285858
125683317
423329902
2148858456
517930403
46885220
1011347173
39497080
103830916
277140881
471959912
249253057
77171840
221394373
91804847
169480192
297670801
390431810
227678168
159767131
51023090
20562637
281013591
140184175
2208414679
1179573986
198057926
178989612
72506847
485287972
461311983
30657782
6226142
45394470
9495672
130120906
175687604
316217311
434585175
1006150579
140610239
847977049
562360407
20571756
301944758
1246342765
260144496
23745634
510686377
412424150
438914748
64972381
297984832
1394907294
611758752
1172862632
14472978
41103933
373538175
961943306
1612467794
58819992
1673136054
22169709
460908457
389575155
83390820
120789086
620113738
68326950
288311590
273448833
257438448
28968750
277550214
77544729
279010305
258739462
45862337
1920256201
304906063
92263845
39568996
113699853
367209868
41814169
207531052
850744544
1376974345
42188336
732363570
196939898
619791663
16901479
430026800
134115719
485481599
30889740
296735526
41174003
50287361
71245454
224273474
503322015
392550101
224695067
333438168
374167783
20281967
39520708
17152685
612302042
36025336
636214261
304274606
366116651
202120926
19736439
7756762
355696940
163594070
1516789639
423232386
1244887518
63163868
1465711136
2270180587
15721246
282423911
166654262
40227205
102700680
1656259927
288593908
20805742
59722725
302208149
18539631
286730338
414125211
190373806
7470722
136962066
41087588
16511394
96990473
19407053
288735964
39221596
2162834117
143132202
113883038
608243758
28337677
26246096
22341950
249120157
29995429
475554194
161309850
1126543844
59752970
14578616
518510611
35274968
169829424
107755674
41828070
123279052
57339160
1405467816
475677069
716566459
21019870
376145624
1157691
142301780
259248007
18017198
113487858
18577269
104282672
92475625
25975036
280936961
18754412
224446081
537923186
70915740
106062176
414778237
14800270
106739913
397938481
205235980
151083005
30239268
342568761
632923508
509843093
941939336
718653804
49556187
572184093
102133096
21303464
21746728
277169830
216986292
404260654
1563325820
1402482288
23053809
169963553
249295155
186006201
158426379
318892157
398633896
209178104
60867983
1910379306
1241433301
1194947442
33724349
1490093276
1471860794
999180246
211088368
1900338114
282573675
538868301
361773729
585072864
187122799
33470578
743666612
143024707
334032462
180342288
49964039
268256758
161250314
20980582
215612093
138510846
915647294
516401447
337777771
187179023
558499607
171865503
1462582188
157289754
466420346
5120691
89423018
18203224
127625168
115110939
494855838
284066524
312757790
599001082
47304004
1451068920
507381349
620186949
434074068
278017454
1231275128
1018795410
557755826
214821759
409943279
27581517
416338412
330467091
74458149
310630578
441577125
254235974
1351451864
1612526749
611794802
25387183
325037792
552724650
8457092
70001932
90718122
605589954
304909941
87759772
1512747492
1612566523
2164557746
1091538612
499791478
266423380
262236289
317612402
399923953
333007529
298706321
252657929
466327492
614155294
474359398
286361805
569830812
25490028
561102758
20958950
1615362510
329666643
25098482
27860681
140003488
58188380
18865214
328946013
51145392
153004670
116763916
20551702
37601149
256576310
337262250
570214599
185163514
337108644
212127385
1257560250
34082810
277985183
277920665
166529970
280159342
169274239
526567629
23443820
444134815
874010653
570732609
1103159180
41603348
1422726852
324967232
50393960
32842421
637133655
259214687
1179521676
1408341811
271491206
390869031
96019137
372755940
197493438
1586206087
619855057
16301873
742143
86037380
222642262
474162487
317946826
341050850
1050867534
36386164
176396711
14159148
1070877486
82095899
36670025
25048816
100708381
96399121
56891751
807095
240629853
125330525
260292273
1227320430
195714818
1079869927
47187040
148852389
18164632
63977305
430038426
358063636
271505240
56329468
119859768
17671297
233088010
364930669
242368808
93844402
179083873
20236242
284546523
14418925
201306925
135187648
96735431
570913571
208485044
91513999
88708920
112475493
41857210
845872322
164527994
267758654
942506006
292403049
399266384
240482464
70913249
245396797
75839733
47956854
329138658
543328565
124013961
48446760
384840336
281169909
231757210
71811098
29316282
580035232
185383738
82131691
568996331
1137058056
91664388
200303088
844045700
1207651399
414860581
1279921110
1321116877
1317161065
1060936687
