16302242
2379738985
2269861836
2870078111
237147973
154589345
24702915
1426713728
1489156890
1013851650
317170443
2600210567
71980259
1140790656
2375391852
1926329869
1249481328
334232372
43139414
1687699668
584031440
767324359
31606867
261074207
1047199152
1044257047
865758326
615900983
890891
40918816
555527251
110415837
1239944892
492566290
307478701
1059371713
492366423
504930127
1029537043
454333117
378188666
485338959
2557521
425320711
269055437
457189759
565619506
35578907
709969940
26257166
554818467
