1364675154
34021659
2374087363
1428575976
52196137
14286491
958649520
258624347
19097159
229195516
979094809
394466794
912617426
37499588
249710733
4106837787
2284083054
71604006
24571841
17240190
3938526195
25710150
2699097006
2791415266
143086518
1062149982
2693557748
847639560
223560830
56593116
127910801
439281831
885505832
994223635
247354687
18927401
109487723
118865243
93687723
22900451
11269662
987196279
14199618
349757459
377577675
20750406
35306978
15634806
22976018
798491287
2921101973
2412490087
135027427
3466854616
2429799942
46980731
1080670542
511922852
487011092
37366095
3235513572
989625055
562817107
1900944043
119867076
543691637
296644509
176089416
388850360
91951516
41109816
117636319
862100563
2710580269
1519183848
2841991235
15173146
56648984
23576240
490056323
3073540151
3433608154
3427998383
16892009
2519424650
84825820
600263982
3192009729
118255684
149706579
563691118
2316199716
35511650
39467526
543876839
510644666
80400500
17843236
3366865023
772397180
2887865951
3328434820
1979512812
2183065733
898840860
101757273
3019975299
3251809040
382575360
3060505058
1924216836
851425314
215244619
38950009
50365856
2534939171
112893575
14749728
38979676
539847985
3299340695
2891023693
1662485388
563155694
1591172407
121684992
20026466
3223692360
15488026
2694718358
113544433
14328118
15720929
44192169
3290156986
2188932704
16444606
2895365501
3101564356
231778941
50562932
500295008
2793738093
35056570
21135674
130241862
407472256
466206777
2542444369
467894517
331443376
17793440
2255317190
71210524
60956542
403001470
1348231584
9534522
517997675
1302093608
553625382
246490565
1032855648
15022464
588497884
36123018
227361142
796278757
156121420
2546603755
2546418373
27887863
2387642988
3092380407
15395859
363183667
18290951
3090084821
31288536
106779916
546374357
314758565
59936412
2259011827
249227924
22774267
545936008
233372517
504672523
29881875
1421082818
65738495
485695025
183548902
101712079
1691828575
127172643
2849149676
2355874964
23085502
1109971202
535212326
82313794
41352815
71322014
257353887
1368196544
2494206019
133749511
206255645
346605991
1710651828
365549634
140980031
14892799
447155089
2193421856
1610542063
1613250103
2345923291
14095644
370290354
29019424
109092075
273355154
1364376601
285296810
23515704
1513647152
852039852
737746316
38496530
126722715
3648061
82509878
731556360
69914884
410454634
23792076
19024373
22686454
737826008
1280944862
339189893
2784584893
19767193
253209216
2850600291
14080525
563957628
212278192
62316970
85906238
2313891109
15857574
402157926
114142293
1862511541
1037737514
61382958
955613748
392445532
234141596
20257974
303989689
990871718
248971559
48821708
22215540
974602992
17425484
2341901658
2235130688
2783740244
2651485088
12993382
2769627155
16122379
2550551539
19347763
90544961
95034888
86539401
514806103
117064656
455705353
2414629128
47239131
282741996
16623443
2729546197
358335493
248459173
2342459215
15352510
262885665
24259724
2679082405
60014176
90186849
20204729
11824072
1198447500
28136504
176183831
956170800
219122488
15667036
2686377187
931450722
24629137
211583400
883061340
351555062
107473431
1012489482
466451342
2612383488
389356273
158366117
431064962
403824092
519596463
2357007240
474088050
1942189244
1359532460
413849446
275727623
249288361
24974525
50002946
284759869
970511108
466781810
291871482
767227093
93655345
23556677
310583260
45202786
18729359
46277727
551085238
22023030
1119862910
2226476875
553919830
1452172988
92055605
1485477224
77829137
163877949
370773956
1732599787
635225094
938080704
582106095
260582890
483186711
591202090
785416986
180273692
2302358724
1155394147
156162127
248204256
547071935
2452045988
1929353910
376971047
295710225
1641065208
9128522
2319036062
635123740
2787071
65257876
235893096
474575822
1229638309
43199901
14209229
609848299
292292569
6753182
1547838528
311811047
2364853507
267735825
541647615
374378875
2147766068
800723216
2190904513
263724774
68027706
453559748
2263467936
33279328
1952673307
307597696
31936449
856471832
26817726
470401090
380499331
2258166949
157586630
1522445748
29255870
28887249
15607327
257010511
100851566
555936760
1427130986
2466834003
2180508037
29450878
1544269585
16567705
1455731444
297016055
23957080
108523127
2396698369
56050543
128131763
1230460638
30198750
1241433806
19668775
230944453
29340609
339776640
2425716337
44642232
52010875
101806923
137386838
472710990
2375705826
1685908440
16734661
2282673038
2249222638
355523806
289999064
52758434
17083959
16373878
7209912
2212554618
35364078
1574674273
434442052
14245811
54030277
18228351
34222024
1522181906
323191388
186381240
27888218
477272868
40338252
14286928
14975652
100762997
272621312
1005327355
47283542
544481207
20348946
295784241
2344030220
1425644274
868609854
281031538
2352296922
2361873631
2355883720
20138728
2315941549
723926383
1942349976
353615907
481753989
133996641
47555939
562328466
1862121894
25841927
20617750
1636155128
41537504
96827538
1178784822
1095458582
1189477825
12787442
218595372
1264547191
14523408
298217609
190734647
270064153
127277969
14958984
1599066644
58378313
384986958
773042743
1009432231
896595900
2241380624
793870746
2216023580
335444174
1479927060
2264393190
241285260
2189208926
1850346780
627934074
408892770
117218218
15157744
44890159
16570695
550448704
250121453
541334851
19348319
344434846
238349193
36752136
1623212412
21575398
109802310
1013585586
2190906684
56353983
45815179
1552637701
39202644
1640389464
16878633
10136222
118730543
1226173100
459040953
239018278
51737889
1307251459
133436582
1728408043
366205197
1648177363
18370977
960868651
253388937
17036364
254734140
1952975701
1311578256
415394197
337921091
389466979
1650637086
576332699
404947505
1961306287
67003972
1625689764
74599038
1439292152
60633599
192937864
707874240
1776956263
21311753
1570941474
281611141
397518511
246346820
537318244
15496407
1935966486
228077059
253184910
243215442
78047787
31050907
406728510
1386889364
323210799
529848387
1921263758
1549182894
18317022
1923886549
272085993
69658921
21114887
1919528876
271214391
394629851
292920223
633740527
489046545
1877899188
1864754713
14695588
100080235
1198693802
46207473
101630597
347194490
874825134
359442436
1697437394
1455563124
1114738248
1077802308
14826808
303835241
385739402
34320563
20495814
1534167900
820582
215825795
48348126
27320089
28628202
400458925
253846937
39282190
493533362
257621703
6535212
1298711539
185402175
569314717
8266782
18284047
1613115962
9237012
83987145
135207157
143140614
16195981
219655898
341291366
14000542
8510252
16557883
14880915
48180033
26506721
15060148
59855448
399864679
25297422
60427596
303852606
18289589
91975097
322479448
188423774
187462748
255048621
275596584
101534369
16960160
22281229
50753411
23032536
441906581
269700525
95233492
19772938
177507079
247943631
26246606
15091656
14946958
496047389
2444351
146978606
550586865
1097361890
116877838
439239153
713648564
329441556
1286506417
404562752
168190069
16172894
320268880
479856619
23326696
577451683
60500886
256182836
972079574
40407073
885878419
610548819
1261044036
20898564
152889033
8227652
351135409
761588688
1482823520
722242009
17111286
1250334985
529160862
1345431510
1414130274
83221847
476238744
540111905
166471291
245682624
44196397
45373841
16939942
529363590
11543352
1400711215
1324683919
1395794143
17047208
925866998
71792895
384182912
229711796
29675706
48020669
700029116
281138722
493260415
1425939890
1265693437
386521020
1412885654
378354848
18026170
135589569
15012735
461662718
20444825
7090952
399964808
14367669
17450354
254225748
130579391
65134016
397202905
456361953
18006863
41651194
173835882
700118168
495498585
85308860
14924849
390721007
20824494
87997689
167989139
636570073
182130969
27924685
297563053
556992335
771553507
256793538
131804467
113740810
533603725
1307632178
1307495966
225797556
9635342
46145761
1198099830
38625476
1287251676
82683644
54645160
346807101
52133120
185455811
608724203
322643721
238300284
1254773030
1268038951
275690183
592097263
11344702
23412857
701088258
15154811
124531889
570574417
498001935
215420646
21366675
24531648
15349827
116867280
369574945
117501751
180456522
25743783
562233320
198544426
81961201
34655965
329745463
47365909
97814532
159891548
262935568
18964074
47863767
17944633
276643081
312320294
52551193
966935694
91056993
466722458
14852514
517290551
95363183
261709504
548556779
169633285
137836269
96634294
31509408
14267832
35315865
19313995
36814136
37732219
24971148
8940132
546871833
270716511
25918006
18241551
17056379
530823439
41592143
103290257
33277722
248576207
13963012
485757615
748632324
29575969
725486359
269043415
32427234
486788669
46247561
34552656
32624460
72344638
311139991
66361342
158421869
16435321
46300208
14560417
293116923
59221014
29726578
20361904
15473958
39694489
15394413
56446462
199737585
133239513
16174754
50076223
45001035
19039108
47433923
86812925
200634860
33433810
21238335
27468198
117576644
578082150
67304620
46485024
273615113
107174526
87198154
348061274
266223488
5351152
875537564
14596296
18032518
504127665
56564230
123858892
86145856
51267321
65712206
19239914
287733528
16061930
212299083
217483047
464159257
31484145
258971278
47442513
386869663
210672830
32615991
56685979
262365030
86626845
10180222
397291963
54641489
