2236315014
303334380
1538119250
379923667
58591057
633580141
725885978
270940525
129939890
191945117
2530747105
2708674219
825643813
3096872421
6629022
2284237477
3289111376
16548937
320520680
2297053591
24768718
283960126
14175873
221729506
2889218367
51360810
3157763000
138547552
1913724404
121056754
731958884
1951355251
19828067
274325818
65240253
48887547
2161314462
3262913053
80507199
16833357
572279177
602568449
13813962
186700511
317563215
268054188
3969362303
293703907
3332160249
89841906
47249151
2776130760
2657637493
2325996432
2648878380
491462544
37706108
68636567
3291959991
3016559039
2710464667
571202103
257287549
104080404
148093370
131234332
21014931
72612189
121118692
17816420
3236267866
232687998
571947575
138821636
213133459
22756508
64170409
2854590716
2331061
215692667
1308012740
3309335275
36117076
66351565
389241950
85812049
499130867
17594171
12214642
14064901
223059736
15678854
17337683
6529592
47534405
139352401
326333436
54876700
605557254
707672538
52003002
15223619
1378117842
21763990
313291669
14949434
38522224
91102894
14096042
17668439
319924947
259790447
28593314
3860582356
2711774113
16239863
248822792
14231246
163892760
3652708753
10219172
194438704
37675954
6286672
1039531
7415592
1285451
238017271
6419482
5878332
21760930
15096261
16290418
1671811
180298000
810129
61133
1032249450
533297878
347312048
49991734
31030273
817141
14274132
815337
34576482
392548651
104245499
16597921
2864891216
21324951
14150736
14405393
74543
26279045
6125262
14246556
14451083
11639232
212784122
3242626963
29018320
17543957
11837102
637351664
359995186
110882820
217105830
105345156
263359642
3229644789
757365218
16986397
1668516272
99808339
107354278
454900582
182805812
27689263
371845755
1153325708
1071626832
137656171
41138104
877825376
123085951
33388399
17721737
202527880
161356357
37366095
130185764
3815960038
2930039444
3407954398
2427658183
3064591599
57363041
2303844506
498631199
21736625
356515463
3188135958
14155615
13626282
14459551
17161645
20185574
46165201
76591028
132276254
151550305
167808582
244571744
301547796
333605719
587237075
792359461
898965403
1488333355
2276030496
2342138203
16036960
1971604435
16438248
27687783
85981713
148931081
211029903
202550179
35446286
47688389
9374372
2781923376
54114744
3109898526
330912905
106453369
86997854
176605257
40076725
288892765
128759273
63157513
49093730
218819255
94667476
864777798
142732767
580403160
2326070900
556120124
559212566
1019186690
79541633
26518431
2747964723
222882175
2785764141
2669628649
15013503
209811713
817462
27553316
46516977
57026351
14983480
852251
18154704
311830293
675163
129526938
6440792
43403208
72631949
45481254
16548023
365313928
15106188
3342829583
275650442
314251309
74091081
28604027
40242949
163864230
1555792410
3832873104
20513550
70270016
120605723
34983319
454579978
587115999
749967457
1561492928
12006842
3777735766
29739445
3235729698
3390822885
134892042
303609788
94407698
3193097594
1607859030
290682603
285304734
458880779
53490134
159549776
181608820
68334827
200382329
1480845025
139909832
3288650435
449462207
347472224
178078194
14400419
15048808
1115874631
36730070
14663562
16666806
770056
27491049
94505213
2799582970
3356052532
26775859
2908500712
353547940
17665941
14287494
259635370
14574179
18603121
11017332
463633028
101561169
28984913
16325071
270659037
17056250
2584784815
98186330
507638997
3007318786
39437948
2235104629
14617589
1379822142
2379797532
269663092
752240846
759109592
85879744
185716178
255569973
412146250
69885761
3459684319
85703357
39619445
325001316
20672335
1023698377
377016559
447335163
3218683883
139757939
84787873
428764445
6692592
49651724
53688304
13917532
27339743
3021500223
311112067
196308637
106895484
51020838
244168999
50122046
1695377102
105374331
349900158
15754281
2419868623
66025575
3241283676
15717071
160948300
18306004
206880980
1647854988
56312219
17054817
60880381
2550725251
2801175997
374250195
27102150
107114063
395578027
44503856
19046425
29057317
18350619
89626699
137200320
2472842185
3131415809
177617074
2599450843
3158030582
61774552
3321868301
3032109904
114221971
835988010
24021900
55283497
17490402
2817069858
53670471
17464466
16299754
311364149
3367929293
3401605048
18406002
524636167
1001408840
756938431
2749759045
186837433
70814694
409072668
492657311
618773479
372891495
232894874
2940921478
15110195
3224255598
3299311831
29298475
1905157393
2653328791
2201081047
2830223823
3718654334
371325584
3021208197
14581506
41184664
1012150568
59836926
29403379
74386296
21364263
3002657398
15969261
1843791936
389761148
29955721
319846872
1957554378
1930864430
3134641259
273034527
1533506232
15438913
111557141
21272440
163488122
121188548
2786336518
74802982
3001272125
346647095
703059560
3804757755
26912315
2857092943
3917055501
498001935
48699398
220044097
39601873
25753325
3832401973
2283811957
3064266184
3024469669
460544490
2374794691
36227996
17842485
563961314
91019380
17191156
12283972
19203852
14613508
2981968107
1652270612
190028536
16037320
22514268
16928881
1152011
2617010802
3076721
720868868
229237555
5832482
17053097
14231648
968881477
1078600664
2987221467
126061540
2877612273
35761106
1020311
166158413
811552351
14907468
22847791
180858105
2515878216
332375984
95696143
321299775
19530289
192159430
447593091
15020933
16352993
73843
15949242
16785742
186585181
16469647
258680371
27103822
83277772
18006863
240061941
814659289
223605847
2752197439
319037140
1007217656
25015865
722326920
366234790
14109718
408170818
60984785
119120977
3524101401
7269982
3247416125
67423975
388947237
10143902
61180334
15194897
15222486
15327963
5979562
22255654
28615613
16452931
526579523
14594687
29294520
2484582912
359568042
19986819
99576663
287333578
176540776
2293734860
169543726
15974701
2963983603
311613062
1051171
569869666
2205466914
6073502
14477723
353500514
130130301
331655362
1430668405
612853917
2244306842
16890685
16363771
1656012895
3528496941
92338074
2204936354
20003288
124531391
16746064
57111819
24753328
24167314
80422885
412499978
119916149
1517954816
93986038
2815077014
3200035714
47602120
158106469
3442793834
20019276
399139328
14570738
14335332
3653570363
21647248
2743000744
2149663698
192134523
104218879
183368996
6244152
3065181529
62774518
2302866931
509006205
24790671
1486117886
16645452
2698813994
635727231
1284439532
513842320
18598045
17481894
972877998
249774053
14981648
721380992
26611276
533410876
33964198
23591089
3378728381
244647883
110884210
102556907
21636767
10078
683113
14505546
17151344
29027517
472974569
216900952
1611837721
2742371197
1549707182
115272795
26991891
2847834367
327194229
2579125022
1324508492
793171789
371463947
15795722
37824624
573357159
220549509
384738175
23915004
273780225
410537231
59611400
2918134290
2364709225
1318181
3360665921
3313584407
13416712
14541402
1605
388472830
144231081
110427212
17087876
227852239
26210422
162373008
1652192167
61734492
15732884
618637014
337173637
83416414
64520972
331228486
2357794033
164358556
61533120
14638983
287392676
2998892909
79201672
1636857552
19908459
3241243334
171754508
29459446
2162181
3577781
14181375
10818002
15784090
20934976
23656945
22360327
21371170
269040500
379400685
992630347
972169508
45696360
56704173
70065717
135274292
155639902
186993579
187627155
264558313
317534258
329636980
356238524
388447226
388988407
440647593
548192004
559781065
595098334
601897776
610537823
624450140
830274666
842484259
1260771066
1363684597
1473071690
1616509490
1633257564
1638519966
2200651902
2263102604
2367569828
2961155242
2997828551
3105596274
21422176
190997113
766320444
18271443
1079078280
459909553
373754322
621394187
17275280
789565292
1130074736
399412477
50260533
989489610
15846698
16126316
74092791
247943631
576252036
1451887664
763699
2153241
15692520
19174332
87455190
2519891
807515
633
804775
3343131
5904392
6632562
78452341
14425576
17268874
26196639
38335263
37876874
38012830
40576466
56097623
81117433
91169926
101139478
92551605
104651652
125573409
149957309
318046158
364927618
1012472732
10454012
9589522
15875723
20996133
83720574
98809059
386198042
2924558772
55215912
91273652
126678478
156946926
191804046
271282858
384086602
744791155
795126721
797661708
1650030144
2204356587
2240601558
2317884102
2648978563
2829304877
3081527884
26465184
384700070
130745589
55277306
12743832
14344469
14369971
18810982
33836629
49456242
471550563
823957466
2318802312
2802256873
16136933
1161711121
14962437
3021872642
2437237957
522353233
62731110
97620626
3243551873
13785382
2360298450
2409081739
254861688
1754641
184831102
61570754
3239476490
34904126
130517826
14673894
507871112
132597786
478254437
58015787
3547968857
542727519
67949142
26030196
1642852592
16721764
1545314329
2433885496
132901760
3420207794
2894097276
53419277
393697898
2875039738
1421171
2990369342
2753359816
1060269091
3031194273
397885437
2915275804
102665471
13822752
19772792
15452937
209075024
1556280006
422011097
566515950
18122941
21598933
323623059
14642491
58889520
74153767
7804612
158098153
90109464
21248250
6753702
293122184
923480724
14689601
91324121
192589318
20691177
82602893
36076317
103888166
286033500
14150661
148056950
3405362643
1416500532
281328417
16322918
173935590
30407042
54633478
216819873
1129227469
523767161
49750436
17522207
48590619
2579160745
831446312
326702577
18193327
405742535
2927876870
274179918
24501936
1117102549
30315139
3037307506
3095464325
21310146
12367122
208088600
3100171299
2919362839
929133368
106565047
3020853470
393380629
56454881
131079879
15055929
9622042
301910658
3022768608
353318176
6806292
849101
8912612
767715
2802316930
3401711
1317661
313275413
124840736
3366893728
101806923
76966092
210424218
1420805004
37620534
25246881
294789745
100230323
297490676
21200986
36728662
19960900
492332572
6186692
45603
749693
790205
3982931
8536242
9505092
12381352
12733362
14588671
17467170
16891384
18194778
1038077978
242104880
9453872
5676102
14561327
11414
15948437
5485192
44423
57203
769254
5827
646533
752673
18007633
27306000
3293399695
197452509
1241647488
18111915
2432914945
20244510
305029403
1442986766
2488003418
19037127
36945471
1650916729
2679743562
2827451902
48646173
12074082
131955972
371584602
382787145
332536138
37024585
284095437
22789966
143430352
10350
15066271
819800
162424497
405121284
55578655
813460
147949965
42737061
279659800
18936303
278505714
44870846
995549803
21849619
54115087
2901400436
10753072
1403148158
1643485386
128949362
15619080
3192880499
7910872
17566946
123289859
14119853
1727601
811377
26179354
10149
14842401
23293367
94339756
2414205444
203201829
24500377
279334700
19573968
17471518
135068457
196210837
310255614
339238818
994098864
1250080500
1919612864
2210320475
2205587430
2246251874
2380853816
37801244
14813804
15626406
45212248
412885242
1562518867
80648956
184006847
123610994
25649945
46804099
15188612
112807491
17459892
382393
6157422
170887088
93957809
3141007200
34122426
1558326968
56640837
38399009
148449519
27635249
191973989
387758295
2838589492
23556171
32212501
184126208
14175289
128484298
49413866
13666
491631309
3081584549
330151669
17310646
8593862
94485218
72323205
27842884
316594885
45484313
403697814
59195655
2648476705
6433122
944674344
3343132497
3244691628
1490861
419877501
52489146
14747526
6435222
1090750657
105047151
166985438
590341660
16665197
201825221
2715860740
364599832
12867322
13489282
73469605
27024603
2978546749
796169341
107364074
141295970
130276212
6267962
855444446
17928199
16228337
15508815
11551722
49356881
18525497
14299100
127100323
11189732
114816721
190225979
11994792
19390070
400032796
18784201
94422455
90925424
434576050
2720218147
3240197969
1176985890
35300020
3259325179
3133237663
16651249
151661204
23518649
2454000570
20572139
18979733
161485553
3097251628
23212402
73975665
3080528536
15732080
708495546
2400587503
93883927
14615027
14464697
529798141
14065665
216547608
302458741
34065113
1666946838
11430362
41815307
15921584
134943714
3219778747
283545726
235987458
48310709
1600833313
35715830
1739623141
330406517
1425956444
364564719
10936712
17325009
418863888
3153177914
14089964
2921549597
362022429
339639180
25248496
14319232
273041939
485244669
11877522
928523238
8935052
2151676471
1002748836
2833710033
419532171
141440459
2172595272
19748091
55370049
189949989
391541467
22408636
15321669
160424026
95779946
636326835
16912972
18496712
66259130
101538730
2366232998
15391388
61503806
6656232
214455366
103138693
197681260
256833444
13492102
14294089
2721912984
969441
23257215
739932529
1702429992
1960397394
802836594
1168903477
454127322
17636738
31243281
309705204
65493167
21674219
159951714
17262498
210024810
114724662
2445478045
888672024
1680231174
34713362
278613966
1370027624
94441366
138416513
2973940456
233291892
403259438
323485397
25934849
25671405
174431201
92079991
543128024
70518745
80925607
28288064
207872592
17884105
39455725
26949588
16163403
14417524
53192487
69316893
60845687
80824561
83504550
86070159
104604540
109929902
113368617
145389158
142297445
118263124
168478713
335419621
354847710
1551448268
2485601365
14625899
63506279
1421417570
2576547852
23117374
68764992
265835694
484874226
534854348
774485611
1137228224
1337138917
1707491804
2773505365
3145723957
391473843
154178720
912058626
17220917
350645386
6146692
7494332
14466962
291393799
3232889154
183584198
2950748173
127846735
415765530
383439340
429065890
1257756930
950278195
41004033
440502833
1110934758
16985758
199027381
216725620
2230489220
809325433
4148811
20802030
9855242
28504302
187711276
1662933756
37416012
620547387
14475582
18524794
218310618
635324091
292850268
634981299
57477810
1890625712
17027184
19440736
254677014
16194566
4127711
220010952
19926444
36732319
156117983
283006174
2837852515
921609360
430293986
2817546806
85964568
15535595
96918770
40054423
25502100
361428550
2228892630
18433252
16214605
62532379
15692023
163966591
349187955
123953357
103354158
290434965
56204422
323946215
728364404
27901826
74803924
14663698
555452878
181955163
28700212
329558084
2421347503
105718072
2764058454
2524413210
3033237216
18130804
43276609
7461452
16511000
2834425207
624609256
339543844
334791797
64827709
2848191845
3107752933
147540926
37963563
2149756902
5562982
13940252
74433490
20401408
990512911
615818451
43326101
16557300
2832643811
125570095
569568587
358773756
1073313384
17969341
627321101
107441051
1324762044
1844052830
20285292
353330191
3161850228
1346476986
20007477
2230743078
424320811
236755590
79539920
22376014
1650697460
78657229
14132602
14827074
62011919
1359526776
50155798
15866800
325935109
2482500352
18547134
303911628
28385824
13402412
2825145214
16378261
490718297
49323598
42790452
428655836
14166306
2474290526
16826581
409941587
35629382
51271746
8497292
10846402
3175593127
38560333
95928618
17071737
329473171
342431999
2726154522
20055522
124810572
3031115403
15651068
87031306
2345522113
924613568
11648452
14761795
346576986
4206851
21854943
2939653671
371617306
15492359
30160016
456257648
121075855
279663381
40316065
3014518981
215678679
196782205
1722841027
3151461036
18843840
378715806
28131948
15365576
416909756
14181273
17234747
397689316
314721769
14697392
3121880884
115021967
202640861
716490848
25314639
274991683
416715629
2810014351
20737911
547298530
121557035
19180758
2417045708
517916836
209792558
528020973
1106376692
378684799
102428783
36098873
393033324
3048201083
19312137
35745593
249359540
227952382
2891930326
75952543
3015943351
26347320
3130811373
87057908
1516087130
14625444
23662061
3107943130
2784724310
265991376
2900014347
18142983
7205482
127202938
1713417312
23244009
15116120
27498086
249343371
18789893
201814387
49383389
14535900
15817203
828258060
156088501
216798259
129925279
56346444
27720678
15298751
97716631
2427858608
1162081
16620786
23178329
5557952
2562265652
85120864
936881
39057030
17407663
115416757
15451549
2828286379
113963
2888882327
49303660
124242545
2991494048
20728459
16450602
23039035
103212415
14517215
2908007650
467544214
276769468
7773582
304067888
1454751
475006262
147382246
262387823
23014902
11885372
49327996
14650130
486987537
14556649
78729443
115557940
300090633
1575289585
483984313
47509262
3101965694
29800519
44132347
61502457
371893027
52789379
20262091
46959157
324095750
3530131
1230415548
45756881
242039848
22513825
2983111675
43495684
1714264242
36510458
50446312
17303277
40321629
29718910
3064548641
15621893
19238948
19283575
65018950
602142693
397655438
357888522
57142324
4816
38009035
619145554
210555555
15101187
79653056
937177932
122416069
9721052
125642854
13861362
78693573
247336430
1552196214
61852943
2966970892
2250974270
11791512
41677142
1263058002
27648213
95489684
22327753
339061992
184476275
371828424
43692086
12773
201763707
7081402
135389507
1468050127
382748292
1061029789
71152028
14201924
11939852
134068499
21397708
1327209818
14348269
199893073
21644992
38860023
19797508
90169556
15809746
20782408
353206839
16306503
187991050
2903166644
2649160969
17758412
1010101092
68034753
3001601819
103917090
29224386
17154865
12657952
15278287
85518939
2155255248
82066670
20370620
137319969
22504445
2778787128
2423931254
2186732210
12229772
2374780429
15009761
2884533627
243342547
622138823
1240221182
1004053002
10221
221966379
26547559
417606371
2213394121
21383965
24392983
165818049
18876057
20715095
65696800
1195605810
2926535632
12836562
717411504
15873811
350099902
71858257
552460311
303569935
14185671
127884040
154145174
322116425
112416430
20731244
2328285768
1251981278
363030814
366466374
143478208
160949059
46394470
33474655
369245377
22120359
40015723
1534662992
159203775
225096034
92597440
2873928633
14850412
38101967
67230741
15228426
6813082
778019
2424324132
24257941
2382431078
811350
237920763
475286355
2188957902
1117836660
52789743
876752546
247217805
1088808283
746687526
714758552
1101062118
516723177
1403919698
79365337
291814511
22143627
868157960
317838702
51022841
72370745
2777103822
108885269
2888895350
17818515
46541324
65037067
94015906
106047757
52775726
412447461
1470585043
56903815
151667107
2534669390
18910666
28521141
305089378
15840909
81921374
77342881
2525823126
1251173263
44627268
44910688
187426749
1222211503
1244382516
420455665
453222936
112427461
32143960
2400261
1209273421
2776787804
116299414
2485950907
263377240
161555452
106419866
18486446
1479952356
24060155
34100245
20097713
72069680
208008927
456930921
460989168
547481904
763698512
16110819
194122373
16444606
34718083
26054500
128292609
5548952
1134505274
15919201
22031726
119512652
328602736
273977596
1606588254
113050169
11373112
545425886
1455085741
20639941
49649622
19682566
426888925
183749519
16597587
2567136734
765548
20447903
16502222
876620772
8526432
2195392129
20333349
43532023
14140617
24889586
2824930687
512022119
273615113
15862891
19766166
20020021
1684237219
30360876
34527436
23461358
144651220
14247155
16985149
9866582
8584
290890104
258642890
211583400
90992943
42379342
28828401
90913347
2797124709
1305541591
2262399740
786975206
186923
14227394
15187370
14070439
12035282
17625434
15937226
2263261266
668563
990994513
7374462
385268094
2727351
380955095
1096247131
257090907
16028750
110727296
21138386
279821183
121231618
457573
45912514
187661248
15290530
902409186
9172102
771619
12089102
8265732
22592873
207637665
1617927932
23641923
15018214
870561
632098439
25160944
29441685
403332412
31432492
926834209
12245632
1284757448
38518844
491976140
330476063
114841519
41814169
183898020
2777123581
478785353
14489465
16370204
217900600
123614765
1146068948
48601380
1101539173
124540289
16679681
75433542
76927341
146898295
237710136
21859847
52089472
1543538496
867737370
33695444
14072782
20263560
14199378
29158353
16465385
170023430
1833108541
2363142735
30569817
13617652
5620142
47641722
26355490
477295249
321702964
38701364
326529603
12373242
16178358
15181481
2709735710
22931893
19659141
20241927
73437080
13616232
24414370
42480399
637324182
524487620
86823765
392429457
15414807
22161956
2304337015
479889375
75692835
709313
2318606822
7380362
251910252
891725802
32078497
2612012720
18629282
176412453
19902826
1550504906
695633
359150678
19185441
458647237
577537524
288137141
1572599911
14360732
26621475
17569807
14556945
23359201
413149953
1585932799
1071350252
20167623
426089511
15172361
997882110
23230622
12578882
28335326
22790881
5437912
22363802
745795532
2559636006
212360864
16555970
66462708
308597826
432794273
80903194
15462464
412904642
274620149
40720843
180634040
18805741
356355710
329203696
153385181
274481142
209262555
209743834
145761676
17876221
81578707
93780708
20706235
23209038
22425874
336015206
18682917
402818628
158408907
18066713
12003622
456055862
185076709
7055172
16909717
2861361
17921219
14126996
26382291
822647
1774511
16079276
17738855
15138184
13784322
1498334178
2573880420
157477738
17396170
377558229
5690002
19677167
138307509
20536157
674713
15008449
20424274
23579607
267472795
121817564
179056996
16809678
786245480
239881246
1237720952
25472251
1368571
15421904
10695152
318063815
15457919
20801371
8381832
57083714
15632680
345137844
124208379
28281847
9343172
128382582
66934681
39724595
141300930
102115921
312106862
84998963
13285382
30320917
16810076
84858636
16843817
49043869
64948776
1370570863
36938886
242434002
19911886
24775576
477166578
1115040240
201130645
148969874
48416851
15881665
14186638
16719520
634877232
1907803009
1713386190
52656052
129857557
251205564
14627653
13085462
21540556
30915622
103985634
6193182
56501671
6132422
80728969
743768472
21318519
16116457
19189000
126628765
440656562
5386742
320995643
339264417
25709609
16077286
2749711430
41196955
716726838
19440863
180730203
15182885
1225146661
78714922
14260608
260019594
2153686908
430995737
259403751
16563908
44903491
15308973
6206612
1235621916
33838201
54373762
88305457
108316299
113153074
443178466
1347102542
481647429
402143587
25267747
20994258
2322434384
23968747
390233181
264501255
107286421
88308667
12014302
176774540
18620883
55161313
635708749
199411867
19425169
25111672
29206490
31143957
41434848
42871498
42955173
106625598
17631078
19782237
27081406
16536844
233055766
17785358
38762773
74641515
110770469
65638162
34729076
95181320
21457289
16629994
148577275
200293513
473089502
540186578
23771696
15091699
1468711614
23153051
290465571
611361933
14563788
43922181
22814630
3144021
508040529
78377692
21550501
305468597
71180562
860158302
1931313248
16560816
19743466
10755542
4348671
15827690
41127954
97343070
29234804
367489108
2610009012
25013423
6253352
14885549
112243365
14763734
357310745
101103190
11666332
11666142
14133163
63025801
130914103
187785224
643613
1090141
3496641
14837184
15006743
12273252
224964544
57172253
355016568
39800314
22506795
143912910
79997785
13691782
18808527
18228921
157883050
17147265
218231846
34109928
18278364
30791070
13893712
24639804
10232022
23115743
2250599796
32347705
47429474
7914222
397673792
12005282
49099619
15064756
520762548
143571157
125423182
198795374
219074016
107267818
16258157
1295561
1491155593
79321561
46562241
203668987
479880068
579464821
274793711
1533992912
11680962
15119529
19671793
121537720
19207266
25388528
98012335
1581615451
179248364
185397767
201762459
272566480
310455468
314699534
408104549
140518316
256292183
1114654830
1512465414
89817627
36804418
1400424860
35415477
326912209
1284324198
322933840
461562633
240254617
632074772
14130408
40684912
850107536
94215105
313420182
1320723288
183001586
415826383
2519073240
2518975862
148523554
37001122
500941859
11818292
1468151
31448660
97572474
14162990
32718488
74741261
140531987
285869240
120939749
148780457
339054615
24028758
46240925
16523713
143074585
15149141
268354413
116247236
23836537
223925221
2148000331
5666932
42986331
14978954
338651607
117861913
732961117
14420872
27739670
9815842
14225267
61063145
70260544
51572713
89583009
14408956
339754154
19492833
669593
26083291
21909053
381118384
186438780
318682300
172227116
115245884
21318087
90142504
18641423
160659660
22723307
86640232
16172747
14281980
61636488
63202034
439129676
117103827
2459771455
16143991
863612539
20409816
1769191
11930482
22664758
365328081
23445279
12705772
146673205
570369724
234074680
19040598
160797890
383466257
2260611918
1270138189
1977670621
20014623
19551341
58668083
52332354
18637396
16843780
30055993
130314799
109472737
20609319
12460982
14073337
62934837
1137408992
179993167
17910685
224379103
5743162
26260238
15393840
271050823
14706139
1705217731
14192340
16714347
624865824
20609587
251801179
2282074878
2580371611
26817726
63803224
16896007
723926383
15383721
16870421
11207682
168780835
18549180
764464
14476251
6074952
22282589
190370930
283198095
17813980
19430233
62850214
573918122
227655627
16578138
122406881
4071001
48180033
9964362
5129151
25182347
556651190
16741381
273759672
23623740
64836863
5959342
52091586
52247685
92095091
626433
75246510
44916484
35750112
282165404
29881875
64844802
487833518
208988759
100603066
18223753
15909607
10191272
15022464
18083070
15865042
1270191
1087183776
14315063
30540196
17177482
15109693
16328195
17892496
14767730
46709686
95108733
18346587
20236725
42226885
27810354
1420795609
361289499
22680719
109613064
185507820
708922429
151280112
143123533
16168119
27771243
20368549
765845
16895274
15110431
21581503
621573
11518842
7400702
15708421
972651
5120691
485168135
620401164
2338506822
14445650
15349717
16339780
21678279
8009142
15509422
24851695
355665348
15237501
16957321
18100031
278937589
36569517
17630704
11856442
85649579
12922082
579291477
137703483
14147626
15443511
21773691
163076581
240685830
16866210
1497559171
5971922
622020990
155992471
1530945379
5666492
175622090
22021097
394689241
1688565908
28247742
99588514
16485116
71311064
123591996
19428773
67958182
1227998718
11545652
824157
14435129
10461
16102164
39842866
2190735740
300735398
174700127
167417419
353303455
437732852
594718367
1601572578
2152237693
2234832433
94825622
18400880
1327886654
23556190
250162752
17694925
14118608
14597239
47893782
15935628
16713948
14095302
18580432
25465131
39536850
154016912
329913473
408695841
25301970
15365853
20629862
38975663
106234268
17511796
20174951
249307732
2440510308
24911636
60808164
50510925
18686459
3554811
39600478
817268
15199539
15525914
19614380
114602310
73190286
68788167
1585964245
21441575
228768266
141335663
593919531
13535762
37722624
14209062
18514173
180793793
211348128
14408351
55570400
118199605
16417816
14850719
14097951
436447861
14601165
7745472
19520108
582233100
16217678
1549089422
48003038
12800862
56510427
19389800
25372760
461236358
19489239
49979580
16953157
48456603
10064382
15662883
90407034
6967192
510534626
15676493
8481222
5474812
20158814
2226836004
41375456
17159804
18274904
13746792
14647570
18735777
28172926
261025036
138182116
808627
14478199
21642935
119099333
383942225
135758100
108721917
23777889
287884272
456887147
10876852
11382292
989
245879943
107236336
3530911
46145761
15125585
33274151
116529568
108637458
115468758
127727270
45982162
12413032
1548898596
20738917
28138045
17858078
399052062
16292218
54602752
1655507089
20956686
54961412
38529703
4641021
43924249
997040168
462232932
193135210
345673106
40974333
486153508
18121069
10747572
26765003
73147282
17001663
14142441
166313746
20009910
28520903
14056632
817386
17711311
18014746
27675722
717313
15741636
152972996
56723510
7410282
222714150
599752445
16877220
17352832
17782465
28864617
17867452
203123011
1976179398
15475207
251767189
306984305
15163466
61069106
283234007
277337146
63273552
65625888
188443744
22278197
1461228547
20134622
116551173
16645918
233638131
406389017
168606911
14914385
211004186
19219421
16045268
7144422
5943622
30634721
14364705
29374498
25638482
48512326
376882603
1244983856
14560316
30193628
20696528
863469559
17773446
817382
13171062
366811688
11807272
14404508
570243017
18283526
109589477
65671583
469617682
5904682
33931031
805295604
539302719
68781186
265491747
38002103
16623443
414478228
23330603
18914917
1735241
285710171
18601763
250103509
1568239549
17977714
17514022
183548902
8841372
16891507
608310777
20562637
2337658675
18402720
468741166
75105833
21166397
28693818
380004412
100023026
16246929
107225267
101858228
104989588
65122792
18844918
23112236
16200095
6065282
15756974
19312115
24737919
166617624
108432404
74130577
60709500
92116069
207672751
48479679
22411875
64775654
308224810
2400039596
58882282
533884891
16131833
5988062
19628521
182086979
14847903
280716675
21419504
15776381
242765117
48742856
25605494
42703075
51233328
17265327
18944486
22485748
619282291
10413772
135997883
198686176
15859333
2996801
19665244
145248436
58524428
52510698
30429590
16869849
14238165
26257927
350665050
19198257
23055689
14160917
284908506
16912204
19349090
20734243
22075295
47791189
818155
14835756
435224100
80315611
203253392
729194929
58509201
146105775
4503491
9670212
1542038948
66198455
2303751216
178118466
18952832
5695622
14742579
86761055
30490467
25444905
15978412
18327902
2195241
16717239
28429434
21003977
28876514
2298338623
17008782
22270118
299449780
2154512879
151205754
608533732
128287094
14410756
625600899
534701258
12798822
15828276
317270626
64785464
11113
14620209
14620422
22883622
15101845
319945643
24464598
16261707
20178419
26819104
104615636
10637242
16132819
16354025
18393501
118255684
497649301
16878633
355547379
14332143
228077059
524561832
30357064
27185621
807454483
19636521
80685828
1120215919
333517999
21662638
243847008
14269152
14074418
19182316
747836472
6181532
14439168
2400631
139920911
253403215
17600613
97550403
17198424
24941044
1155985159
37000413
15249553
45820175
157823487
176473457
13404292
10779412
15582769
4787841
426785321
17029640
28567691
391489906
17027590
236921052
39585367
249340047
187990590
15445498
360900255
16841687
1281581
1344951
59257007
198020721
199991949
813286
16695266
19748200
100650410
16891325
83221847
17168376
2730791
18337093
6045062
19395453
29641089
27814665
21214044
376327986
23630483
15858751
18957805
315490964
1531811
7746932
108230576
253701913
326184086
31478077
182839127
14096763
14370402
256131655
14058843
79949872
293681730
19926587
289913444
16245822
84662571
23959449
13027572
16450071
73939990
1145823332
129578955
1846000920
224741372
16929520
17049663
382207725
805276508
18949512
373743969
25103967
17375116
15676492
26443744
2803191
17820679
1038758546
24727891
20663500
46031443
12092012
14412844
953307200
76117579
163550552
19622847
1946548495
84623395
1403263087
61248258
14335498
20543509
15469101
19593954
202777395
113789752
816653
2893971
10952962
27924593
21983925
15955754
33517745
1711298640
27546319
72143680
722
16426740
14372486
11493262
74378480
32083265
380700305
472675827
171221404
1551730094
46021629
217585096
16726339
16625091
17071048
3961541
23782901
1433690958
50745599
175711277
785691
22972613
14601208
281496963
102145225
454298176
8410922
14828317
194192756
151607426
3799821
109054913
16017475
545066414
534563976
16162715
33916560
11069462
14886596
16500871
21736571
154141818
27603423
2172
159699894
19651853
21789052
39247971
24860713
1227698863
216939636
167346791
2235119491
84637837
16188911
44130307
103516873
111420429
122770149
15412900
16689804
233765599
19563366
7389732
2314411370
16838443
266116717
139819194
14120215
14365976
76186310
292920223
1198821
11342622
15752608
25135311
227339800
304165165
1234916514
15947876
1114465094
20849273
1100557274
1586501
16084841
38502536
18695747
273197054
161539552
82506125
110320759
23116280
2220127380
24296208
59268383
558987463
128517598
589505331
1396698186
2217251
20586303
34603170
23962323
58632259
161913667
16817883
37710752
60087571
233662017
106261502
70213243
35306978
85601670
242067656
136083915
186894262
331803536
15323504
28013080
20876522
81891054
22026934
459277523
122743767
117171240
166013345
6476742
281196299
9507342
17645400
14648167
92223496
6595682
31346364
2065521
272087341
38282454
344914507
8960442
140872924
182121005
39154406
6114752
60991516
15481606
16684965
144850785
2992441
156732976
47276713
2934781
7794782
3571701
219401992
60705754
16410328
339847475
24237542
16120265
2261261
5763262
2244340904
65098181
1009166178
126915737
33280091
264446779
22335937
112441291
1494655406
7411422
92546441
70971351
98217183
36203015
2241390685
249353968
1128516828
549485396
77764733
770729
18480909
252194566
344295386
22843337
14115912
726393
266635682
16079292
297478628
207717785
198891988
19354266
297422541
419727770
137458918
374302441
32291504
18175886
132191101
455773247
1963773241
10566272
25190928
210667042
52273826
156663320
339990016
24876649
18249084
18567018
537563155
309755530
8834882
226310253
188755389
1304289517
122122818
1252112834
20056978
18316059
141056781
23204397
1068831
138805593
14411797
372548499
221423431
14342000
19160961
307607557
140069290
18476766
15762318
185716599
1113541
15210389
16021282
54946618
143985641
115189158
26246606
15482156
114617430
701725963
109647254
198597712
1450021249
15734027
19575406
8885922
40904248
16248719
94391895
515868922
133826235
78948355
329287783
732995203
60807261
75097340
11107172
14165170
15336340
18021517
551085238
14534135
377528527
22387220
155351336
55997704
17595439
15825547
101775759
232294292
17877122
19907538
8381682
12551552
341266984
16906237
16981170
23467560
254136706
252751061
10226092
1948061252
297071736
19661363
621583
1435461
7905122
34348133
15440889
18955413
28413
16317567
40880513
19543195
17980322
13972932
19624836
17382568
7494482
32372834
8963722
19402238
14857438
164425558
458771080
14923504
7301572
20538658
17062849
755239094
41416388
15425183
19802879
1586254574
326870441
265817210
271516623
19883587
54645160
56695221
896221
26301320
16065488
15249166
40019924
27342610
415932362
9549942
1179359828
1114932710
15823646
16275037
225847395
46142761
65426385
41078332
70174894
33020416
17293820
743452002
476192085
10454572
62515374
603059202
20173468
69426451
48063304
16026783
7047322
607272998
153223304
246552744
27941766
48511236
58567664
62316970
81961201
206196557
13783772
1501471
19478716
16001350
28619293
185594976
28405191
14539324
19658826
44196397
275686563
19722699
32361431
252160462
28823947
190687745
788673
376362923
13324892
389457031
14293310
428333
5392522
807095
109298652
14820814
14800298
61101107
55269192
39413265
1651014943
33998183
54290504
115763683
14434070
78100510
28180320
4157611
273552883
567360618
4255361
160589263
114770216
28337697
37661465
136733323
218620483
14051352
14924310
67351514
164133291
19540483
424398490
28937654
27081981
23767584
58521743
17895673
44155527
72553509
177180626
366596257
78434490
38463105
198590214
635986661
43764123
144266411
18725071
389574081
15762701
48722921
19306563
759566131
293310504
67358777
109336599
404013243
22038830
180541076
499043747
37741319
1536811
16027201
308963295
455899260
51241574
70482598
14420767
10069282
129835060
58489734
23145378
19476868
13787402
32353291
173999134
8036392
2890961
69354861
24816848
95431448
15428397
32501214
33515703
88971750
151562486
140181228
163559811
116512373
114941542
39578592
176449198
58838415
161760542
78995338
49573859
80044759
22967014
87308833
100112891
21469694
95926298
83883736
14208465
5746452
9534522
15808647
14031552
48380240
10587552
9381242
17380224
84351228
54237877
39563956
70403307
23986228
43378243
20180244
13982132
16531464
23803664
18082365
16298447
15460048
20774514
48787628
8724862
47401069
21718070
19389668
80897937
