1470953712
965089020
32359921
33569315
3033212392
14159148
27860681
169963553
25390350
5120691
102700680
2168617886
118490583
123858892
3814321587
388856034
2656439197
960794857
2651907582
23937508
374498138
166509226
561911168
40873581
37901739
1552815288
807095
33933259
14499829
125403342
606325697
84582815
1127618610
978814999
578390632
15201021
223416400
63072063
2463014616
219721398
523315180
68686173
608939848
2987057866
2204896897
399307197
2412897384
1853931372
2415640968
2342004242
2848186457
3385967206
932195034
414680115
627680497
50998548
583233410
146922125
2515429872
2388881934
1735079407
514149607
2280675510
3147448751
3141732425
245479252
655053
2344002857
171920903
280446434
1649965764
14431633
325569122
133238328
858064544
888859004
354744799
980553931
123567941
2276009684
1198887463
2882722563
221076424
1139340620
1003730916
2190414247
301453491
292981180
819612452
23053534
130781810
119685720
2150683520
2550173689
143789185
476222880
1114427712
259211939
300165776
363323576
264908073
459119863
144538369
58511657
272163149
373282776
107412693
962204396
581684101
18023140
2499219127
822810313
1070975852
88711847
271010827
38146999
260928758
2354550968
1567780200
34570810
61786726
2887100799
416105754
40272245
80281723
404071241
910255826
890704052
2903790459
412101247
2327572729
575586179
2529675708
1704312426
2745231356
1451490834
2237454151
1426853076
33001753
409317141
2364694002
497924434
517384127
495041536
245383761
36664489
294081601
366129591
372163033
92952111
370101469
371919968
606653439
2542132494
14174897
859444603
1953942966
311603420
897457670
453893556
2831927036
2801897512
335504665
17093617
702758100
381496644
913393358
32994132
1722650852
561218298
1043602884
62019113
37916167
14691032
2201032880
60883810
61445206
863054959
27596259
101081754
20469497
487833518
467569939
266624130
814852586
1428137088
551846544
88040719
46129757
40176643
18049298
24054721
141157657
66976085
84351228
19181210
27606519
103533476
40215168
62833483
44097431
237305778
599749466
246289978
18980276
80802900
529223220
17557040
56564230
198584761
540681136
15893046
566688127
257396212
920628583
44874400
74625926
252491320
135583203
1070567838
50363573
455705544
19597166
407741330
356429740
583082221
14450818
20779255
19255050
50393960
292848663
510450161
52733798
246299211
132523809
294007947
25340442
41622257
882081571
889086978
36335047
8963722
63886603
46959037
25093470
28471924
104786280
47331384
259326195
17939037
63689362
17899109
15439395
1435461
21576334
1046661
75803381
14049061
24158257
10742132
260685403
888499448
169864622
532284837
305666971
59460397
569921322
115702663
96102210
88722311
282076470
278693897
19241553
72536935
271483569
474345503
44334234
522264252
49354895
225042433
220012772
67766355
204484373
316327666
58438876
159227053
17208213
91056925
525443646
484061198
516702034
523356540
607337887
483322641
404881782
270375223
205207159
596475624
407065855
258789083
550041692
257727892
17843175
340381562
237895166
20523825
28779088
26468027
198494684
18930170
256563189
147149131
203899499
29679735
194075665
233334424
50973734
237179162
402621500
20239948
117775010
29299946
352374017
329600057
571117916
33388399
23932994
104728023
172280127
204887126
74720965
19344270
73880751
19722699
14647570
16895274
6705042
197450751
100620425
508900599
349096358
243821406
275284961
117126718
88657593
461495149
94112379
103855877
302224433
23521920
137987935
41561429
380541420
171897913
212271067
397188354
38845292
275495924
107074450
47299083
343267635
438432231
331029169
393299536
160545703
356186504
444913990
281138705
84102719
91305834
108970875
143047334
226516718
422042612
376725860
87656389
310177611
101712079
43092107
376856538
358178512
395253547
317019150
125962569
255489796
121715841
372253255
302020774
386454644
61040149
61037064
347749926
118872366
247263941
76940432
141576773
365068732
352977985
26265758
362377035
337754635
72817021
80964162
343322805
44120770
343084232
262153174
262612734
97248229
349219385
298029693
87917348
171828974
30196565
19760151
175742305
158665018
57023345
297695587
14224719
172674060
259300909
24723695
110432741
57341938
8170292
60642183
209497469
182884307
329109573
234018462
324896218
264124770
325775625
24901600
17471979
70672287
258731466
278023464
304016767
171944154
104849636
57363819
61853389
78475338
19915362
16245822
41077970
45579282
87257468
59091190
259330618
304874590
79171467
230163577
48385135
301526317
29426700
265263984
289286939
250658083
20523099
45205091
39522692
21581503
166834661
48391336
12819112
19657855
98877698
20847805
246223514
21410687
20582958
20131968
87188515
93655345
257375451
44105061
127865363
27845025
17969659
19402238
16434273
159589430
74474794
50069007
55975272
49270737
196521046
121500423
19655985
211455616
155921432
257389607
58461139
17507347
176822367
29454600
131119259
175691292
17488526
35749264
32372834
138866665
20212944
117058214
57579512
66998204
183253431
25616499
268356126
57028997
248684726
253503499
14711491
112796409
15862891
61736345
14811775
14845727
19649135
239818343
40914713
123229481
40176984
169853246
40177900
117034954
33292025
33193642
85791723
39253242
44332600
159045371
192939148
143023879
106705243
47592929
204012039
176824969
200110498
202124139
160523592
16828440
17112845
116511371
49123370
17898200
143457519
142598281
75245857
135387509
62867014
131571839
117053450
115672692
61447506
67343639
96779362
39161264
45870901
16369537
174185725
17782763
14309291
175551174
171070404
115410829
108958780
621573
19837528
26748889
28567809
18050674
19658826
26217262
16927254
46707502
59780450
23602600
19393236
78637018
57804024
92947788
25671405
23066372
19060857
15389776
20038221
18304521
46114448
24211625
50277194
46342393
23787335
50332061
32441895
69355551
24229776
39761772
32387946
27830610
16411617
20987405
85599428
49119570
15353955
63104737
27008045
23184591
