58872308
15189784
956649224
517352849
292596064
280756494
1723526731
477475175
230851688
3128144414
2247765384
23620660
16365009
144130505
34322247
2578816416
337320095
279308833
70183805
87517577
373496849
109346200
1945330290
182681925
2312696240
59504346
2421330386
1170707082
2372570107
503320148
1132948555
291797837
1072053368
289418264
478136900
37957896
114625663
926256846
226318039
902190924
404195033
2396726238
84182459
2290187083
250295781
456872471
279239110
411986759
343358997
1332759618
169786131
269601606
51091913
320033235
70797924
533752457
776747886
1626029954
81992504
430405371
223916227
104287658
46018419
198350223
44747787
248736715
69972669
37494263
169555484
245204922
74609689
283688276
240728629
275873671
222486472
270666593
74832434
117485485
580129426
1127094612
42984742
137539362
369669917
154039533
210908919
242434066
883008228
868802203
120869326
258027542
411189756
548955984
1471202611
50367187
1866114768
700234430
37336214
39913521
264370006
796600808
301658443
519071068
1097088416
221502788
2947961442
2488306608
312423854
205972515
1360898695
138559847
310535008
148628623
3031021389
435360340
602978507
2256727418
33799991
269858881
425333679
367444992
17578710
59099135
583120216
382479682
420790843
3061998774
3071462462
132303731
3071987527
482503314
312878292
27881519
2403370338
70271869
573009512
1203414720
130285911
785821718
1011594036
2539361307
276604588
16003224
1432007280
281883453
423908456
2205510008
259521349
246090881
2798966795
2972284396
302121864
2984338669
26605246
1645773541
259550251
568718377
359991814
24283940
487119598
287954469
2331384116
48585162
64502289
401690500
66350440
114046049
181250989
207650884
19878288
191082277
303891072
20709978
168332255
18216636
17093617
309473561
478221506
361365670
159733212
36270419
241280401
498069455
475365026
216260974
210712524
90518695
35637318
17417739
363423324
254116318
102055841
360914693
479856210
38320862
95346455
17473246
117288714
74948825
187784084
21825021
223278069
33602170
249447466
281244590
107591714
170237131
14282672
186235068
20519719
208058388
21299670
259593882
269449067
18822966
258573235
26801689
270462347
260217122
21355106
19268472
52760226
68778108
152080881
102595635
41606452
701443
14318382
27225894
65652750
21207027
64383174
22930958
28645537
27884501
133460146
184786000
89037338
165581780
117476973
144665830
87792624
20107532
127344033
69897156
48704973
45857889
84614751
19608022
41428879
19475493
253687424
145742587
246939452
53313219
244251293
68809112
8059162
15951714
15374401
16549067
18159085
10290582
20121960
16039333
21459028
20708431
14957212
9366912
16235052
25239330
14461832
22184230
28913001
40813073
65389412
14198359
70585826
20218719
24418143
15950643
31028525
18962806
21093947
16963148
19379266
20298394
113515947
110850507
123364982
25882643
27178809
10820482
36875048
85173275
15099850
103011301
182648142
58702330
72602384
18641805
19540645
20162581
17505446
171192420
74280484
133428578
31460316
259117739
63804605
18792765
27945095
22862136
17300207
25521487
35792776
212295104
219481210
136482985
252914412
253810842
236552672
95558735
44131348
112800584
166592225
30978735
221477352
26409269
64611023
19363627
36674252
28567504
21064706
104338552
218532983
38508055
55346356
171268106
191671519
174484925
120943272
237109679
137919565
200953842
36370744
53164682
53808665
14704685
16176726
43291151
14805588
18886690
66339563
23507842
21316042
172047715
151374566
193949541
37116644
21381690
140983514
96795379
131945005
47152132
20868412
195941315
16545797
15572918
63337564
28627806
24133132
75082438
109396720
158126576
21579914
125383306
138154612
19555083
23661510
30971588
69914829
33423806
72863013
172164407
85827976
19895495
37960785
36004754
20111548
129939387
26423464
38466578
50343981
22203223
18009217
16685232
813286
21437452
23580802
106823233
29704387
111425667
175278290
60985797
103986175
132060750
16834101
19630025
158786216
17132286
15564486
20222888
17419891
14193600
15010822
22699484
9783422
61216742
59782249
19776104
31127027
38264132
69337229
95308257
21882470
97679206
136009299
126058705
36128030
67027720
47449386
40969603
21335246
15012486
14173315
26585095
27867017
428333
7313362
742143
807095
28747875
19404907
22073539
5392522
14600977
7166582
15533253
63014519
18366193
93532017
71302031
44449185
150546126
28820207
20072924
17293124
43009283
27021569
35599713
17291537
30383332
35623478
38299819
24815190
29273621
20955071
25091500
35943652
26057703
15441117
16727535
25177342
28496774
21582722
37545665
37520870
42118404
43761740
19540551
41365764
41727156
24642528
29273411
