224223395
2628704402
2178911414
1381484306
1164104148
3180033032
1241433806
1678740356
802511191
9905342
2848259962
63886340
114857580
346840834
44199504
55351494
38372813
2230080559
575655913
14441838
13784322
199737585
2980458689
495517322
289900655
185402175
18608758
527706284
327475044
925824896
456361953
390721007
562817107
2375288959
2463348930
19668775
48339714
52967177
176089416
157449978
2826832092
35337456
273578767
2562724922
2557915058
2688123266
2678236062
2467226497
165551457
293116923
1120098811
477395210
20260548
2383827776
2487853952
296644509
31936449
235072498
1097361890
28421689
1286506417
1949132852
307913949
2246304439
1676175931
1671296839
1620593167
43848067
200634860
1345385060
196877476
143938104
1247425225
320268880
71210524
256793538
272163149
20361904
439281831
384182912
438540090
262365030
311052101
212299083
388345704
562100356
380816062
277478106
837693559
18089292
561297215
14066035
1115365544
15496407
35304791
5762302
325719227
17047208
97532053
146978606
713648564
32331234
487833518
13787402
1435461
8963722
32372834
21237486
115039678
19843630
15154811
16629477
19416598
183548902
314758565
100068931
