28943421
2813420408
3327102388
116498966
287873495
20207892
86065887
40156330
15752608
46046512
116748080
115132543
14587327
33357113
1033377594
191690624
53105668
31127517
20845147
590268443
15022464
16640235
30291211
2553883748
61533120
2850600291
2774101913
160550351
14779187
575655913
27596259
388345704
2980458689
258847118
25950355
1972018172
621573
1421082818
384182912
14839109
1712158382
3092408171
896221
3061415982
10180222
121539516
176690037
29726578
13251382
40478316
95221142
632302251
227778014
316731577
86125016
9128522
605657704
45373841
314758565
151551090
82095703
47678782
492806249
5762302
18699304
56695531
18335872
146978606
1442119560
34615585
84351158
232160423
211583400
807095
17793440
169944507
502151289
18847632
495517322
449588356
26368450
37350044
42640844
891261258
264016195
259050470
48339714
2841991235
458856002
23085502
467580777
464873459
59257007
312320294
104532552
427900496
18274250
31936449
197901148
2375288959
23576240
398129689
132594097
90544961
576332699
18089292
16122379
21799265
21230785
48219214
5988062
120775569
173835882
390721007
16172894
479856619
33279328
2751810807
388683808
176089416
45923583
713648564
250121453
2303751216
17221246
409413254
2768055348
236171835
19416598
2717158980
84684955
20083313
24196664
194343133
84347917
30217291
185419122
17363477
14738561
59221014
296644509
429169198
588586596
138132368
100074798
200176600
372602651
1355682828
247384369
28624334
1612817372
149706579
29871390
91951516
56488059
17226612
35961145
23962312
50014224
275690183
2253816445
116877838
1519183848
130579391
37666209
56564230
51305926
635833627
36454287
171221404
180273692
601697103
17668347
525579713
82683644
42226885
212299083
32624460
17047208
262365030
95292805
141947171
93244606
341832630
1522181906
2332483018
862100563
1360077600
788363167
20361904
490056323
43848067
439281831
1552637701
390217171
19668775
20444825
2597803777
183548902
16629477
79975924
126776391
31484145
14461298
17042078
14267832
26329980
50758087
102094857
295221061
47348249
18294197
18294275
47433923
102754598
50753411
13171622
17393219
25325260
21421580
632341632
71372467
86626845
229246832
15862891
35306978
124237063
256793538
318053222
396365748
44438256
