355900019
14834923
18414364
221413848
263608353
19493315
1713620887
889086978
460449766
2440199587
703361190
835699921
368937339
1639232060
2188625971
2749854770
2828369140
1554138102
101320629
2774242022
1537587704
2724924615
1640884698
1644101028
571490195
4113606254
4127244928
367230333
2320889712
3303482983
3225332998
2752355256
454952766
4113124829
5737882
3094762437
4109440606
2586048146
79974167
1288552388
54594048
2359806810
214568192
15157051
3034977112
2800373052
1310305849
3719729909
106410881
4070046455
19448348
79997785
21581503
819612452
84347917
985532288
38412142
68329262
31443503
14206243
1119862910
2354550968
545942122
21360280
2298261024
226155323
248927846
48333190
394128195
929642406
133589921
378150324
2845314747
3741892513
308161547
1504607612
420208937
6475722
16076367
196678647
121604987
955980392
3399902278
183158250
34633116
410762519
1733179411
3249771403
34384065
1603346605
460424522
3290826987
4050125007
4075113732
2413671881
2217681386
3249639822
355208747
3858458477
3997151001
3314723222
478412132
23667578
1632660679
3020246366
1437985369
3289656130
2559148506
141560022
2951578665
3576975202
3011147898
43996669
1058498876
3431718011
21269003
18907301
636532474
1262310534
2165450630
2837229877
2886511731
2688919814
507874515
501147124
3852780215
2829220508
14297098
315818280
349271329
431423387
2432982630
615328759
579689693
182686248
219350505
14206128
1281896245
179815618
18179983
370127539
40551290
3578528303
472939811
108020864
74697858
2171055073
40854900
1884110492
30743418
39761772
21410284
369018737
17083575
4001423507
22641471
3434515732
92334368
3093535695
3312580732
2421961194
245718836
1324190474
3575871017
4026408447
2793295682
545459567
3299828148
129025831
2987405637
34348986
1949391637
2538241706
32615991
11103092
189065376
1250154102
360491551
4047407836
3325380461
30500021
773437207
2296112405
68412451
1285191396
1432748821
734909887
1288207735
307869614
2731846780
55679248
442221970
741095450
213401083
1431031490
1198419673
2320794121
37901739
16601326
1570418676
3386446072
18873795
891231048
1063705261
813838548
1253801484
105136890
239471268
143275672
246192576
11727972
223933804
3696010516
43539011
3064457452
1127141672
718049070
3369933838
3246901465
3872347577
1134478200
1924228452
365030734
586941998
2491232900
2355600174
376066827
1638666301
3083788462
3405713464
3129971884
293063038
137474806
3119237601
414529752
2963748706
3442866014
76060246
3158695989
452432005
3024594025
1247984431
2332066656
245233183
861122910
3420766643
139565254
632699796
583061670
30551415
3619207042
185622716
16294267
217732543
217822735
869570923
3587358087
403485802
3226203693
2871870984
2507523697
1167428564
576999101
129032033
3518087726
187437575
98546373
3134132844
3706464915
425796999
913269325
93310285
732650840
3189987038
29405939
1196808079
1954293848
30850803
804105624
268550726
2997290738
96532451
274325818
41412650
2419710651
351001862
3266030356
3207478008
63957147
114697331
179940298
1632915744
2856347153
5736262
1032855648
2422089446
2554808556
3403908483
229388721
3331333204
2777127074
138833018
145681921
3534480502
1111652677
3058304187
2199390971
171216903
2497214467
65844698
2285326698
2964461561
21503581
50782791
2608074790
3916408696
3384353999
3364163337
568571441
353587756
715411856
152800791
83481204
2903833738
2805496556
3813570677
64142238
2544473462
3773430378
2499021726
3824125822
112967808
22363802
3289470974
3814033187
3003470411
1510580072
3407262317
1286006425
3382252821
41361889
112465935
2474150995
3415319374
3420437812
3421848915
44435674
3269785980
3432756322
2995473405
1975210094
1482223236
2322563701
3490113503
144934256
3120055287
153384911
3297546450
2896082529
2903592455
3439152995
3531648501
3319184192
3406995603
743368848
1017285373
3600337215
296253282
3188650714
731563998
3542834081
3311856665
3524545276
3575760196
2493225848
2164207753
426646091
90386746
3184175818
811024392
3107285327
3729091037
3729379637
3643999289
2316144061
3729495503
3620703915
224386880
3663196455
417431958
1922963880
3431585662
3675121758
3688338921
551910958
3773790017
3602929813
3556327648
2877428233
2797980684
1857070388
2615163716
443274585
368836270
116014884
211647387
1712120119
37732219
3073109162
1307614093
483307777
2152588347
3234601428
1951166706
2153455128
22643046
2923669327
27937440
2876549620
2903173148
2691813974
89226314
1961395586
1100754961
226890990
899998736
3585713477
518821091
564855281
9953242
72672017
562233320
2841776049
67009737
174187623
1104522234
101155539
458457417
2651907582
88711847
372561313
1282476030
2544147728
545591869
86493795
3426666447
3407425696
479374731
3253813677
262935568
181914781
25871957
597483262
399442356
2776371427
24494426
2876159943
2429875374
949082522
986393143
448080706
1832074290
2870683293
531789491
1163512424
15273272
791774023
15100479
3191420998
3207930874
1966599535
220495804
359201971
3392774613
22209201
112407307
3386343329
93724816
3313220621
823126002
72725797
366888493
142301151
20996331
1335255895
3291308337
53210455
43213031
1081042932
264774920
3106552177
39525118
406886908
376569010
302065787
704363558
1338937261
98434545
2305348032
937137553
2866961700
2882277423
20198007
149056354
57030951
1372631221
22660528
1888067395
544617235
562328466
2820674952
75899857
545372401
1051540549
3022919763
1416207920
1916765666
1611763682
16357452
3231970290
171185407
19265957
625256985
269034861
25743783
41557345
3128588967
114523768
303117047
303928521
130383859
227361142
113971608
1489457220
2435499030
578176953
29623710
2482151953
113108098
2881859034
3169176408
31137276
2184647539
440256951
1488677640
157854595
3345971422
27046750
396939695
3046618466
3137482916
105133160
2161186988
23007083
14884989
1722090349
466984899
337318314
41677479
253209216
231146392
630413015
537796670
17668934
3192009729
2507638392
3370567283
608568292
2977249592
2842703614
20749571
6186992
208051718
600190713
2612214283
586852116
168478817
1887406626
514806103
1168142125
18651829
17170882
463177571
1413326995
169633285
70119312
2609768064
199432110
500629300
27031193
550497986
3096780453
22023030
2385398977
3067437906
352230078
376285518
415130016
2242317454
2288100578
1506161432
3074396945
327672977
385564907
161577502
14173649
238738242
387268095
3344905072
80389598
17425484
394141596
2299993220
19649135
2548791728
360054369
3340656323
2167875860
868735322
394879847
65575900
3153288772
3108233650
3194732233
2355285125
948591236
232357039
2415640968
36735068
2308740415
334060111
1933042237
3065965499
1095493969
770644297
831437814
223669139
596370414
313890301
2259151992
19050314
182493733
3046933696
200063274
98425584
2427884463
64381024
1406635220
167895848
2401977510
210825541
3292950664
2749446406
594761777
315829583
2262536161
8659842
1115784079
278487029
17136713
1347092066
110752382
3290156986
103655715
338935434
68350024
2633703261
20383605
866544398
1395699932
2263261266
3059929578
74270989
2180633233
2819790363
3244759479
555139483
1924216836
279162165
3145075625
3148755486
2792512009
3236738729
2999201142
115345793
1733185590
279535888
27120158
23682830
2992578419
2650814664
2934133476
87403396
2776792117
59818628
2332257283
1364885977
5877272
259438024
390452975
3140730672
2960611408
3040657091
2993028268
1160574374
136717652
3179444111
620857685
42034114
1264605962
947994222
459119863
251433772
229385617
492550081
917100864
82238919
2689469106
14645160
525664591
2489834576
90412967
3114713273
2652400452
1513311216
2919328038
2304041316
248363932
11417572
280261048
15954337
57371866
946677265
2813236127
111424934
2376033601
3130093606
21577728
260676163
23648764
397291963
93902405
1067123594
135971783
90885721
27364213
1234932726
382551601
64822247
2776541580
2980458689
55656093
2869639326
137080802
1097741347
16854832
65423872
346740364
244977111
92055605
17809159
2783740244
2880150604
363889053
1861321086
60956542
576302294
209983922
1346930100
2869451938
567184907
2412314864
65007412
15276911
143789185
2879914030
3041231217
17235541
1055504485
591202090
416370934
35486742
1336475288
2391062042
37599351
3007874005
147608512
2491427966
17498064
1336606537
130440092
2935380369
455134646
65116863
2761419799
386524555
481442738
2971667740
1134374138
3033592246
2841253779
22538183
23078883
3014054493
2927031541
3016362644
3010808743
2802794282
2849899469
2929674196
18910354
2925189304
2847672697
116469798
511597744
2540327544
1246013774
33925508
2965851575
318628454
335978939
2740459471
21231403
3030910433
956453179
1464314833
585053883
66178117
41264761
115032271
3044557805
2734298095
2799669114
408195568
2446400162
2964012591
2778909674
364000049
3055845499
2813510514
383915206
2536130709
2826426096
415762872
14426655
3065192496
314226317
2900334351
56991166
857215099
938704483
387500283
274431472
2415174337
3032245677
427217149
9375862
53637611
303138163
1167194455
1260012025
821568602
2612484619
582872181
1250334985
1311890982
339210462
269584194
888373045
2154461958
1607703990
14387990
14127481
1612233594
2562029873
26278106
2866429931
1709516838
21279340
517384127
25662166
392775853
3014398348
6296562
2878784774
2860323501
290019499
345666025
1930864430
256492379
304846135
87413188
480680133
257614357
141339633
32497693
1884567571
592998072
233686855
2968730077
20178835
1269221100
24603232
99109779
2978558823
14243268
2966318956
2842898543
1927210093
587571110
57901428
807665305
105839244
138016642
2433380310
1719666600
23032536
491677793
101001616
410274818
835066477
288278127
932312948
2918272240
47780014
40444555
117375026
149460258
219655898
164327432
2974343279
1360157540
213847579
900494527
95043261
127948801
635225094
28975115
2273295432
116068784
2470964444
433491442
20212944
259330618
2223357540
210153051
365068861
39572808
1006702105
123224585
3014430640
1367253036
235411934
155501153
3019975299
1611667363
272542943
499920255
20549992
53931312
633703959
937573465
2232404052
130201365
2604052668
23186166
2963848444
52670412
841497890
15027761
3002415455
111710883
356440187
2829416237
3003151426
2537611088
2988158697
2831648701
2745084999
285828868
156634139
17550317
19344270
16602000
92334339
135937416
245682624
358862836
273119737
275273410
2359843383
2180790361
20138728
187463786
2968571226
2432069892
2852557105
1960108818
84251951
279731795
398528660
338007458
1035736482
2897058024
517908913
3004059563
2782211491
299589202
626548865
1896435680
2692562870
1859960569
411096308
2918962509
222070084
241228103
1917239215
2291006202
344896093
2218155290
2746020198
636166998
367767753
2917983029
455221430
41068311
2303635788
1249421005
5438772
14429262
14567800
15084702
14324284
14000542
6753182
7988912
2443051
14819353
14162706
27210534
45001035
22478416
19818664
18638210
22870748
39351968
30721392
16308536
57309864
54172511
58756672
34222024
37194335
133239513
167601845
161050457
190734647
395209063
310310316
302224433
250820316
23521920
2491807778
1127867966
15671316
1660131751
1655660431
67713333
20638697
1064850134
77053845
947309084
21234787
365012119
1345481306
610296010
474293363
344580768
1540002540
121457331
17927372
2552900018
1291932668
519314236
2969941786
40870398
77328307
1562241079
2456816503
317544099
1658810808
22081756
131937427
2222785716
49546022
2383827776
294028987
1247314614
2944651994
141729640
400809630
1281678510
2863574275
299341747
935049596
145461610
20828110
2564250972
72813996
265122237
190845927
2891235607
17750122
1910019223
2329387230
278672435
2599324094
478973822
2493138871
2830220129
399741707
47929214
247583869
2546893550
30230295
1536778088
84825820
1504311
2911536236
12868322
74850240
2402188650
359303591
2257558088
15496407
2872473423
98673172
486436105
59785776
91978271
2308274318
56516878
835183873
379388778
400249314
228015307
38892114
555398170
2855588662
1962824348
26057108
14559792
454724555
2859474712
491815662
912422161
1339784966
1979252947
1130798947
2328623426
1200852901
2319587492
1225871688
485695025
479856619
2191289347
805810843
2444096628
2241108109
1547838528
971244925
2180030328
419079610
1735547180
169843454
2168550252
172698916
2281725945
154608739
376088557
211207355
2425428295
23228493
17557537
1172847529
20642267
550084409
93777370
2166562870
718462729
20316230
296476788
15860538
2347182890
447914976
373971136
2842686413
1284364717
79975924
326086939
2772591616
2883979816
705718543
167057702
51444942
17841678
426072347
23395072
1378991880
2441950981
14192558
2611671955
618062808
1670105485
2364779197
566707661
50419839
587342435
568550309
113498828
190384771
936388706
50379012
401230816
2421326550
1362049772
1201987956
1641039390
983159431
221523713
18589743
66846840
1710153552
14830705
62797991
1974945102
19762334
33830693
100068931
2260173510
1510965468
1560363475
1890925297
1083143204
2722080748
958450850
472254495
818581436
622951700
116794686
461699649
2281125793
186869045
366600886
125512325
2876856420
1027091569
14184386
626779540
614646192
2278617572
434875052
20836688
2686377187
19644934
390233709
1743693559
2164960230
165469123
1028504198
2166320312
444999246
318134495
1225156454
931653361
2889282324
344561754
2797018892
2797199022
2331103837
633638967
2794042491
2869506224
2313891109
578202060
433559451
2385499596
25037006
334803794
356186504
350770604
414680115
602538744
567317634
824000078
1404610513
1596660841
1481084354
2347456063
2211918245
14580192
16983297
18628034
31618599
28181759
37124719
37149113
34750535
51508360
54100811
53761813
57769424
78118734
87355478
93773437
97559392
138851483
128298613
147734281
152560538
171689825
161939929
191639705
211685001
246465467
252161971
258581867
335055631
322122983
325126593
342250615
375097206
407476898
411436304
439872623
474911726
540281606
526337948
575475667
566510482
606549267
860915138
900201493
985876477
1514779484
1646897677
1596389413
1688009450
1685226686
2213627784
2308984998
20956102
575253769
23583975
884815471
440397792
314587932
537205904
191242143
2561821674
28044265
15060148
272621312
393372142
2335594732
36311611
807394393
39917822
17284386
18048634
14673628
2241486025
16122379
1286372438
584072687
18089164
62291870
2253477378
113593801
533968111
1484955872
2784584893
489046545
2351814589
437856659
15349834
48258394
33220466
544149077
2802474784
1242851599
85993428
2669211524
2812860018
223529798
159255795
420529526
2192556937
283594148
583645190
62183077
427337089
415245225
153755225
2675633988
312685340
543427947
818796121
2166458266
1555799114
1868951936
28768631
38625476
32994132
231171941
200276005
386379946
354472005
448163972
522264252
422042612
510061305
432795923
921759169
1428137088
1423697244
33867913
90541262
1433728466
1469245129
253020833
355032358
2161243633
522791915
466062053
378615210
2152520534
1709889397
2674759244
2589515736
340004212
153848702
2282330832
2401839199
852039852
2382138736
1963020727
1482348572
707037571
309909647
1514029248
868609854
234085350
295865792
20446182
6026352
425539276
2750408784
306813599
2707731031
59086723
305015198
82411462
2358543894
2291398050
58575176
38448238
333243023
90986883
2303351288
2227491477
368575967
161977843
73247212
202968305
2758994449
864383419
218802986
2577067932
1307315102
1359532460
190678954
115963709
133350077
274063094
998941656
16904009
45580925
1655265133
2709291468
2419473368
2776091545
238300284
1097726185
341442398
25841927
273955399
190862822
2396468582
17896995
41077147
2348648646
2471819912
2470699940
619101692
1455085741
867920252
14252342
363182452
1885495466
2751956119
41854966
2735202001
519697310
619002667
631284628
37737993
2315376242
1168903477
28628202
55295275
309043147
2689629480
18015608
2279270671
16182261
100762997
1246016197
96944232
701300785
567712595
560513410
558749861
759184088
2324009414
2192072359
2499367874
1883536802
2711179182
34327907
2264399358
306666042
127484391
495482239
120903579
122406044
376222866
133238328
57341938
174683705
20058182
1368196544
96720499
2432659364
14314515
17557880
33279328
1522181906
1734942504
1192841532
1231623054
1209357764
1312479164
1357206858
1382230009
1359626611
1418589001
1538936353
1518036960
1530475026
1723247850
1726748293
1851401737
1729646438
1833862068
2158436256
2250187968
1978673335
245127326
1599310982
22103554
152889033
570261432
888859004
352940883
16325864
1598452088
237650650
95363183
46161991
2530361138
160877807
274870271
953292674
407472256
104281493
586321264
14431633
28611038
210769277
2696774256
38143774
233661443
2507237910
611868954
390159434
632882600
1598352888
26800968
257099659
2372019452
1868925908
17682429
365362244
1058105082
258947612
35749264
52059918
347477466
21754354
14910533
194559042
2656439197
713192172
1636155128
2412897384
29914626
803478445
997834628
158077107
224649265
15585285
534563976
2572747513
1345702129
2167047721
1322647668
238089510
461099519
17659441
253086510
28859092
810808380
1324479930
83987145
47983577
1004473568
946065337
459036285
152005487
2472219614
2207073001
14365634
121684992
19130934
21866842
808281961
507498394
816635599
109993981
284759869
2515431630
30841319
518592848
426547456
231998121
32492934
117261408
166203500
268830189
40206761
17779259
2404767650
1249612418
935523366
115717883
42558652
37722615
121777206
1425644274
31088181
278446404
215822029
447508382
143086518
1006790738
579941875
523356540
43357195
132291569
492806249
177274780
229711796
14887886
1201186872
334912047
15249699
806898301
26710373
271645211
409317141
245520753
555580799
352977985
69355551
1151537048
15172980
1077802308
31484145
2575338618
1061092242
609451332
134927651
518227085
22613495
1344163538
112876914
1242490129
2431254637
2308516080
289286939
297695587
2512212608
235600263
49901753
1470953712
64554479
194075665
910255826
788311514
1118765467
2375288959
2320507177
1385847078
2201628073
366129591
29575969
21744308
179031204
87374085
2162502455
723926383
474839568
599846145
547071935
2433098094
115010550
334292179
283611777
20277810
20389196
2548136947
2315551122
18313204
2502065587
325093276
1728408043
15848391
28862870
1405149102
52010875
2494290961
453495437
2317609098
262261006
37054704
22173772
1360330398
320678945
566729338
2530205788
1322092188
136300752
1641402841
37895949
215244619
374095894
224631899
23632704
53560219
71210524
127910801
130241862
633050071
16779600
1405966890
389356273
1551895849
32340834
55388565
949901322
1132064262
2511983838
481713496
142267042
20541150
58181291
27315929
2479779662
2499219127
1692248610
477219747
323946215
1435074373
29600755
2507455544
745063008
22623093
601697103
796287235
485071792
938080704
2289824142
23417129
416105754
30185126
602355836
127846735
2178213013
540847745
55832251
2280330367
136301916
232552597
2352296922
60848208
2325348841
17843175
12819112
242333359
1359490069
1968860750
212299083
991220282
1008719168
180273692
36909762
86292908
26476395
211455616
102677158
208441552
57346365
1552637701
172099272
461222915
50076223
128564900
1722650852
343018077
137247768
85791723
607337887
90736572
29961079
480582261
1356535016
49344076
1267351418
554612003
269700525
82985064
868672706
502260990
1451490834
420574055
22462234
87188515
183548902
843628669
569734172
123582098
85906238
208988759
14943974
991600273
510450161
916904058
495041536
311603420
196556977
214477960
53893339
143457519
111020569
248684726
81938389
404007877
16958570
385885734
228586748
117064656
98877698
158665018
297886619
175742305
49119570
138866665
101712079
49270737
216793572
62839179
39694489
87922339
275690183
135528262
162003169
23787335
111333844
36335047
40914713
171411817
50014224
26986497
46145761
210672830
123858892
171070404
58431280
25671405
67343639
96779362
115039678
65422911
85599428
23184591
