4057350831
3234116270
1536791610
323325582
936581539
2313751399
2993994029
2980458689
1134396140
1625689764
1311578256
200634860
1307614093
245564615
837693559
111305843
281728419
196233238
808536049
30064358
86292908
21801907
97999837
39348006
54956563
39522692
67976245
135989360
33998183
223560830
26748889
372922391
54953661
38489678
19658826
74474794
264399952
44418062
260685403
19256096
37921458
85601670
102234123
1344951
34222024
1112553272
36066745
43199901
144266411
209309794
263695739
153750322
158842667
201857425
35306978
19837528
39250316
236327172
407766714
475296846
29328707
71210524
29726578
263768986
206255645
407624682
107391777
16649758
26832834
487833518
279011610
14647570
71710454
15862891
17918545
19657855
13787402
32372834
1435461
16245822
15110431
21581503
