4169882413
2853963265
137245465
3697602629
236175357
2444970085
34021457
605994308
3318363842
3251134364
3860223852
3270410766
3639646459
3312167435
3352314340
3433497197
437033012
3145162683
3315330505
3422747481
3422777409
3422792309
3317054606
3425793279
3426111459
3426870027
3381146056
3317026459
403573087
3315231834
3315287256
3315226170
3315327043
2899659853
3305196072
419756082
3116378043
115446687
123653511
243939268
3303293865
3372084753
2732199866
55117855
260521592
2428829443
3345788487
165513858
2890180285
338034086
2883949766
2337049410
292482700
83723709
326299320
2867921877
1315298502
3153993170
3090672667
155997273
1584051084
600435408
493581434
2798810741
3038228017
312196858
52597599
237434615
116530501
285312824
73544251
2200353085
355270203
1097548681
100695024
808060747
2307281101
283849616
37728305
2881024622
325650454
2902692497
26551794
65466696
312259017
300626460
2977019564
2990209535
336343787
375869458
471776879
2709152000
21021296
2551266554
2416012664
2837643903
168324287
24194786
212809343
285913337
2712802334
19380829
430048955
16419440
532210913
67539981
198046736
423924861
149408207
794404416
822968239
2687783726
209865267
96941351
17448965
419254350
1764205861
416000456
391757870
389690435
426303738
274762491
557435512
1002155677
2432870412
45181034
27366348
39178857
343677538
318122808
2579041025
386892052
161719373
187619368
302261118
120493342
1332733722
355272121
386831594
1242198630
323479386
106469888
387247549
301156494
267486128
2391832531
74019296
211354533
31652143
399142814
84972939
422045516
82419049
562993784
303590282
259124157
770775986
492813735
335518037
851717149
262000484
272710724
996350096
22568264
303910869
169580959
823942062
232997665
348217963
240473844
584953077
204858104
2444280780
197674803
24386482
40407560
306558128
395579737
499311687
463917853
1072053368
437909479
82967688
981553506
215840689
252422834
51287598
140510698
2377370479
1222861135
91820884
23753676
123643872
945250110
2424405384
375905404
1480653134
277599166
443284243
781242812
305287580
49755415
497494676
573180320
302442459
302898515
712454125
2432933953
305763510
332573448
357789054
2434237177
2434047816
1395710586
47107251
28341367
333642165
233336034
36242989
312454500
254349899
309696919
975419778
37951624
64344247
2405017273
301525809
152242881
258108624
742062104
1061750701
154923520
344834989
314176432
347341087
147838408
65838199
310400908
307681399
431962527
207858823
261470743
253752665
422312465
244765746
34005146
318843266
389585318
142526229
275411233
177832071
38931765
128700485
445235811
237975550
748552320
289599815
84449187
431343815
902712066
243984242
1153035830
2420557560
190117898
99428334
357538558
259929869
390523505
1064578026
767782292
543981673
380018801
844823676
607289434
249392284
17742926
635342605
295469827
242616082
93238146
976728150
977537262
212091523
261042885
344527796
192721818
486385536
28918482
974617429
862308116
33327244
480560664
309526034
329928347
996144368
163957507
879031232
45987853
357005313
755874782
853652209
357724693
1030076395
327635814
559989747
756127820
109504401
1056010813
243456925
101603510
259573392
190417483
193924332
340409130
246000510
330752890
45629738
317401044
378750471
377067332
1081905721
442119520
1093878314
292613763
1099531987
14322793
1099395710
631397010
233640558
1058190043
1112602291
1117569896
625014193
88798353
1127094612
281333678
361406030
1129291286
265639066
1134965545
355025858
346116871
196870965
304577351
402996037
1141658424
789795271
16323172
456276592
351020275
412824781
423964338
45072490
22323087
369690043
169342525
28413080
458842653
278152929
1155851617
483302605
1110633410
274513930
336131326
563533573
844402460
340454575
33944320
26946095
252727959
862485420
138785685
913899452
928513968
239929049
1193715474
387551830
135521859
1004780238
1127184074
1239848894
709425456
764074172
1250241018
216253408
150781613
606807302
35565923
1258433738
1253172992
1255708722
1010176495
163343403
151342304
1258432375
215853929
1071160675
252451216
84873899
405254607
1343497004
1114677422
1327234116
407468784
1339958670
1255801207
834600535
614373246
176841132
9752432
554407526
283866353
369492414
479832254
262860392
30091322
1373677988
234567539
54671074
946393819
1228383620
196274873
421298651
1444094413
635950322
72428001
516239517
624298892
367946116
1504256179
1514547966
504141315
1195819542
304514392
322169651
1608499238
1613474262
21460092
1639500032
133060217
332021034
17850264
256820568
43248388
1654310594
160622215
1657902312
406687147
269405701
612805050
701369438
721354417
1166849827
18056781
133047921
18961745
599550823
81957674
1686771889
243491205
1698198582
1539779316
1695623287
71262995
298892184
1705459447
998011255
1669168314
37444852
1684496354
1373436138
1686460650
340657032
1413670716
328176797
462966675
564804788
1555824030
225955223
1878053653
1572151776
355276647
100632601
347402102
827615605
1880448475
400301853
140831751
1611405655
1841070769
768628051
1630420650
242057309
1683954379
1069696316
135711088
30461911
105348279
633158620
1945330290
1955091314
1960712658
1963059247
1735265346
1287552787
47258507
1915397629
252309359
1766628326
249824411
1948074884
2153298954
1957739556
369892823
2172540325
152723999
175308390
551478360
314743496
34382948
2177237523
2177312789
1120687494
2201463697
2186625947
1941963224
2172656567
352501279
2235041282
72539411
2275223802
1956805014
289067562
2384114335
2385659659
154038995
2385734544
1688411022
423937677
469954873
411785983
1005114662
2147778114
379473814
2174740844
53503869
51574968
325204408
351680355
118230799
72329298
2393868331
579931652
317459781
246108748
284338927
495606967
64312459
58569413
620637641
196401156
2396726238
102501058
2397215438
2337018415
2398706556
31027375
2400320804
263668342
2393561652
212365802
2410982000
495153072
2387913356
1265079907
843741516
540307348
494521102
415169418
413690626
433898934
473563884
339310871
615681430
2312714149
392918965
448483412
457084940
414476913
2366415408
635577431
496415954
2359730664
304517362
592278926
255821913
135004020
237969850
453441791
26669130
46493558
291913797
391546757
21882470
58995976
372415973
709023000
356573233
1368750348
342577725
375389481
332362223
105941897
287864959
497418555
360366144
467666569
1242355686
22438492
57405098
224387165
2318258311
2332613779
79015615
536562750
283145967
437174052
2334526489
356547064
381274281
51611034
440492842
38858355
1972177800
99825497
412715295
1067314993
249341671
1322881854
355002682
201564261
434246102
216572264
983858504
341302226
320033235
47142768
267465712
704354755
2192613096
2339593574
220585251
377757774
1112662999
115764550
377791884
324204694
1700350928
2149160051
378395235
830516372
314386216
950398644
48524414
2339575370
2242787707
928790347
529474082
380458403
83300366
936194154
202347327
368687603
254650414
129209307
2176972416
621547186
2329040184
2369566272
419134788
256664816
59661812
32559549
23271763
177645704
2353438952
550659518
2355481315
269046059
2358692545
419587825
2358528746
2305120224
1031385841
426320712
37687673
61131463
235867893
350092448
1165019664
2294628337
1687257132
1686885986
403871577
286260197
198672799
232473491
1232642575
20167908
291414658
127461016
44172922
2307674750
709607168
362221340
33673875
1688580037
64306549
304696357
610463762
2307239995
273242894
2372570107
154776094
30256882
29852375
257001374
23859273
1468416349
2176567040
2265265021
274734653
370834423
335803914
168962827
273194240
996517615
438616760
386879495
32870558
220701079
167877183
2384219168
254887624
405898803
180805292
228460769
484304503
1297084670
1357905385
393596580
2344060050
152339092
304999870
338895554
272633658
1471376293
68315609
249964011
256333510
17137628
74506358
88776580
128246602
158249492
1581289837
316438899
469408293
272709781
34637022
325362108
287954469
1360375231
553711715
215780749
359036089
284265634
61065352
344478125
401680690
398097450
2345798562
599846005
251205963
1146633307
343804402
486287592
469766401
243043702
348610833
52623649
871796400
1523690564
254846504
406671523
114357303
486138808
262832708
1126593422
402429426
316240047
338734734
231529797
46188441
808157772
387819190
27364566
1219500594
878064565
1856374200
948460339
213545892
335965421
287530435
440131338
433074230
307670935
135904761
574526959
474120420
358579250
47157893
80856136
172481578
328198811
42478379
83060052
571784239
588652396
277086105
322386932
354717696
110598713
289088683
1549188804
37098523
37473169
498104872
515080451
345111818
358999835
94169378
44382817
521691341
214508245
499401975
360867588
392409938
24541186
262677985
313581965
47914977
1447023002
338506795
369867537
166313584
1055584374
436961630
39562066
706219477
932874379
198369863
265537987
287700512
252710775
301702188
531678938
70031867
188980699
290821198
354603486
769905986
250656099
287034996
156344413
1170707082
225981704
381882444
519191390
31595806
216573801
398424603
741820880
35306956
562543261
359542085
17762306
52862947
294802907
356900387
407421043
72712322
216038173
879306181
43179359
351084921
848542382
57464203
276142260
807840205
273749148
398027246
307162761
323491793
334795718
268931135
450288825
467114333
295995246
136086189
420877263
34736213
426934100
299401249
66861048
439789330
276074614
408306967
136824678
1115871656
1202721847
233729546
408747706
88922618
338041383
741311172
371981626
332571709
327087967
317408414
295825011
122265015
601445164
386364643
204121132
258962957
827995194
385137191
1228838828
256492223
22084156
422734771
1384911486
281860325
302333907
378210411
188599168
278078086
282690522
325081723
358807928
419146659
346736591
267838048
609332806
468671691
366068767
386296056
394935025
30562186
162207301
260453996
355916164
1132948555
68328712
81642939
19687594
357302444
336858822
255300954
216594244
191082277
346146330
325259268
257003835
270596637
340975900
27924568
475291255
444209996
596005289
396286392
455811057
333817358
483294778
319963923
389768918
486097866
1116077988
195977750
1315656703
102553371
874407522
419755082
32725465
360167138
363960803
857279042
1156378279
170120139
365838403
334471608
549443017
568317692
378200112
40412360
173694761
188943295
80411402
573015643
469562033
85926332
172923413
1046200170
236520528
276604588
31550617
52478941
121277668
556296853
21844269
219740898
458946330
467008230
353221744
385680835
376551367
365609590
186180317
870979520
298164147
411956893
368582719
428422036
1110429414
556057033
359222942
318722403
310557311
89560548
220470307
533949986
42173872
818025248
164296667
433891324
1214298265
74854491
275675570
28009275
304189613
869367978
1413926124
1002990643
598796325
319281285
1424341656
348133468
369669917
1375582724
1449256783
41745809
1377322334
320561994
1454835296
368511210
1367821586
304802054
823969465
1453090260
37848320
46582114
172498127
232004411
383262649
255538058
27186072
1187539393
917136926
1504125710
255710111
1508498244
725280013
632589297
1011783067
1510486903
1255610719
358314173
405651096
382107589
1528804796
1529184590
58878787
32241770
1095646328
479179684
1029293274
1537893565
1480607850
95269921
62071649
432732785
580020269
31794276
307035587
254656280
523900784
347628360
405260122
633131513
1375503570
326948804
340084407
24031891
176632235
356513782
285659213
265685173
265555500
195572072
837741114
257773118
308741694
732725317
254911334
375948470
1583214283
527946060
317813998
276133201
799307197
301124553
1586945810
140277618
346636698
1468095222
28257718
270722938
1591494732
410416902
201936658
1598667362
371929992
310594359
194402571
622093940
609302484
357553818
322694476
245997619
25644836
157062683
417496266
1634309256
613512704
1599474145
275307424
180950386
221534329
361668427
176270164
27349395
141268883
412590317
421407255
155436297
23868595
586720198
65734736
253576051
243030230
307734078
174400926
70183805
183342966
27382421
1641075722
586061955
633982977
1375357574
371865322
333253039
353873371
60235777
313108398
365745844
23858279
529701422
401769267
507828839
377683537
139896145
35226714
279279600
755765388
369252662
351879522
314802297
319372948
359796600
73566214
596859508
401695728
32242654
511296202
265489120
305256616
345148112
192098029
263968641
348828347
35493412
490910379
57047171
58616145
33778383
1659032929
549386999
354634032
24460667
553982059
1076722920
441326247
1660452954
111221423
345132905
48448210
484059336
229220538
1378231669
45612753
284846119
276295260
364028181
444188284
619013812
442473334
305166245
121235907
269075347
22984966
354637617
258611209
510628734
1010166780
343541667
352775389
30599839
329346906
166190532
228457310
336947066
617486259
486262101
327287983
287881192
301810776
168239876
420878947
124376484
263991523
1669217378
1397179634
257029638
764516066
236167122
380042403
304788879
23649630
156114693
719403254
1293280212
14211910
27484509
550270098
435539397
34117372
369247831
251491135
183284437
827805560
276320544
34283724
842852030
462574541
245143475
787715646
361017812
1223609730
39175081
797018628
180238440
220832604
25560155
401614147
1345736126
106246781
385710475
106887517
874214676
363779699
354519122
74050508
567502349
285419538
255315551
225643000
410041360
474091620
115525496
221640845
1237366974
433097608
411582553
311397978
318841206
800461658
161964922
539605998
470724109
583891218
533485822
206545633
928651081
774820842
272761378
372634281
1041261949
383841769
307037669
597153009
57849342
300634627
503320148
97717027
335105491
341585833
246963002
283340558
262789811
527818653
213536923
1107994748
412780689
226847978
335034296
427089188
365862851
269912935
586139245
317449091
305278982
1710289008
51091913
316576371
865296919
349310111
82248541
322429472
382105454
380609764
313687925
442322192
74002462
35900757
1730877324
248420316
360398268
1733978263
118515453
483540786
312801924
258596239
314221532
923980694
1029674233
204480755
355106435
328640712
826294326
418390942
1106509489
43739301
361282537
427769609
605963140
326294527
402985461
415815063
243371097
198011291
341652295
1659181622
599747923
56583221
367352833
199833047
291479994
389185891
82214976
1880792947
1849303609
49974370
1892275645
627911859
17589769
1697401428
885032532
35562992
320375407
223705686
1932226556
565064284
561545260
62082098
278322421
473335291
174511974
387414086
436296856
1948485541
599890182
64530092
244379916
179824146
389833535
1970608758
557458908
814179084
299276518
52904111
183479668
270163457
360366727
128410707
327511452
191309919
17240521
115962216
338422136
2177122518
315648238
359765783
1491695732
1226853132
441504068
255131093
1653459445
702179498
801744416
2209930022
801574693
505395798
292556889
479491574
2239977396
285158028
61121556
1069404313
201004773
531011091
501013498
1262022254
1931596862
533768073
260983025
316632199
343699709
405213413
1367769168
2275320042
2275454802
772028334
158046114
2204866363
386023180
340091126
254098946
2207997312
251949823
16268340
360367174
53808665
291455131
1508208078
333866568
59900961
14827641
842944958
2240017310
16834101
2307387848
16073924
172229996
173339084
489896656
363773791
328851549
185285374
456872471
53073489
568710953
623265502
181537036
390435649
583348474
426367823
268322051
2207405052
2317524498
51551677
389161908
603299145
519894069
18366193
309254940
361332299
2323380890
555695241
2318082410
321598625
353161844
375839051
325570226
383779751
784878978
322438855
477201801
346326133
41975164
2233537026
1157419898
30974292
430263896
345574435
589601657
1700398357
629903302
49045287
249906003
334741263
116004230
595145323
207339868
377128761
58701377
425222729
176599235
724358089
256112606
342492599
341089485
213456651
393783906
92316446
21355106
73012669
310514645
67494142
1252541376
61698439
75624389
56796278
1668822181
2247765384
2231007864
1948617937
2290187083
456038960
212437452
17763883
266335266
143257019
208755112
250494953
319947238
580129426
42984742
250015879
111707045
1723138368
1832752303
210712524
1534433268
344875929
18064468
205428550
280648207
35966135
1684533302
500034618
90195892
22930958
203991783
256161379
207804154
380968320
20519719
15846407
68330395
23996721
551278206
249308181
64464547
208604452
69377495
115446862
117644980
62887462
200731391
141989104
50901761
269601606
238351000
48017578
618385244
189016011
618306219
250766337
193982014
59268111
407912092
174908960
244663144
405810222
314360994
558071480
249411214
286444206
36533333
348256200
333637200
184632144
338026805
186332358
179219070
420469215
399637551
521018001
792003649
318642630
974897491
342325181
361503037
1109591107
19201915
169607896
18385807
374310033
612241759
286435625
413736699
558219419
184989078
81543719
293295238
213763655
316896267
23770502
14834250
870043220
33600157
145010790
926256846
32511133
131234658
30248029
291797837
167466750
285814385
330602398
550635130
252358632
310535008
495303527
175118947
573851049
74832434
205562468
48510347
411986759
89288465
404195033
285277255
342151431
509506415
273231966
368565519
478136900
475365026
193867537
31456546
134208542
56702869
198956632
162044457
46097093
243760182
204632876
343358997
256203380
279239110
36742781
22076774
21437452
260924007
15413043
114609586
140196247
78114017
263376116
153877429
112944594
289418264
186501297
237333839
191664729
243236975
74302001
252842203
240859071
93722720
7166582
281366108
236187356
235792711
226318039
28496774
94225854
15533253
95308257
236552672
250295781
226735919
138559847
214986812
37957896
117288714
84182459
114625663
223278069
137539362
152080881
132303731
59504346
243471727
249226907
252914412
87517577
95346455
122867303
10135072
21705478
23620660
22203223
62888867
15441117
36066261
17933746
117485485
64231050
98292019
45850600
33617178
98193260
25915883
20337360
25241739
25516591
69708737
173213254
19208051
129849203
129214472
22302736
69433989
56585908
135022593
168910452
24754703
78980905
27479576
74948825
14325968
163720531
182681925
169786131
53164682
24540824
61028019
31198801
