322229130
205732919
4149742882
3309149794
3548145735
2657225238
3997074503
1352668002
4060456797
64723867
4007899992
1427640787
3947645897
2382053336
1911524558
220005467
2431785853
3785586552
3003803109
2801764678
3832747223
3461397976
3745346543
133756797
351582308
459098720
241416931
3342888298
3385572855
423753958
3507425594
242022378
3310859914
3526258539
41381657
2241059892
3457831036
3257540895
1566010718
1476947744
3377847723
1467127267
1133081606
3300791196
384182912
3398663777
3392338973
3381573255
3286639908
55295275
590773477
980738562
3045015603
3354986981
378910974
191150208
3335058417
3245493350
168371479
86292908
3301509496
1372189993
3242453924
92059395
2392800590
51519389
3234413342
3202351625
835435902
2268916306
2538207852
3238205853
3230785884
3230913152
2885883298
569074040
3192185109
3182146106
511297315
2184575522
3254236667
3019975299
364319964
3240295671
1261520766
3236148113
1185090576
3017977001
2727965386
2393172355
1655163306
538180156
62346279
2563681808
2802558480
75302402
3055840047
194456924
905718624
2790341378
1670510527
1936133454
24905699
3069541245
3045060419
81114859
3074327583
3064857862
2227658107
1860890359
2491636212
2796965408
1433648094
1909761859
2612917682
21990664
1159554962
518807220
2821539472
927924745
15242743
96102210
2881578898
527706284
1517072341
1202115582
2881478882
567228748
463711153
1205718840
2777471661
37120612
121437821
2935123446
2613139075
110441210
1416667538
2472628602
2904839271
1667300995
26530673
2690286337
63544824
491363452
263407300
2772965208
625606042
33279328
2412822440
14773239
542747432
618135842
1128782370
2293415520
2814985341
37813974
1874790722
38683025
114857580
412933559
1075868107
2276255216
2688123266
1530953521
2655435078
2646227712
117671688
2601226675
2449436522
1563222266
2376013076
302176216
2437006993
2393023358
2414788774
810577974
332803704
1911220147
1662391848
2291347014
554491879
2238233438
2230080559
1327638445
2291778001
380816062
577132453
224631899
1648053337
27158603
1208006472
1100752052
1324577425
550448704
38177845
1942575240
420574055
35306978
347931190
49832877
127872680
837693559
26460852
58431280
124991617
111584424
131999950
1077904332
71210524
1223958859
487833518
773556150
32387946
93950513
350424151
342632844
424326760
205195655
160590087
75304043
32372834
22750673
320268880
89676970
260685403
17292623
175691292
74474794
183548902
28611038
21237486
55351494
13918022
32147629
330292980
328084265
147526256
118690641
100068931
66036462
16629477
15601423
28555391
46342393
19256096
67003972
20444968
102069506
119401334
23442503
43093791
23184591
49726703
70368755
96206129
68327893
8653962
83500405
19344270
57579512
28567809
12819112
19342625
54664239
21242028
33474655
96779362
72910816
18683406
84395186
34222024
43199901
18499709
18198832
27024872
16245822
46485024
44203296
82761528
14834878
14953097
19837528
25997546
50744866
28434229
19658826
17089636
15134240
14085070
6612402
15862891
30064358
26748889
76955139
77977848
