3302422718
17906632
2260702452
22674756
831494238
847793737
381131730
615214895
18149160
38115569
493516384
325650454
22930958
1117313910
1113382740
2548603866
1262593646
428333
2149787924
1547413668
1160715992
212091523
574772067
2247765384
280791842
368087247
405986416
89365992
283688276
233780014
139858167
186332358
44747787
73544251
169555484
66496611
30971588
280625192
234203559
65466696
270666593
23507842
104287658
69020729
21705478
22286564
245204922
46018419
222486472
430405371
475365026
631397010
210712524
275593434
2294628337
223916227
15211602
455437631
24051855
97349265
75077661
232499590
15441117
73181245
310535008
21437452
95346455
292531199
847522388
115722844
24201493
495153072
208755112
348637508
186180317
885472194
23105307
551278206
287829568
48017578
9998602
113685351
62888867
807095
102774442
1343059993
2467791
1110486708
243236975
87818409
198672799
132677499
759251
243368452
580129426
205428550
56702869
42984742
335498133
1652541
519536557
14600977
28496774
36066261
870043220
93722720
1131421448
23620660
51241574
15533253
30248029
22203223
7166582
78114017
38354414
246102816
868458092
374498964
361455006
1115440890
136824678
22976125
322655538
30939952
1064661
214986812
