380816062
3013221118
3906202993
3444976463
626548865
3241585743
1845459871
1228366370
737032848
370101469
908127781
615486248
2992578419
131274654
2444748694
124277630
2185187416
3392519825
3292751220
3365790887
66322976
3279643866
65937473
3364208597
1863023976
16799752
3349184469
233661443
3333526492
1151362506
607337887
114142293
241416931
2273196877
382249151
2879700729
3045060419
794088000
3015021921
952037898
2895967344
612417197
31968745
224649265
32387946
233710568
2538207852
1681610203
1426853076
1001814451
931371493
3045015603
1674094994
297695587
2444052414
212237094
2468952376
2962429571
2716952220
707924072
2587401828
2690114604
2869221478
2792042478
2891861852
111424934
2294321873
231956539
2764060346
206071884
2289978588
2790341378
229388721
1655163306
147149131
2674816380
2562977114
623494183
72494198
1120152775
1376893698
2625111455
563053172
2382286849
2544147728
269426340
2506087034
616203761
21242028
1598352888
19344270
815230687
131119259
118690641
1143379212
2383827776
22478416
1250144246
17136713
370907274
2291729828
2292210726
150632987
1435074373
133239513
131999950
206473179
40870398
297727732
32331234
335991063
938704483
566729338
853200612
16298921
325126593
283907502
65303217
21234787
234847288
1577332651
196855404
561297215
1360157540
531349746
309651411
200276005
409317141
529185379
1548515089
63886603
589113225
256214604
29067047
468743137
107037417
571902552
235072498
106580083
269700525
21744308
200951494
1394613888
91305834
1364481498
234862108
62183077
285403415
246877444
1110339360
15201021
66846840
200084238
241614857
601045692
452938473
104446059
422042612
28804598
146485378
91446591
276602300
14397125
320210499
17804329
79478121
334292179
2667361
199665636
483766568
161939929
310310316
34878510
15186930
787765068
66964327
14160929
957336636
493887226
111991273
277136479
10932452
149559208
329309066
759184088
538342587
133659160
906835548
389099667
14889683
600533040
416105754
38625476
333541023
344676077
859505257
864294511
361188022
828606984
633557068
297251552
838650500
454724555
328084265
126714510
392973198
503575329
226553662
49270737
25995704
100068931
