2426832835
33388399
2175775044
3993065716
1731878023
306072915
1324096416
2243515897
8735572
250154979
2148425813
2237342786
1968536251
612473
395194959
481996040
449211583
130557513
3874350574
2257763376
2893151811
19674502
2737880177
277920665
132322374
3511947315
2354350817
1845894162
2961694211
2902455306
406004791
3428241838
3254040346
798106994
3065569479
9624742
337644510
3221442469
929220067
2679621182
1226817336
715772454
1202360130
2805671361
3243128811
567039350
3311786393
2375650320
717761492
271318121
342949662
51850045
346533275
2343101402
2769947658
2162382852
1709806004
593485909
2992396108
2795686651
296735526
2373485875
2851911752
187891145
369427348
920533116
248697646
209523967
1536791610
3058606833
2587463574
254098644
18839785
598274950
216590383
435321064
2936714848
344720320
2425514977
258560029
18452059
353751900
2232805734
156232761
702602845
250024481
1485838501
2596255519
26244629
946518139
78263055
1535110142
538095132
399351160
22754762
246841572
2833743580
320662182
61731614
155598435
251881119
308342093
193029089
69356087
132330417
466330762
2280286358
299495950
1537889348
950313240
434829567
68034431
2427828271
29412312
2522344603
497878671
75896448
155659213
450081033
1588371614
466376163
129845242
19717082
2560638672
44630476
338330289
620963492
562009509
17999549
215771983
533979882
2206553095
1181575242
2381799253
214599837
14573900
59087907
82615402
88171489
82821779
158707490
167464191
175348010
239823191
267260964
295574324
301233402
309143913
326113058
326177887
332032842
432414794
583919116
627343041
725769614
1025958342
2301252554
126955629
177265607
559623921
240338486
272621942
95602761
492191776
389479556
2232645146
1701397302
1454407051
1462725421
869293772
561133976
2155649270
1378889792
275081037
1501933531
525094172
288311590
1479708565
1629810506
1629875646
1595205038
289277091
1543282292
1856721444
626757972
1582688532
575231861
726748106
303211908
87174862
886855934
1529911790
821062382
710909042
275410801
292450384
434964976
15261829
450569963
213638459
501065416
1147346131
317188205
1522471178
1470634802
1667050489
1593695947
1727659543
285690437
1669754372
1637361024
1664497056
397161504
289216066
253588441
137445561
36670025
360440794
277955580
31083211
11680312
401579858
852469123
21638893
1530283351
1451172318
710731850
1471675927
1447305066
296714891
912540060
783214
63796828
544356489
1461371570
1435388766
1417153669
42970712
62446416
395988037
178272441
790752361
320597759
33835952
1379223859
256136003
485481599
849106484
364830542
269780552
788895528
252479319
226457244
448912087
1252787486
247653244
30239268
596436210
540687654
346432179
228580505
68382599
308721438
1108842644
477806259
120362612
320316357
270831181
564702617
357538831
364266515
569014212
281441484
67047017
362950823
331070770
105382622
343326011
15762708
96399121
71245454
39520708
58154652
315827597
37161251
333935142
339093695
300789811
22685200
226139693
238010923
22568011
17317028
59752970
324912739
219582028
78583843
14167997
60337277
291827480
237727634
223419233
138708473
96095889
323216653
4970411
237278846
200037759
162798835
37601149
234003659
43862117
211456083
218001216
147561402
20763821
129952473
35986561
127625898
225045002
237189703
239691154
220313907
18493366
8161232
79596159
89787662
154036419
188615792
89904726
226916308
195666568
6017542
119958687
67646648
92731878
113376763
18800126
21303464
183165874
38671739
121041518
5402612
759251
44950782
25979455
45550705
16681542
18667838
53037279
70394965
115141256
25985333
813286
