75069067
161801527
206089893
2976756520
443430244
17899109
36670025
73088555
35765569
50393960
1263785088
14574763
596156348
335538600
1070710692
3346511517
48734779
3372101067
202248612
1640509020
2493998101
217008780
55250051
51408053
50101725
97699036
146620155
453893556
19649135
3581457195
3587648775
3010216420
3107808916
2365307982
34892251
588595552
3131247683
234594578
304831572
82965786
2445400538
574796987
1277614400
97219875
1454160348
200235657
92288119
1267186561
3153771593
292970304
719350401
267923653
1947077328
1479626928
33169656
602312022
944348695
246172502
1439125772
3074457393
26849084
327348906
109576831
36318923
2826172461
18377085
2228671939
1371614605
498224093
385884267
1675457017
611897204
190175285
213246655
357648167
715575655
54165729
887235745
1008844446
102018028
263488167
878048028
1890768668
2394177998
267369976
2900431731
14161937
379613625
580987475
3095046053
141148895
3093450304
1484758813
2272594200
359037337
2301970598
2942978628
1920834342
267891905
1238888149
1285698235
253971199
2161739255
376763105
45571824
1706508758
1181166282
1269593336
862648993
222295722
424905958
357653452
281193461
97192363
2912785455
2965774253
1492417434
1364930179
1745874038
217471383
2915365288
2987426572
1391268974
2190933757
2855927253
2279162833
302042464
256583884
1475686562
2672328380
20602394
48289662
47355698
44623122
612769808
2416183267
2734459430
1249628898
35315865
619791663
43653829
1207944116
502278199
918401024
25387183
279526571
2215365391
282282694
22708797
549869065
27830610
621543
840392557
20596281
425766526
28160998
15723971
988178335
2412705031
565429332
255676867
50082565
449292219
41561657
84614572
522325755
158871246
1626704642
2472343836
366639038
15587500
348936080
377414354
285681923
521360146
1948959782
2273413663
116586080
2981368565
87260275
1653033511
348091927
51235232
1418011051
2327351587
116799581
22341950
2895817199
30189793
20969966
39735561
430026800
1484715356
844619190
41184483
25521930
602181982
2647377876
39732676
264366826
988031773
1241258612
18017198
336032424
23128066
766171658
2874847912
267860510
1843793168
39858746
2965953657
2412739760
1510965468
156628392
1727942791
440876536
139718999
36322074
1372151971
280630809
1497766032
3007523083
19420212
19802482
500003924
44395630
158366520
608057984
236328898
1577324342
260200119
319461350
154355992
18545003
352729839
20982200
1404963654
2932813026
2887383634
236842863
1178630227
1470274201
2858793010
544389588
358834635
1278412416
2706768612
2437178795
359962497
252950363
1353773384
140852532
2287011172
201018129
747150451
993582312
600548900
1451070494
557961879
256053646
119011652
129044592
999542834
979828904
999312750
999207372
346680340
2741778211
308475513
2302945016
2425994436
3115039972
167629839
3074200923
224308414
252472885
2584131073
34371343
76644296
57488375
113472113
17494918
19726161
972802519
176538521
922002439
20351653
1595044898
3131362180
372848459
284647429
385877448
42584564
34868345
302121785
228079598
44315238
27860681
479772349
30627833
62465691
521646421
105734524
152866991
2771345974
39497080
66965182
706825897
179085106
191002974
466369716
2726191
165768442
11680312
41103933
33388399
142214762
191778253
20395558
431650564
508006738
331512937
23274081
54919489
545711903
1438036123
738374239
1595926399
53335775
110966797
2373554574
151894618
363324676
1614966865
97503405
181975021
2180917396
125813521
1652610535
256935836
14492557
2869946802
29686269
1467212990
2778239802
2953037920
42210513
488785742
363009993
2507216452
2814560126
110340609
102919734
2497177814
80052851
759940915
895876644
17004618
25215749
339667353
856534464
1001508853
173829764
1005172813
248587527
240605588
106059177
903566089
278937235
29988272
17917724
47869545
325479750
441436240
632823093
1585690759
525094172
2415260186
334731474
2784989480
2385235728
22170570
172280127
541647615
456855313
1243323427
435885077
224495471
550238952
67023510
466420346
225227311
329866683
196192697
164362843
33933259
1616350627
156592468
552482301
1361304228
2478341620
855262092
266149775
2338458306
980267875
238268090
2193689095
1391847530
91071142
2193723422
45833755
149979753
255884260
52304536
705117254
619108179
348401580
234554117
18899772
132840691
44107025
179970137
190658399
2371546780
2389227352
82137809
579693878
340885733
217065486
804490669
82649395
253956617
66697130
1644953352
244963253
1182931465
27612073
291704471
33236871
2169099104
2164503391
241629763
40051965
175386764
493819950
620895494
1714904610
415461816
89304457
321248205
238193028
1603724960
1375155224
714000684
1340012552
193960615
161626469
1523345196
254516492
14075928
142377144
198697572
50295896
97458081
71534367
186857423
219620879
18152658
60879535
465492169
1259161105
932163222
551879343
510020231
5520952
41141597
301309392
256177204
20050498
222086924
127477913
109073413
117766293
35695789
245683367
122709446
994666165
39232507
57570596
211101217
278949162
268365044
18046344
22613350
20577920
147152965
330862662
66983426
37920029
38889064
16419493
271880259
1229340972
15762708
86271665
22526264
83833307
206016741
16727535
222374553
173123152
23743628
226862706
21663995
250208059
388742252
262680348
168686173
22471571
337270949
243748572
978621380
78608012
708496376
29702816
58985867
15058177
66629739
815566670
163808974
117391886
248616884
174984280
278489443
50554310
541318039
124436459
576972155
375082272
118669873
329703481
477557567
49610727
581048335
80906110
611532667
300866757
269713482
22186408
562723505
273030010
281696120
54993378
17803518
115372748
252952668
90384569
19644592
37759047
34630919
355477914
14672016
23594033
44601026
429065909
116439284
104481749
42458882
155016967
573903963
47934525
289732838
296528953
612770272
20510812
48696014
369982643
28337677
17152685
12781852
115002763
165678175
243997799
131869537
322246904
462754268
366532596
563128596
608992343
360775059
281427418
94612350
115770708
276453659
19871636
591767161
254582443
89196499
72010154
41321550
74426609
43157652
406266989
50993303
114497298
166978454
91797602
24891714
17969699
22256645
62767204
301522597
106993460
136627335
82064317
47963234
227387702
53620541
44834581
569785645
82567380
23050150
163156575
380862461
384924894
446569072
144563591
103241768
206166773
190593556
188699719
36049784
194276326
134498328
131753139
533304388
327259197
462233839
367894316
58761753
248070049
214822161
14790906
98663749
213372050
256902424
30838784
182283409
408683294
25083690
115314452
72329021
128308837
76665886
315932718
58777388
323156082
230507933
29046498
388899289
126916463
51794441
387763166
433174112
513503657
27368199
14412533
366168197
85573167
222464589
492406499
186331755
185109146
220966826
525516796
41798883
18278629
270355230
101687822
315378138
332964485
54189242
261670108
25088746
61410195
204935620
27474377
465298762
18213261
338266455
214397315
500577526
388165076
525085067
137948701
271397917
103632214
179127965
35254419
43673673
244474835
118659073
62803871
243637380
463026107
128990079
306641558
334739944
45514810
16365209
46631971
44843730
62752009
34585995
15453063
147485722
16510646
17307580
332433494
454422020
56967586
242815140
57008913
246664769
244033178
146028214
174365756
43317553
122066148
89149050
18048493
398069283
38120764
431900013
82849488
358083393
460038628
29658435
178826650
320644276
430631514
21634418
384870830
85532162
375226804
258931104
223523055
435496411
411511871
108411936
168591729
214827655
138811313
16973333
149836967
36960998
34086767
29209418
66632993
33480714
215537170
25510533
93867469
291790371
55524259
146099195
42912523
22639339
394841732
115385423
69296816
23832022
203655320
59126071
15340838
57357597
160851556
58932752
242260968
75779801
44949890
204887015
273109482
280906316
84314448
267049255
53898236
249971798
357242246
281936571
57326701
71583871
281152124
14293310
2467791
3004231
214544340
249117436
216472517
149863847
40039313
152549464
163848641
28211935
269839517
295500611
24606439
374422407
86017996
162077205
276997715
38452714
252613727
54218390
111249082
154011677
333653562
63719607
153121634
327248952
22086481
241103788
227394660
24853415
30181745
20456667
14122692
69083549
111396446
308065367
333967079
134584377
14083458
140780151
160142418
28297204
114511346
366094851
23579557
10190682
9480
135083839
55170147
20971467
13390562
312535140
45920781
24431805
228077941
356149598
38242940
45144706
46101140
33530844
201332947
365918699
366561395
211542308
8326872
17988892
95184313
58819992
361186965
16326685
19655239
353767344
334065161
278944305
76939090
14868073
102017395
87147656
229847733
250824910
211564643
339717958
57013466
326531520
87416722
74556187
147699443
7587032
347798912
239081887
64671127
298767144
13957392
118637599
145758224
346493407
216299334
181128199
69281778
96551081
13994252
235882922
350468984
2478231
49929240
48033596
34614212
328924905
25254190
191198615
57032133
163981546
41601422
182438955
30083241
106393027
278964021
257396979
27888625
334620936
335164565
156201217
296269378
168767461
314550275
19332523
207517672
191347319
23057318
39151236
25993184
214053507
51055638
24537270
17904983
230081664
306881770
189506833
38454708
22093595
91478624
17169320
38536833
64407928
23565945
72013267
44085322
198073388
273348742
280608482
68614745
245802638
182937602
21562073
136908592
297621838
19863176
237580660
25866769
218196498
285067660
234781256
23280648
25358131
87908739
18200338
18395177
296417721
102739472
80817644
21098456
14891492
115302672
40548465
16160687
179552986
53910926
21390378
203672336
217750417
20585360
155568211
24852215
39484641
128642862
16604118
21997645
39269338
62760441
46868359
48654316
89672048
55572514
40232037
25214083
112440440
237685708
246790034
213596281
213170220
109932578
247261462
224140066
59313504
258894325
209944296
89162211
80849199
62824322
211188162
19333738
15245376
192831956
87476737
295663598
41467325
257081570
194037551
84826858
26476362
263619434
267074671
172650029
56160541
17933417
34345010
24278900
66369725
36932745
198525159
187487989
21099177
151398019
47305494
38150286
120064644
18759465
177951592
184482646
126093920
18500914
50297939
191795989
20901584
30863645
34573171
27884506
43922300
45866701
8039442
25055406
40839292
742143
170206397
124381436
41805556
19011374
182733944
51241574
141163282
71594919
759251
141217752
14697575
140050242
48692493
32320985
14157996
25502757
43853242
39951950
33892790
13669732
171916222
20521828
101994286
165708235
44310665
112236047
20433284
117102398
179016458
184719252
172647061
20576529
25134349
23687471
25027806
144980580
45633200
54296806
84038392
126240387
134041717
20496268
88868969
127782017
138388408
28086296
47609692
23427862
14406230
19010580
15588657
38396675
119010292
14663698
24670268
6959082
21192202
654203
18228898
16735210
4970411
1652541
7331672
107363635
15801023
140399489
92228753
19336078
34612337
25053195
20609518
20432331
116706176
116703739
14151528
41586154
26467791
49677683
25086866
123945024
132561553
22482679
21388225
88034321
44336575
146585549
60865434
143884558
149580853
98397418
20663135
19194773
17962204
55968191
46335511
27606319
49939966
9315
48785392
9318
