3838714162
1155328940
1492807728
3178131275
85040127
2792532487
757679334
382728060
3645954988
863880265
19267482
1720837598
2613859267
2167059661
2517988075
3285680335
109025212
3334394225
1227885888
2474452219
990904392
244255724
2583382082
3298300749
86539401
2388371658
3286893419
35337456
1536791610
3121291925
226041293
3008072613
2802558480
2480103232
2892383268
2205587430
238309057
110161704
3002413101
110162597
113740810
8779352
596669101
15122104
44196397
2460368252
2834065552
2285467586
575655913
1425644274
2776934364
157449978
2333997404
1460990834
319789805
2467226497
145335127
2694150236
584848952
2428150824
618201967
998407880
1928214643
1408505041
2794393144
23034711
1547268714
2800364413
35888367
547085747
80811754
2557915058
14103189
897577004
274698712
1927578391
148592808
407200271
1856268535
2358872550
2678236062
225914120
2561467814
2562724922
214099847
1499925510
1542662550
1561740907
1074742087
1413173948
2516897582
235595866
575376053
2275114487
1685908440
1565839604
2469853436
2194507915
761707357
75947492
31936449
2402497014
782615960
251456768
2290024064
2339397540
2342928961
784088066
500073135
989625055
2178012643
33070697
2319375978
20801254
2317806145
30364057
1728335761
32740527
935049596
360258516
23690711
275680890
618135473
2285471886
1623676051
175378976
1860643232
1253721834
24895770
911624340
224223395
328321838
1571090821
400086007
122973487
497219112
19561660
596654385
2165734609
1561263980
220145170
93494670
1863576204
1949299478
1534426626
55525953
1015851320
1855065835
19668775
330101315
1915185822
48802212
1636590253
44695301
20813318
369774706
632538212
16174754
11010212
39010299
1676175931
1671296839
516983196
199737585
467905151
24209167
19375340
45399329
15625377
20245775
1097361890
390783272
191181692
20374729
269043415
1007272646
253634905
164979269
17385903
1217132137
466062053
18683406
1339835893
8479062
1474854547
19863141
322061462
15858751
16337598
17670878
337412825
452408412
1425755952
298110105
47475039
489929554
256793538
214653213
1402183777
46486816
1099960304
22412950
543714763
1357847084
581145322
94864729
339953709
59257007
30923
71557700
18964074
47983577
1365748320
225198567
14313922
22931893
1327886654
10102882
372475592
15273272
21792583
16311710
275567659
16939942
41150196
618148839
235000147
1286506417
22554631
528664069
182530815
242328548
22674756
1237502864
1120098811
13251382
21213611
449133865
116867280
318053222
139162440
1205345400
870397447
52010875
19420947
1158733934
79836272
16196443
334263857
228586748
185910976
59855448
1115365544
274063094
342250615
19132700
43593
1086856981
595272403
115127371
858317990
856597592
411697025
589113225
19767193
100068931
216939636
138346220
139199975
416512426
829099776
635123740
443885191
634112471
588284200
17251787
237409428
16210723
514955678
15060148
169632361
172852142
31080039
493533362
6705042
580411725
48013192
770117712
29343227
33651124
2609391
125695429
12285052
52584039
303598509
76699143
768562657
59518694
107174526
200634860
12615382
577178402
17881832
600664133
15473958
561297215
191377310
40221991
620075476
713648564
22462234
17970914
76997832
28912478
47052852
618935597
196877476
176883031
82920974
185413913
216453702
19108922
17045933
20649237
3795281
135589569
14441838
177729631
222128742
576794667
562817107
273578767
575932743
483534226
32995184
402875257
535935041
48338443
19534829
425265172
53898393
139627907
54976457
14924849
327018096
22478416
293110255
26527812
166284268
518708089
14109167
26616462
543876839
276643081
478977116
109434119
22964911
537511935
326844718
146978606
184543773
304233264
295746051
62183077
407759861
253849261
6298852
164378378
67900763
278182027
30231500
405033226
463157089
16400030
274626857
454423088
47691275
281981329
46300208
16678835
254791849
329441556
16960160
277167523
22763701
15276911
24001758
18773329
215455741
14985228
430851520
297620568
20361904
223529798
27143494
37376216
270565078
220139885
224938017
390738576
42697288
380816062
85627837
219081018
47367118
341662440
225911067
9943672
174886575
26723969
262365030
317216139
51518017
235893096
15496407
15974376
58756672
3056001
336150220
46498656
6161062
14212399
212299083
322885230
18284047
320210499
186814385
132628936
74599038
12184622
296433450
12413032
641433
314758565
110520327
793926
177005581
255220185
293116923
39282190
17100940
37976723
10136222
11824072
107037417
64319270
320268880
9534522
169249504
295344317
17061155
14897792
87569989
29462444
6687652
216793572
293850289
15757880
12819112
85906238
39694489
39351968
22023030
48160604
165551457
155230346
48564118
14085070
183548902
19225408
223560830
273824942
17643901
32427234
27924685
93244606
37334808
21942174
153814910
248734135
643443
26571599
19047758
5849202
235261861
241408518
152862026
41215558
37732219
112142275
105529826
233364902
32729442
17220817
9587602
15862891
51837775
16122379
56202639
18089292
59221014
15858016
673483
153117308
53082555
20444825
148827435
652193
34677653
10180222
86626845
20038221
72418997
130570965
19359515
19348319
47553668
189562053
112017535
14824849
46145761
19416598
63837338
44570946
137836269
171221404
143086518
76836782
145768294
35293
44732905
3496641
23879502
2735631
102827305
14704086
17905737
16629477
36814136
16274109
26277608
30005585
18414364
38149143
29601340
19313995
18241551
8940132
20448573
9780512
22353109
56564230
116877838
69133574
35304791
17047208
15154811
14738561
14231571
16303106
6813682
115485051
106823581
16170580
50393960
8040382
15212527
12912642
18220503
20260548
24583403
45373841
20657524
35404273
71314474
14051577
62581962
29838794
21363091
49279727
47976222
44199504
10760422
19843630
18794085
20749410
20778387
14749606
26118597
7282592
14324284
18907022
734493
17220934
19992183
15914078
15753567
14749383
2100521
9618642
12340562
14667274
14348594
14589511
13943202
1265581
2070821
1422311
862681
1835411
1919231
636923
2911221
784912
33423
