3017070604
128211280
2445149407
250017998
2699097006
394272421
2191109263
387099478
2586048146
281532022
1638600062
12984852
2281815355
3096609471
1364534000
3549644715
15028704
36317302
1070703408
720083265
2742098774
253388937
3334394225
2411132402
130579391
2589800258
97464922
38427411
2758588703
18910354
559910810
260285719
3313175056
106580083
2535272285
2763503587
270380633
162496681
143909021
837435174
760065560
602669747
14897792
142981992
3104414019
1632853128
2240385636
3055851137
107236563
1644854538
20361904
62402605
481159349
2886992435
2438782558
37732219
2487853952
1159916784
42622744
57403660
22478416
390763447
865184276
33360722
2375288959
18065266
1900944043
26710373
2794042491
20047230
2577152132
2800364413
2524825386
224557597
423412908
1685620472
1704312426
136532538
1675835634
155844883
14275129
28434229
390217171
200634860
132307443
20633355
331029169
1316604529
573052442
17843175
532284837
2565381618
36367955
338941467
71489791
2385241033
17856025
22915471
1935595820
113022633
78575338
50635380
2292800359
312682186
767180490
112381580
325032216
410743454
564908382
14751214
122406044
1241258612
7348612
40846478
634958568
5383942
17550317
330204167
1924615722
55158413
323800792
82985064
126497231
373388432
17469186
250445448
44724477
2342928961
564855281
380816062
59126394
64381024
20624794
80918348
19581702
91651447
105895450
43968258
48966898
84351228
46959037
1489776218
267664283
390159434
578082150
16649758
33521377
2275196430
350424151
200653387
68216633
22419487
327016927
2254974060
12819112
4339911
19668775
54844712
21448858
2240306478
29093157
144972081
1954023469
2182250093
495498585
1227295489
291085537
311603420
495041536
16958570
158665018
25671405
15016942
380205172
1722650852
105075809
93348874
88928275
192993369
381932497
65357102
46342536
1889774671
14691032
43093791
1264547191
763483358
575655913
325546426
407031865
358862836
7079752
85906238
22911650
16557883
589535421
20342875
16843817
215665981
1241263495
628286960
28364135
24317175
15084702
272946649
31484145
552333963
365338636
57030951
617133
226691837
318053222
1435074373
32615991
191503520
1077802308
26506721
1123955556
52327895
162003169
89169314
30005585
259277766
578473908
47393723
1545130538
399446419
461099519
18838624
257875741
124237063
1513383372
1410316838
51698728
1513221576
1241433806
1361902236
15282673
1219888003
79997785
87818409
454724555
364319964
409154376
245682624
17232935
486743979
256890931
202968431
256793538
191463787
326719324
19256096
16629477
20142273
380749484
531789491
117375026
621826297
267645516
429169198
5957992
74599038
107783
16366760
93691835
573832317
21987362
303659838
797827879
131170155
856471832
540333147
16602000
33521243
773450
274431472
59221014
87223964
145936590
712026258
260900441
360814176
137836269
210672830
24461482
227753217
396028231
101712079
16817883
569921322
755404722
2444351
123858892
41150196
569734172
949931934
93655345
897921452
18089292
82336717
19767193
486300066
460329054
545422185
299306689
96111619
806617046
500609998
87452646
56685979
57579512
195180528
8994242
35306978
10772102
42635826
21928178
223560830
67003972
38762773
198494684
17047208
17841678
20429344
543700209
486788669
14953097
20507623
29600755
216793572
290298526
39351968
41592143
18048466
43878033
14585201
28541808
37710752
14085070
32372834
40914713
87510486
19182316
45001035
111020569
7144102
14000542
19114465
41495385
309279424
24145340
27596259
33249457
274388734
33474655
403431413
226273500
487833518
395237019
15154811
538485025
27143494
17939037
20750406
21576334
14324284
264399952
399352642
317650251
28032201
242333359
369468391
179036742
39413265
23932994
204045132
18316863
277559216
19785425
420574055
19541922
18168650
20164698
63743833
28567809
40234732
256440168
74724779
400151277
466369716
115095147
275690183
66773314
81938389
349219385
402837975
48289662
362346044
65134016
87480860
17251787
169633285
342632844
153741680
295865792
51837775
16866617
27676108
151821739
46644312
407778455
177684507
385063863
397552950
342359261
18999920
15492359
9207632
21410687
93315494
22363802
50014224
5988062
71210524
20523099
39522692
8963722
15234407
1046661
19658826
1435461
14647570
15110431
19712106
19657855
288300494
309153127
269700525
14834878
29460483
87252725
291656638
15716743
79349696
12692522
330860720
237245686
92125704
281833369
18638210
2443051
56593116
152889033
22648402
19457950
49344076
49832877
18477428
171753220
104849636
22462234
321867061
39965213
183548902
11791912
325683121
238201947
15276911
14295341
20809019
197147168
220251221
20406802
318469676
316548528
93015504
130241862
21237486
88428517
119696983
19837528
69222411
47555939
46478786
208988759
20863374
43312070
276587344
257482404
257488226
264914367
128287503
54680395
621573
21581503
7905122
15862891
78551844
201239379
37063745
229951607
53057275
235371654
181914781
235364173
23053534
110751834
46342393
17292623
7973282
20746400
4641021
23751864
20971256
135937416
18829580
59780450
20693661
57354737
23184591
41561657
19344270
115039678
19342625
34222024
78887067
74568958
20138728
