31088181
390721007
325138382
74599038
2802558480
547826546
1421082818
20142273
562328466
1132212080
390763447
578473908
1241263495
2651247642
314158631
1891806212
32624460
16174754
1425644274
2375288959
2786149840
2352296922
19767193
713648564
998407880
85906238
2246304439
1229638309
1489776218
856471832
23184591
152862026
2191109263
760065560
31936449
1924615722
226691837
1115365544
113740810
43848067
233364902
575655913
450964157
21576334
123858892
291085537
269700525
22462234
1235031679
228586748
569734172
223560830
314758565
44438256
15862891
202968305
320210499
23962312
45373841
19416598
897921452
19837528
82336717
256793538
1241281891
21581503
212299083
115039678
16629477
17047208
21237486
20971256
123582098
