4003290629
290009041
452340365
107751565
2350649130
124450939
566549406
425340596
571202103
208051718
2431686332
162535413
18521938
270325488
588852857
79089999
70517108
107391777
337357518
1607703990
2375289668
2710716666
334180397
20126211
2796525812
111887927
14174897
338941617
26603847
282615966
237409428
320268880
1742529044
819384343
135937416
482163835
328321838
880797595
2562977114
414751406
302981800
176371696
983159431
60913514
2341772972
1405044061
73870184
838464523
949931934
59126394
505650259
1655219336
1468181904
40407073
20675960
14755475
316327930
1284521965
2424151074
2391328109
43968258
80528307
105889762
1599066644
420574055
2386626780
25327370
84351228
373388432
21114887
44418062
39030432
1920215137
19776354
35306978
14403154
914119638
145936590
82962411
6705042
34951885
1180894488
18499709
1344951
45579282
543424328
380170437
14499829
15134240
44553548
34222024
28221069
714643500
178363987
384598391
183548902
350424151
171753220
175691292
635123740
333509523
330101315
15492359
8963722
46342393
201239379
19837528
16275266
521041439
390959011
22363802
1860665467
376664781
498848461
758758674
2263467936
14162706
346497127
488929910
22421578
2313699698
15276911
13249902
285907780
501546346
5940702
311093540
180810972
66773314
16996407
711416845
22068107
1733387202
90544961
122724789
14502020
854581958
1898653928
926290746
793517
28663223
18722932
244818919
1935966486
330021174
14793714
230944453
1905104917
1897749432
15674190
929684934
1679260675
529438517
776402106
1398893936
1685908440
14427359
1461653630
95146289
13334762
22462234
253221289
49068010
32729442
806545
407200271
14747526
1655442620
1428575976
22839233
183575679
22562159
85713423
21280247
15150655
304846135
991600273
1513221576
1281705354
293116923
146978606
34013249
1569180318
123582098
23032536
179543022
757225843
110751834
28939108
18198832
427119266
13251782
77295594
216356099
1024727756
192679212
1093324700
1284565916
544662665
333508711
544666438
20693661
27924685
205195655
95233492
15496407
173835882
26158691
320210499
96414651
636567908
889396536
593289567
556992335
210787605
146213978
329892811
622460633
515751159
11293512
243851609
274388734
52010875
15521075
136532538
245682624
636570073
77294800
269700525
17007351
311139991
932805374
19843630
14962567
112419076
22394209
80618068
104753494
146321437
13144942
304478712
14177696
262365030
365413008
19042414
239255514
621020755
700118168
201836473
472057669
567467234
502278199
552333963
402875257
15132914
93950513
313268820
53560219
380816062
10012402
380777876
32302688
27143494
385063863
127910801
388345704
27596259
289461402
104462518
300922257
17047046
148815591
224631899
54161364
184931891
8653962
158378782
20806880
21994103
45580925
67976245
14043142
19767193
40846478
17462723
43950187
12984852
175150751
25676709
14295341
27023131
155977997
41561657
13918022
22750673
15862891
621573
1046661
19658826
17248121
17567533
46299743
12819112
96121457
96111619
14324284
15154811
96102210
88914175
