116301504
242107224
292594342
179721795
34911781
3177505453
325035671
842143333
3516815665
346568888
32340834
31364918
3940710620
52483943
2330756784
94381018
3302892708
757501771
2440099128
35263127
2272442329
3144317223
1249726687
17175139
50219768
1481084354
2740702248
242155735
2909551926
147114063
13367172
921764894
1413173948
2637625523
100074798
22424037
547826546
1915349490
57396107
255545898
383995215
211073619
757679334
137404743
2863834038
285658202
15740332
609521818
17396170
15697722
1360157540
51563953
431884920
3192573188
3699591385
2478949639
61083773
2897875280
1356861042
3519587539
26236372
1019552053
52265837
716145348
1483721365
28511787
2898785573
540201179
12828572
3696565097
218892908
520766752
23425713
3441954625
72344638
326453785
300528718
2605988635
1529636053
14356116
1444065481
242747411
355032358
881202566
534037507
258703348
179236369
14209710
23150630
3310090033
23766675
213678346
880554794
1520583942
2521641632
145416225
20492950
2475464005
3082998820
130499153
259033428
121869155
783740564
1099937959
2261718086
409629509
3184235543
2290401200
186163295
881369844
3285772986
3316179578
72249574
2602693411
3305329290
93963456
627980337
110326494
3205627360
8495742
809139134
532644877
1207119830
3116266270
281062374
551600672
3130713417
53472182
999293378
28994991
2889874732
1604459690
3299660580
551346281
21886811
19717244
768404342
2811503196
10342612
1477791876
2753576370
2325933786
16642108
29462444
2761450992
1679260675
2187818839
2563518696
3378627922
1285248164
2398356840
2729785128
189949522
532932119
17111287
133030984
2896294831
776213569
224747050
1536953341
37495308
2420613404
167191755
1596084738
176397600
2727638732
285987501
86650732
618225452
3045181092
14143709
340515761
1256528269
1475290080
3238448948
46207473
581076102
2257452161
990904392
2360
2648788280
1363206528
71557700
19216179
2680341006
82285908
29417304
2230791512
16961966
181438231
168776165
750353678
2837032237
61355172
170039304
94013264
3795281
1070119118
3242660954
417544907
1476138522
608254360
16340475
3069207256
39566915
146995555
251423102
183729136
230944453
293116923
75694920
22999698
2882277423
224223395
1414130274
2556004510
474088050
2990744035
937933921
14209777
2802558480
2616191454
461281139
497995808
170023430
345642306
1660422080
1553936587
3180719313
987849932
2802127825
235893096
19518147
944655720
1709492467
33500024
21958407
194456924
69605792
1618503697
38752569
827878496
47817893
562817107
3096865030
1158341857
137086185
224704392
88764812
1006903940
43568101
988019876
1635778098
3188933010
2379414326
717726750
2470162982
33331464
118106351
211685001
13250642
42496256
22971125
3034736385
1217132137
779076895
2546701566
377150513
522756132
19645781
168728834
2896123310
556523458
903092252
322168064
28150006
461691604
168508631
340244729
14981648
2261645749
170379726
17101034
14682928
906720104
393078999
102420852
921824256
1616951270
1660131751
16288455
1261124768
37016034
778820143
229792396
70651912
1063180723
24973799
1172059417
1676433602
226224255
322219346
2561407350
2486394344
247610675
289603720
35308830
24628753
594816093
3072119122
75633116
105349162
786822457
72687165
375220026
338606601
604949797
1284812438
34222024
755113
2868502095
26858764
1512132684
575253769
332876250
427757922
841497890
2477282563
36370775
3061584282
22554631
2717089861
158855234
1393678560
946065337
1421082818
14762341
2981923861
271966943
2701073637
1571090821
1128468090
723192164
789014144
1618278606
2687831276
236028023
226414442
14709302
33107559
273392069
2347049341
2950961005
26710373
58003330
2747272730
155646703
114142293
1603379995
2358872550
3033592246
625070495
2863180913
410116518
14499829
146569971
9377892
465552159
2955676667
89753824
2241789589
196881864
10336132
6034422
3001253601
70784139
537010391
2559918498
2396596650
210684204
365073587
2360806424
37340424
394084129
2796629827
1511938453
524501086
2544473462
401230816
1289263501
389601565
31510193
1345481306
276769468
2255333876
481689297
2317806145
874878787
78118734
2215842863
10180222
15202470
2374211408
237719540
47605629
2378601
166687093
2431177392
1938129180
1527781273
1345689391
1864506078
137139940
602893393
14777313
328786754
20747881
17045060
244281293
179895357
1019670308
282741996
774222709
14109167
32238490
2651395530
1106535626
2754727514
269958757
2176147944
615486248
8932272
386682375
416609679
1402570964
259050470
36512798
348003
466350909
11830
772131308
151257881
548361750
15134240
2894073789
324914739
2365729350
9317622
2427702890
463194155
51449618
35375566
2354823342
485244552
1261001742
206593448
50690435
333388974
1347344041
34018296
2786420049
283611777
824000078
2880478277
22674756
297727732
1951166706
562495967
2864596055
49528689
432770193
1302050202
1249676186
2303635788
1154354713
300098749
94542631
801132703
1886676410
2577103868
221451536
2214406417
165415493
2728176068
2748988544
24001758
891548778
836350213
1689420002
1050517141
290582982
1685767224
2806400508
145980840
56127246
21704941
2720883173
256793538
2293415520
57979327
2228194166
2817117380
1511939304
65492953
28298800
47516412
17402097
122973487
65838013
2149517393
272225529
502127597
19409313
333620830
48997070
1671296839
576376634
2329006532
56487205
2241486025
20635230
514806103
63544824
263481851
223442231
327156543
56768257
909126686
266668649
363210621
1507617380
2608078273
622504939
15905136
13841802
2568456966
34145784
2678260008
2850251989
2816330553
1768365013
16122379
1230453530
15099133
31013411
189364778
270451177
1029867727
589113225
60165542
1383367172
49042836
383466257
328321838
2460382230
1306887733
2678236062
10106822
2804419597
76165584
18077668
2811770483
274388734
2420694320
15249699
108758511
1713266599
22642788
31227588
2629973764
2835435691
2317351705
106402945
197258209
31623973
471615885
290298526
2572633657
102413510
17156053
860675413
2557915058
47414032
933330985
394879847
1957928504
15682352
1654222519
2285542940
857375725
92712274
38359576
1018962877
366888493
116290081
575852195
1726019834
25743783
238675940
392987060
85238465
1468050127
841846038
1383218460
152877890
17006342
884972497
2201432222
1522445748
1004731015
398987705
98906407
1703538271
523270945
21371266
1547838528
2790762115
195204139
2717918222
2764811815
32760936
14897792
271521413
376971047
17065308
714054630
214650597
563011924
18089292
2285597287
2743532244
1856268535
161331832
2735207551
27768247
15488870
88713112
32833197
622063303
2474087960
1492807728
2344254588
1676429016
14232528
439749649
2582542753
1240034964
17484680
2682384168
343045067
1970941441
103017631
1094224340
32767867
2652030811
25728193
583237912
285849944
1733777587
1373802656
1349576220
1561740907
397552950
29107259
253685928
2645092492
494583213
625796913
622993275
464080127
1598452088
123133557
839950825
197181270
1921134331
252009223
928474448
2306492150
2611683308
1425644274
565866811
2381380914
45961521
318988563
650543
371988053
467924781
635532311
2360040560
1676763115
241614857
1727466480
18088309
970560973
101252805
18692844
1270721138
106936869
1541953706
93655345
40238805
117686766
1099675542
1957145862
2602846615
1564640672
2171135233
867882926
56302593
629697784
10995982
27061632
89337224
2523639438
2426899684
296391169
234059290
15465094
1676557724
2593573910
345578496
47396544
14476147
2590648160
2562724922
2377958781
30263292
2578128949
2579291431
234309722
340602009
59222022
2165131938
233278341
2576705334
354300174
2582447522
82238919
10932452
17000495
2319500724
2513997020
2478735002
1230460638
20648160
206488165
541054992
403163083
428694938
303130436
1589203201
335006030
440256951
16196443
26269076
124172951
20238817
136532538
1315306050
1361833632
131251633
1171322701
1323797287
2415174337
606523966
599447449
114523768
15764747
382945026
16696398
79489732
556986491
306154044
2511983838
949901322
580411725
434368699
15039770
450930862
2530913857
2467226497
2243026820
2521364365
21353759
1551451002
30435885
618462026
105417422
274000727
494508400
18165275
634109297
138166008
19877062
1406502908
2230867051
150123552
1403148158
47175021
625733568
32853823
1013585586
368937339
36138524
2164225381
815496014
1692248610
142288456
63826907
1678261802
311362643
130254217
1727942791
42466456
17308695
750557401
227361142
494463972
847183088
2192592792
16572014
27420101
17919194
554025909
211851247
1875854796
271645211
147393852
465174157
22744510
933127350
572349473
1192074421
423433891
37054704
13746792
261808028
2355476886
900970848
12340802
25177918
2320410584
291773962
2279695242
2398615128
14223611
16182261
193718193
1461553940
91217312
6883122
114549191
198562086
15257235
147786817
200434844
251007206
163877949
48306404
2360981360
35767389
15425665
15706128
2307388981
480819245
138840987
894629492
409605880
566226913
323325582
936869486
2212554618
501436692
486842125
340435374
2167304513
176089416
2337521954
253237562
12732352
188607519
147357742
1390946904
2386974907
821624970
2383022682
247511357
238600837
578082150
21184460
1713645283
317216139
442866144
588743
85728309
407476898
416105754
136757859
2354219515
898159280
192937864
285828868
2347336801
538342587
22252971
564259157
594643753
105529826
16281874
18340942
20189748
474052193
2163490873
710753
159955958
64003841
1431747402
283129017
2171196295
221304470
2243103480
421444470
45500703
20038710
115243679
910094054
1639238282
21267307
62961388
222295722
2319375978
29804165
355178719
58822766
778355522
17238719
168717947
22268966
236421358
47538087
9429772
2285471886
844924820
2228383772
385276586
2190906684
1250165227
2309595541
161044929
208988759
415075929
14256353
2265705769
106203272
172959279
17604915
1729585219
621102394
63121936
18930170
553919830
2202429150
528664069
1955376680
561446526
1607032254
283247473
28875628
269524488
264356595
41537504
2282500866
289338380
500825094
316327930
816005520
235072498
492806249
581145322
232194650
380602156
17391652
1735707524
8085502
307952015
229509740
1977085874
6032042
2214204056
15496407
81742165
561754773
104070525
815177160
299405039
1206103616
67727088
1850346780
1895358986
629787945
337862963
911658774
1325951616
141991931
823650480
50318716
590068644
21439133
212757204
118828764
22307563
109434119
85906238
148593548
203307838
50504733
47475039
1561888556
151650579
52037007
19837528
842669612
110189578
47509561
275753970
520754079
1458320232
283696216
1400666096
2174795677
14267832
49416874
2186586465
223521875
2169023419
191004758
2213627784
330055239
84155495
240286563
48085637
21399603
37149113
8133862
195123428
40585909
25819761
2169510360
70105587
874333826
115461427
427616106
107037417
948206953
971749614
2194507915
389119543
313297414
998407880
134440583
14946958
310107406
18634831
2171422756
1145823332
636025744
706650175
2191109263
18000683
19256096
454977993
271331718
18693781
215244619
217963801
2185948350
599670352
88308406
581012668
219172924
346826996
199737585
466062053
52133120
232979512
195500610
12731352
583409466
553926031
1060545835
15757880
14628195
973056061
90309257
334694339
54795290
1414609105
41852856
34540379
6026352
539048663
834641504
561372021
16188864
1048894039
195409453
381545209
1583536764
1184647243
44596361
16931273
1252519896
21866842
15400260
20444825
962997733
30233007
230484548
453559748
29575969
33045918
95685725
118266357
20716967
322479448
901221805
1650637086
87569989
82255869
15302755
267788953
204950880
304938476
495517322
12285052
91368841
15002184
38111948
342517027
185255575
8497522
76545108
133622075
580936870
300515531
470595856
35425978
458733840
20288388
1499047424
182839127
258581867
631299449
86511895
14598589
13100222
519274227
636023721
1938589795
374523185
155340097
37300545
23007083
1905234432
322658299
111673002
1644023690
307361738
245974145
162436508
561608343
103633920
1537494776
1411529384
1452813223
20649686
41260670
260880504
593257753
130834299
1093090866
352650591
15522528
46743752
15808765
19325156
15876686
1235031679
1915514191
259871223
337180420
17091847
1569367885
83424009
165305876
498542680
1693811
1347449610
15150453
961887900
16017521
1295436643
476837007
208629675
287254852
570574417
1958058648
237079697
196458749
85319022
193483797
166022406
270609578
7079752
613852418
93038048
1728335761
36797320
208441552
1512144536
250382945
1409439847
622082562
862058144
237409428
1253721834
1938608077
483034227
95971072
1694260158
195123437
237650650
558733402
56764663
1630508299
488480041
108394596
1599199476
1921971937
15836625
1915185822
1144882621
38578151
85527065
312169147
628812162
119624643
1154241570
140467021
50340806
1214528593
325832193
21090777
214200223
1267988244
40241541
333748975
1643214841
573951571
1242347953
357590604
1414526942
1902450630
31936449
21423021
78990275
144612928
60985282
187518287
1405149102
1509195565
215950336
129331476
86145760
779359842
1330035655
1884202068
393110866
387334680
25858488
152889033
1868925908
15907949
1691898811
1654325683
17799837
1538936353
1628070217
26113013
309898071
95932731
79043124
19048831
258870463
575905433
1833862068
1286660198
48695135
29538964
851431116
119346928
153808620
249318820
16066283
6571962
291814511
396398809
22353109
100485205
406377134
325126593
473227126
220549359
1072631912
388261996
100762997
17995951
472710990
347194490
529160862
320301501
1467351871
384182912
955090501
1511684546
1550967517
16473271
5835842
355906128
210859828
1339835893
1382442535
16079276
155230346
366173107
386521020
260886966
70068359
1716581
26616462
568423115
38718831
902608980
1343132275
35507882
290019499
14345566
115947809
127910801
128292609
62631989
124237063
31443503
19278046
1410151393
1544468570
398199141
350424151
377784881
1671424170
632538212
787765068
186585181
191570322
1646370428
59603956
309522746
1522181906
80124042
958649520
34938405
110031075
811484982
256363817
830082806
28047280
502005696
1705913815
84887343
17583309
401970591
19868934
29002566
83483939
172418264
167426475
20737615
116238331
246560945
17425484
238286255
576328164
224028123
33773592
14441838
1518036960
603688493
32635260
49344076
185402175
988414478
389502603
958706821
114844583
24603024
238718627
59126394
49445798
24167460
332196424
737477204
214164173
253392067
453124512
15862891
474314181
503518296
1596632774
473188163
12267642
183548902
50045458
7295032
868609854
1685828533
1656025728
41109816
14314515
1596660841
63200991
302597866
128539655
59422607
971244925
178091316
16584730
174285518
262712170
390438456
1447145846
1676344369
577337633
19725644
37710752
439359840
15926695
1246397209
947309084
548556779
1461653630
53560219
147734281
509628426
1350675174
112750623
12819112
319584442
482500305
1676175931
605165417
17156693
256694361
1179265111
1297023378
519493182
1124812274
392009371
917876424
19409943
92132955
597351486
50582907
358542593
852039852
8005492
576952593
10410502
1588854877
418071887
64554479
1490348881
225911067
80059140
121354501
223945400
224896427
199938696
376014015
275058967
658733
13766492
98098550
1520065044
18465081
1534426626
443629571
16813996
424691485
543876839
276736172
366081826
470401090
906855631
19302686
21242028
39097794
300735398
235263667
17851886
585117497
1393847988
19071689
187283701
210493651
356892056
211004186
770235727
39707740
66182591
17879144
16983297
28768921
65634864
1484576695
942748020
26817726
430995737
189172089
1222964702
291824300
602317143
20077270
371373591
23636306
237845487
40385166
112475924
453892183
19563103
242328548
82455213
16754194
35024354
14612885
749379602
1072269104
14291351
568247551
17905977
25497987
91206387
717725420
25255526
19370225
33279328
802574298
404442001
483186711
1233070471
153814910
77907514
402875257
224631899
55356697
609714086
204403285
37435983
104912783
178974461
11994002
229022182
17774791
1436661704
334239079
416690534
20406802
18655567
16337598
112419076
18683406
1607338988
14043142
937783134
11824072
123169285
18346745
21234787
1040758742
138851483
985759850
326521014
293110255
10328012
19420947
561297215
20361904
157449978
1115365544
1595829180
1370684718
635123740
575655913
493533362
1128132072
14826808
47052852
269043415
66789255
563126149
411436304
36761844
1565839604
48020669
378259736
495498585
196877476
39843801
1472866045
531817241
243371175
198384435
600533040
77829137
897577004
16852067
26635279
218464830
102417054
81375076
1286103888
15304803
19341683
816635599
279605027
134993381
400979653
1156913352
814824506
1552240092
14324284
18328820
87923613
245545600
37561616
185898176
279418921
511310897
1437690446
27841081
1061623501
41182444
14165662
20692594
296624994
14729597
48494794
14738561
266829863
320268880
558056122
26983187
320404737
1543259018
31088181
236414313
330101315
18260770
169859259
27470287
25820731
518227085
128275616
387933436
45373841
1097361890
274063094
589975555
745320876
16629477
713092692
1362852985
19596074
18481646
21206513
257329870
216966312
16928926
49413866
62183077
1286506417
394928679
39282190
52584039
39351968
772759927
30478091
95214377
322411475
25166438
704179340
283687745
15154811
1120098811
15447527
16866617
706757348
48961478
320210499
519952673
856471832
159951505
17251787
493276617
519084084
17846426
5754632
107174526
572294973
388345704
1205345400
459036285
858317990
161517970
314758565
52381876
22029897
35315865
768562657
34007229
9618642
35304791
14085070
46473066
21237486
43941256
1292209657
19843630
713648564
16486812
23119615
321652549
19108922
15458181
17385903
88290488
29342640
105973401
10642472
174847568
17567533
551112681
52010875
43817816
17047208
154608739
29726578
229711796
19202541
19767193
17408021
304185486
469028641
177005581
590134152
56202639
115039678
46145761
17795584
474911726
406762255
47198234
185910976
22478416
212299083
19416598
381428261
16174754
23561208
41215558
33277722
5762302
142818316
42482534
12286942
19348319
21696145
1278011
16985536
38146044
19984919
21664633
22023030
26277608
16607271
18414364
16817883
16245822
