2778198565
3578706853
216728000
171599679
15369506
262322947
419690948
2844981731
24167314
3442793834
36515907
41652399
18295778
413017962
26207038
26751089
144624330
900298560
1009753502
23083546
270380633
1239623059
1620349903
1099628502
4066354991
151382847
900548798
115079252
22239898
123220773
16942727
364703400
72932070
3073109162
2543847774
332782886
1385190246
173232245
224495471
4054543341
114463650
19603444
1352605296
1314392275
3198454103
259878262
217005773
2202035736
325448885
271527515
894866376
3299548371
12415722
15376357
1137200006
398949811
14088984
3609607276
2180948154
478181304
2452073258
402328781
1562642179
2154127088
1486011102
3394395353
2181078758
52196137
608242412
17293532
2915415575
146825414
66392518
576157205
14412844
64017403
1513437702
2536309816
342931064
121637897
24028758
705760652
39822897
36945996
44345671
1715514302
2213967338
209043047
369552699
19025163
36044214
3907382243
371391064
15016481
252642656
1169321
29435928
2532220603
1490321413
2352078128
3031115403
293562452
9104202
96399313
405663595
133220088
54290504
3217244710
2810688646
435948485
316327930
104786280
421274906
102649651
1660392774
44353971
1094540586
145298229
274431472
335800766
15676152
485109912
2316224708
2369438078
515884422
2831631922
15768704
486983254
21595505
3309511460
2787203478
1860665467
3014002112
18219475
33200012
23969837
43862188
485102889
117247211
2810471960
3760488922
3438035301
3290364847
16110819
50219804
28098788
15820658
35323738
18639672
924770978
6688542
3313174584
499427007
16201777
547886561
217368907
39619445
294176860
74885699
22871978
1208588065
33930395
17560765
2798099148
47918238
2463358249
1283914279
121584267
564200898
117038534
17188241
14903
3613088835
3121092610
1531496234
19285503
28474317
70456698
16014840
3607305855
863405239
376085360
581999820
171600361
24382752
737398903
340957066
43377047
918773004
3019930474
2318663874
2857781153
2963977539
2848106691
60585651
262218070
1640786388
2427421832
2829265331
188423774
37736834
426897371
46126120
155844883
795865400
2921788528
20742000
55540675
3311754904
169411270
610659001
593919531
117192318
2316306608
3372590487
340212738
27150431
15582319
22937823
938210946
18147989
33495442
2578442047
981381
14051544
143878632
60057276
191994795
845360700
968178973
14314709
460489687
582957246
855845088
3351698086
3334364662
55310663
867388225
3245862919
20685968
15222486
3202281
38211934
16230316
213851193
3110677042
1009095043
142241301
472777204
2423289337
15376378
16528812
23450421
18142230
1487352156
27081981
3291297381
177163385
1557539011
2308942536
438353879
397912882
62568469
34511679
222342668
21051246
19546277
2097571
742143
18949452
20562637
205789121
3108351
807095
34713362
16896485
5988062
278691695
4898091
19407053
67358777
112796409
15808647
27726303
25053299
819800
15164565
35773039
2932542566
18510860
218272382
1576235694
883581
14838388
172178529
417874373
26683909
860579418
331212345
286489590
47360004
14338221
22542121
14196927
15313329
1461511
11385492
3345864461
743059586
2884350428
28955326
381743098
1465079286
209262555
38474528
472604082
101129558
2723481924
3081652354
1454612790
13810452
8814092
14636665
633
80540395
17136713
44109485
18617095
161603209
3388372761
2238193560
14606618
54161364
19442313
1733288058
2164132428
2903173148
2283463274
2404767650
1281526188
2338079827
2890920250
25987672
888445448
16934411
43796164
706556245
317216139
252410711
25312220
423535911
3354846525
36339416
14701548
18816587
126928429
148015040
590346994
82631416
242410169
267770195
296361067
22662058
2342245093
16877220
1413124129
451586795
118173606
553840400
142359854
17664673
385021848
555760840
8147452
3044788503
24304843
34953329
2821201491
271923492
749277571
559838367
2543548333
1566336368
22636185
222799975
3186124933
421741576
14252342
620358219
11669012
608735641
352940883
271767796
13516042
2222312184
115660120
352016672
1308969534
47835353
44192563
3209949862
382091919
135998621
477035789
132019080
308065135
27847455
102416381
41589978
100041688
136245548
245499504
59880167
21933005
20617471
716489377
929856204
3240197969
278118148
1290880321
3021199055
2294237630
15027640
394700427
733587397
40946856
108029164
218530146
19673075
157451710
77120659
17543008
1617841454
192898924
547513527
19765829
206752409
110465562
20802505
258829221
14832603
68985507
7726162
14564240
14299418
390284285
359772781
26555735
772086506
951950401
59773965
562571892
17062620
1260915858
167394449
14442755
393868991
9507862
298968124
7608532
67566869
2676459638
326218748
29465316
180287955
139415907
1478149944
104836645
18160807
22609105
809047213
3367473514
491370452
29292473
621080319
1285451
132341976
2949971999
11073952
15887585
6587722
21206601
64693923
1356436014
3309356807
1661521
776741
1225565544
604416116
3378561430
7070412
3091256457
43499515
1636354298
2431454917
2190081608
393332567
262695905
533043827
898032991
2470964444
260311680
869461069
602621009
153847014
1424681796
2352700740
1156875656
3211958170
2797534716
319202951
20057312
16432203
16926027
21863041
53893339
110885132
252204344
2610768194
34324846
32147629
3238617172
3041124855
3288351401
861001735
305015198
26875007
133393721
2413550142
292813899
3217861052
22677647
70776966
15762276
86328546
88961832
916736006
293671025
30222754
28133896
4922591
6267202
982351
821369
2744567563
19939208
267232902
789599
1835821
748795976
102080846
316570562
36185156
365470700
120751734
16182154
465655945
61518146
27899688
63413557
903729776
45205091
2445631838
66998204
21457289
33838201
901979516
2689980835
41577553
3032372884
476008897
1623309914
1018962877
2258027755
3317408679
2912695305
23084493
17942434
148016238
2468193488
390766083
544068252
330021174
17490331
28492359
468960732
20065936
3308991850
1516385293
2798127412
47861070
91982746
2784123889
21910403
1246051
19915112
93910123
169171972
345931871
2942530226
1433181572
508933177
21744554
6073442
343928585
1030761
901776655
1203782107
177891462
80618068
314743251
16471432
1520105341
19541922
2734131600
157383981
19584227
19581730
216697909
1742529044
1019822809
636846640
549236589
2412378116
2791879110
119800255
45982162
40914713
2841194987
1615499142
135244335
309087942
587645817
53374143
8950642
14362424
14921922
13447862
19396145
39556136
102420852
108493356
430995737
40544415
989452274
23115284
22390552
1946971004
287761005
25702344
14427119
253548904
19258241
870115062
235295182
441765063
59413748
1474540176
2352294050
415471586
424076363
28154398
1338933714
168999701
17073404
902464315
18779156
402333494
28106517
135602216
437591452
393969708
104462518
817074074
1137408992
1009165855
374406950
354890673
78834134
2451253310
486520915
53415431
8507802
14845263
8261692
254925507
1134135811
1110666498
2543142666
18129652
174185725
23672100
47360427
24729103
630933725
3259054596
462407254
111494646
3304688668
211542114
193144020
28894757
211258944
25924156
309694694
84893173
1160050585
183662522
8876132
859437858
374749767
462344971
619798781
29597746
132897897
927893851
26754239
17509455
2912757665
1170404948
790219195
611318385
1122713568
2363205133
1396563914
250092790
1338987882
2309081428
792575022
25073376
3093455608
3063792052
3063879951
1247051047
3161018299
152352020
55672094
236404765
226113426
325755704
964431835
17715898
244991150
2404907762
2971349170
2836691226
172418264
438569530
830908405
296262602
132267314
15822246
17259392
19706061
10876312
190949289
33536589
10899812
12186002
10848642
98866383
14181097
12876812
14184263
15842692
17840530
3003073821
202968305
43701083
34670831
48245848
158445401
164133291
315490964
63801028
380614937
1963196658
3029822385
514727834
19347472
3067578447
17196342
174703795
365017572
8729782
40326609
60699463
23813634
14184671
10034972
346054122
19450230
18208516
326220100
21399861
211183485
3118818921
384359826
20815245
111588424
394537028
2993789345
19393236
136325356
192173602
19471075
19238958
351624206
14619857
381935216
104547758
2781213558
16149989
14585572
1341757860
60304125
220194905
77295594
77294800
588887522
22943563
1559944890
2278928498
313894464
2304794120
1639942028
15760766
123275480
87227667
634409552
20670600
14298167
61743700
266484517
1840757556
1359403884
1376639125
2176358690
460737779
14056357
153875560
282950486
549507258
10928162
2799687507
117450420
215315648
532451064
291051183
48333567
169009650
47014253
17249002
2423592680
2970010521
16930669
54212906
53097982
1361700902
338399720
12033292
8025912
2904059188
1489298929
28535904
758152
74765855
17771630
1006698170
18668831
2190486893
37877460
181923035
2184309759
15848138
16296530
185567052
47042682
23048040
16043095
14971174
16434273
19655985
442847698
175691292
15895791
583689623
45810262
22775526
128366919
17602517
121846593
14147695
14183635
14185480
17577996
48292252
3066055060
2744924700
116480454
420263859
80706305
9453652
216630813
130429479
593038123
189065376
93913274
2336539604
36320714
580140626
145208345
2919953858
32023
64017773
1356299095
21198896
44089815
6886792
588561110
364684899
2865573561
1401452478
3317286994
18604355
22497139
452153589
2187099433
36482311
276541367
483708476
14632821
372748911
1647406490
17082762
337999300
2280377916
805059452
311617228
1244312352
18343072
516485646
13666
206690990
52699824
598599066
23803664
14093339
335957136
23962473
23434468
360580596
386040795
624534412
222863186
1148283043
321376696
20774514
21262917
1268879480
534282707
19536353
16949956
358379332
15056816
608461972
45832102
778276410
383032655
3130766301
268035072
14097375
980046830
1310116404
196133965
334665816
80868310
2174636612
2575351538
2767973572
222498082
788311514
13251782
18663040
224704392
24192493
49117331
15449070
17345803
14570718
8566012
14308843
15703376
331222430
14134242
14873669
91438333
14468423
17390526
29759299
41206643
787741100
49332350
44780391
46721704
44578160
179214664
360896072
1234500602
334636135
48339224
2314266662
172608008
48636190
249320492
306818793
30071025
1031591
17489806
1099216320
388918162
2843634279
19042414
125695429
2493407430
11274832
821913
1200241
15530774
14833146
2950391813
16305077
370938003
564781790
539257023
409193824
296712580
1486906717
17645638
937478719
1323535278
12915562
67283363
825610044
551139765
470413102
495375480
395528327
15495544
5552402
885142116
52300192
186096225
54528491
980313121
130464212
16864597
46081596
2413125510
22562692
34917775
379704500
110826956
1607338988
21218422
2597399170
3183137060
805115286
364542158
271413771
98703000
16596959
86641305
31201531
1004410560
14532074
11076412
1268032554
14118250
2742732279
14614874
15404189
1327778215
132916189
16045268
12413032
16046535
5502502
1436001
8824552
562363
41176329
17315836
16910012
31099575
250039225
25151703
870574274
1136522773
24160730
402329901
478541724
48972668
191463787
39276767
1037796800
14342406
15163328
6721192
121140906
156959224
14361331
11685812
20444968
118689933
14967738
292957590
15292797
6090122
321792211
5175321
27106703
5032331
851851
6361722
90549534
12043242
56812711
14221013
95273513
16316886
16816155
27871697
4132841
30331417
43327155
20792726
17217488
1178901
32652715
28338375
163955140
201320266
7173
2876241323
28471046
816201
11383102
226269144
215466574
373629495
26465587
2865541899
920050484
370817386
394158423
401096585
211745797
15196090
995192900
35403297
35247186
32456120
618047093
2466345433
127646372
6417162
14086502
15307982
582124542
403735190
1017429942
171753220
46299743
25760074
29163055
255741407
147886345
1286506417
494508400
2162905592
2330306995
72199429
1002513128
21641427
158461979
2315621323
168304507
23962323
78442404
2250235213
216080074
1314604885
857280901
53427556
2697954097
77788891
2529732836
700445238
44196397
29516133
19601117
18955776
21799699
15723551
126906429
45579282
23986914
773795797
15806908
3068713123
600605680
20770014
3191292237
613900833
457203814
399417286
14781461
1162212110
1190334018
17393929
2372315941
340297091
122343197
2866122617
2588077178
212430018
1354799503
34956737
143025236
2656601671
279144084
3072357143
14204302
134765219
1115279736
437534854
116337949
333481025
84714362
7030722
19866053
127523111
589535421
86158995
242539525
3014208827
22640262
177489149
27890733
7516162
73069706
716492450
13596582
20507623
22755605
87099559
11797692
22085325
82494306
16609281
80695802
64843021
230929784
32141337
16369804
17273800
7988572
600564142
62219905
183223458
252074645
360821037
352355136
158378782
588852857
191360473
77120290
236881390
589903492
18240185
256908321
26443919
24717252
282878605
26951228
1068705008
252378687
206255645
594161387
3064347485
29894574
26703939
388570880
21459073
300539715
3144159117
473272185
250271525
6881742
634181322
192143020
21218907
109839156
380816062
1857466417
14458280
747263192
81221845
147652366
124237063
26441031
20523099
2308048088
1578043165
167831660
426588201
2900430125
13982132
246493616
128990886
22107793
1175161184
25986214
290009041
271879584
1322082366
1142760997
2799621059
226017330
2599797763
254791849
87690783
2725700186
67905134
2993994029
51691027
39451174
333243023
270281720
1364655950
32405423
41079443
323496528
313140358
17525491
137786078
2161609544
159588456
1448438066
78285757
748693008
2549593117
897847416
1448198220
475917737
121704381
1435641350
541029488
3343061
1673147462
14360501
17948615
2800173832
15438912
1577086836
2853660366
2785768499
119004491
366655100
266989156
1411309219
14055636
330881975
122458732
48821708
365904677
196400499
20825805
1151537048
20609319
1433601674
19658826
28567809
22963112
18979543
2168430452
5435832
17954405
427572119
125702715
11348282
88238377
1715051
189253902
283712291
91409081
368589494
44463094
212278229
56879674
18696996
22780976
12420782
32372834
529603777
40281983
18250813
553159362
13040
799710618
1529905135
252064071
47340407
31160748
23623046
9812972
23892094
293158659
48071142
153455849
361690384
979125199
195350638
313633914
1696005139
8510252
55672130
210520672
55229892
404946566
4776141
2277935772
388227036
156920978
2809474593
1200852901
47983577
15755058
179466527
2432526198
14386849
6218592
6219702
2887066835
318797952
17051344
2320901821
2816655812
588368600
230287527
14389093
110863728
19282539
142078689
5618162
6218452
14251580
817200
15101375
91908253
16122876
16009410
269335700
155582103
78873087
23767584
486817078
397490403
7093352
323231207
1013705742
84296804
415117357
154325057
2720996761
14984090
34247411
616171439
20961822
25976071
6069772
1251332575
1675682816
2574023767
180310067
2902181552
2845309105
553219518
2359941529
28421689
2396481253
2829246931
43462357
31805620
95071372
78269677
24915458
21220582
133806972
821726318
14630696
474824647
2527239218
16891507
70923371
501108101
987032413
330921167
1451773004
250286470
107707193
21951350
304025698
44090154
2744512442
27707859
13215
269792227
376879744
555967172
1513023296
193841595
1427429168
269395266
234309722
17292623
3446291
602680982
20640328
20304975
17353087
14605554
59890786
2491546873
65767723
349881551
27685957
2782380783
62476246
185551257
368724112
185397767
720754110
101896529
7053762
177222469
2227066946
20585553
52563809
129765244
55184050
18573995
114538142
1484576695
81763963
62131111
537138480
7971882
283272586
1461170642
390648671
2384314538
1479292129
537028278
167711077
604680627
423024537
2546966910
15409828
2371975521
529000213
83500405
258796308
2827185363
242844365
15598741
166140243
145951098
270546697
22182849
164478889
50122046
2847951769
2513674272
15803034
93950513
2841261520
14601940
2328897163
547340539
2829672089
187706641
481943972
12945722
136301916
110283849
228586748
264676860
23807763
21438902
20122754
14238165
417716550
1679056370
491211512
73843
30258709
189073004
11036912
14389031
16096461
102065692
104608348
567605134
576290400
378259736
14612142
404526275
285526386
19718472
432432520
35243
435709198
16448472
222961133
18378044
23286383
26618913
746107622
2491636212
137703483
40846478
1506301
374640389
6767432
24163711
253474901
1143863730
1642000290
42338524
2447650603
8761432
76133
1666048531
19282271
19935575
472057669
263182459
78602146
717654410
222638700
77185790
14420132
16648505
2313699698
16935394
148876230
64053128
591363953
17078593
15734027
268192461
1354498824
564764031
22624441
20054581
15152888
2805863557
15169290
482030060
1002161534
48299517
205195655
47999622
28783336
2491807778
20543416
2430856049
1413681440
45413510
96230203
2724596964
1266613903
306154044
398594332
532183572
2172418099
412305535
532284837
31697976
135117679
374410946
128926624
275765943
23010173
15350500
23957308
19530310
16736682
15835257
22378059
267695997
15704554
207991959
14145838
743128266
105273431
100233707
14711491
21185158
16294897
299816010
17001409
164892754
16840589
16845590
2591816414
616593364
1044331
17972106
355472745
2147575780
39469575
228566325
488674446
32340834
264165724
43900020
99123516
338375026
2329419325
2148831553
3795281
1267351418
16623443
13725202
33629020
24939473
1268176183
39253493
263138592
19910826
438769633
590697402
21201351
2737160604
413888066
177398602
2711783797
377396014
269978062
131498466
5965332
2730471
9469272
186438780
250550257
83460118
225905245
305284118
741554035
924340896
1299495896
5263
6745972
140148415
972651
10876852
14885549
20536157
7905122
28172926
10977192
1344951
14333767
2481983720
20214495
2285466042
965842656
16721263
5135231
14283504
15116631
16036705
16352993
19167465
19313995
20567040
21592033
23863969
27967155
36296136
37752766
49455370
58321335
61623544
76165584
96861100
135065698
149689194
191516635
192679212
211353183
222302211
238636679
273375532
276573828
300805257
306369199
343203395
344127601
352358308
407031865
531971062
1115511834
1338123265
1603439773
2545477727
24261232
16580174
768197780
38927264
153814910
179246937
27282284
12976102
999971376
252124716
73469651
18732270
259494195
107375795
120821393
38821410
952795387
110732594
118747590
139400573
272501132
97717208
1923117079
1053724531
17745871
33327415
267425135
22363802
1620847538
19341622
17310646
188681662
2325571922
81664684
25690886
3799821
816653
60642052
208441552
318449110
1489776218
275683462
20052789
854932032
2822431
13593042
2512314825
15928696
19335775
67941602
275862143
443247502
20751449
38447519
50998548
14123689
253588542
583233410
879056467
64368500
18214541
17061155
83255282
173881525
187484412
1678030256
341442398
1498334178
755239094
496229951
36924166
303365842
608610555
435054094
320678945
20038221
2645621785
75134478
30372284
20050746
65316869
409217943
295204424
266663992
618613
19256096
41518421
397910280
1735262322
133350077
151456736
2322719178
385924473
141719132
1366811
2274559051
253685928
56713067
199597866
87527701
102700143
415724865
61412387
1382802114
51183924
142643018
69203521
37214393
1290408450
2150899294
962997733
2582006077
30328767
571425131
166104316
17581976
69179123
637108067
137371699
450930862
27100649
20982118
1386021044
24037964
14684630
487833518
22883681
2330475697
334912047
215244619
14786188
15240191
1468050127
354880191
2434829887
828839316
19392878
87179032
2461696776
1106535626
1324822470
74688765
180720782
2603889039
88219894
950249762
237920763
262665364
265158526
296368180
38169381
38365159
587400435
366648532
437059913
1398876810
165118535
146462541
1104501
1196568446
135431733
40918121
2190724014
23810643
2299536398
1193378816
19697773
45915982
440117669
102118541
177661775
56068068
14826420
73847521
38630406
2457171944
87795235
81131185
153682830
562504067
4142571
57947388
92842712
2291340440
14117282
111331599
315181240
582662802
29964492
1853303516
44203486
149252376
16787430
746298841
217822735
2396350207
22292146
633443
45863493
707602286
1886544624
553806984
68316908
26243536
214615015
134941111
794315982
15062954
523339137
24550707
177756426
17530296
15168907
456143728
15789475
2315853116
384938254
1038266492
184700480
17912817
1929353910
772170180
1444322156
14656222
516769926
218524449
482117512
223176219
7731752
126255011
19539314
18898793
514806103
15353955
50277194
14277135
703302330
274886363
175383671
176038442
94148302
34540379
14741464
191475413
540098505
15617925
489420892
47573636
189935066
1654088706
29482594
386139409
17710038
1641313910
120033713
516576215
1976582695
2267396534
394568889
2171216564
24969935
166490137
20804020
14975979
384201056
41671824
2207378845
16627356
14049683
394889315
37999899
562203604
172289367
1384911300
21806633
9325302
503518296
223729403
1472323800
16595229
396799165
41818686
18414632
12762882
146315597
2305735884
277183508
152409601
178038933
83836041
21293115
143932405
155236184
556151596
1537985016
26468027
24873392
50996858
52488565
81186421
82947233
199732904
211851247
226611249
326071221
324651381
805191715
1223134141
19360666
1013105528
2376214609
14647570
101557352
42528452
34606862
2479661
79282944
915539036
1843791936
462815055
23176419
15995226
41100468
350139100
29548502
119073765
2370063042
1260329563
460272173
1305395658
8802602
932779740
16890327
1385141354
37054704
16042759
54856459
1304119885
14096104
223856150
2349732019
1490348881
1526013618
1672179799
1676175931
1613910662
1621268653
1703856740
1726748293
1856734146
1871969089
1920583477
1933307551
1978673335
2148100406
2167726141
2158436256
2171813875
2172513648
2178050450
2186907488
2272698672
18132143
39718299
79396899
426804242
800126954
103625781
233371749
9510922
17902523
172959279
460547107
555239997
291660702
496094137
404105510
2347473740
16063891
78068340
359430064
275217493
46408217
48043634
481324005
139544417
23395072
494190891
1730159762
757824752
151444377
26158691
1451442115
432521017
19692356
36294717
950398340
774842190
1305558812
250445448
39724595
16224723
110441210
66266285
15521075
174683705
121428475
77553442
212181357
2349272947
183626997
187518287
372863204
622300794
785148439
944709199
1069418820
1966844096
1928272748
60709500
224723108
18722932
15876686
121869155
406920715
1346542286
217130694
2238075110
1897480711
231357729
8932272
1594379568
1385211
130310171
277219019
44427667
58963156
234823120
430632077
245627114
29891068
17843175
313248149
80750540
71215083
2175843914
207597130
204444000
50499723
2189567755
69381247
2244866279
211237384
240633945
189364778
159955958
468482267
96102210
227454363
63710489
207611800
14762341
165896536
274682508
93943485
18682006
2305188457
320434896
215420646
18717503
493333140
5870022
15768289
1885094101
1726595690
195522959
16820234
554378917
846464730
78191834
101858307
26788259
570072860
12974282
397513571
122080635
379268081
283155422
606565424
318784497
1680944431
1912648746
1548841759
1249417136
942748020
18456821
811453057
30825293
423433891
565866811
235671993
1949689806
2171422756
2148009361
1164420290
27262152
24548977
1895019607
481565412
78322326
2270776861
3212251
1689062472
398754763
18153969
1421480034
133040246
111657903
20962890
18376460
290029623
279605027
225066069
1048519082
384098957
43564999
944608789
131942721
394646206
389024573
270451177
195820818
90309257
415075929
59307520
60165542
168508631
34320563
75890868
66021490
18131748
2342452057
158842667
16434310
2165565630
17522684
858896371
2241491610
45105022
28180320
17044775
50068704
377259114
220130124
2269124336
432596689
188046098
22028564
38562620
538092037
39803436
346568888
105054975
2329324927
628175842
163113501
206001945
26224954
370419704
1512291
1524781
2444351
5762302
7288952
8518982
9237012
9509872
11383092
11620322
12731352
14059466
14097610
14324284
15071492
14741250
14773239
14897792
15060148
15448732
15276911
15846427
16172894
16174754
16486812
16960160
17115693
17779259
17856025
17881832
18328820
18414364
18426460
18585425
18670584
19341683
19359515
19668775
19704268
19717244
20693661
20133108
20910651
21206513
21290014
21308466
21448858
21690891
21885781
22171156
22406785
23259960
22421578
22535674
28875628
32729442
49330305
49413866
66312892
67003972
78473138
85525108
88749274
87883286
86626845
86621240
88795399
143492405
146783800
147786817
150278011
167057702
169360350
194257799
198008272
243140650
268919557
300699873
305135655
397291963
453892183
484416898
498542680
527838270
529438517
621835593
989912586
1097726185
1261001742
1337118332
1337603888
1421096077
82967815
21076408
21217790
14801264
32624460
18569484
2219531090
1423159970
480366538
187589516
341967746
590088281
20446182
374043579
78607550
237009674
2217538700
1464314833
1144882621
17065711
83779608
6544052
45727108
121777206
237443504
14437549
19362860
59725290
147705206
20436050
337719507
17234202
800420850
595921147
1408624640
463263903
256793538
1616597419
17229972
376019079
2301503909
290001796
627568193
365616878
789620826
10853082
555594725
97441199
1192968446
20429156
153808620
17899123
40197991
17449143
16708242
582629801
564259157
20422158
524487620
262137110
117775010
2218264116
140856920
115986491
75030549
26848442
553272799
479730454
496197572
2289913051
193278784
176024190
18137728
26270959
525005120
15296714
10838032
549138831
51269871
490347589
402253156
526624220
1084809409
2245810146
433313605
223943356
1200566827
5355212
16511274
112999186
19641996
24397834
72584356
185667152
540796903
2188093099
26276391
17407534
2274761468
11183312
12702822
14176449
14404508
15099133
15781813
16931273
17093768
18871354
19914859
20299026
20491064
20956102
24239110
25219709
28373693
28918647
33613979
37666263
40270176
41932147
44144749
44552918
51874176
52010875
57076191
66162716
72347833
85728309
103925618
135789579
141376289
145784826
150123552
172240451
178566085
205135092
249110382
260211154
283273730
286797801
307127734
320268880
365145609
416690534
464152824
533220539
603367602
730426560
974852491
1249676186
1327638445
1369079066
1607703990
1898329128
2178887252
2242978332
31734795
2248481442
632882600
242314631
1251785912
23377640
9548232
13691782
13693032
14267706
14315063
14700258
14849377
14973943
15120110
15169635
15484063
15700906
15757880
16227629
16589130
16629477
16971997
17047208
17159804
17163698
17293337
17371549
17621204
17898671
17905977
18050996
18102259
18336512
18393501
18899176
19240173
19377827
19533817
19563103
19676294
19740601
20246015
20277810
20444825
20542737
20739133
20806880
21137406
21242028
21504735
21439405
21724904
21866842
23760311
25325260
26074603
26534249
26832834
27247475
27834920
29024460
29270273
32361431
31035336
36333109
38474934
39234189
39522692
41592143
41874610
43104516
43632356
46959037
47753705
48289662
49164309
49445813
50778320
51508360
55006025
55247508
55402261
56179493
60848208
62496433
84173018
84347917
84351158
88290488
88973663
91375691
92733167
93579404
93944893
94202251
95894506
100567485
101778101
105203181
105623556
105973401
116877838
125423182
127360026
138151145
149891841
151753441
172735242
185759091
185910976
213917132
214212539
217900600
221549678
260685403
248742334
264124770
276224538
311657687
358566293
438301250
23446713
23932994
24001758
24583403
25061086
25671405
25853194
25918006
26247698
26506721
27320089
27841081
27874383
27924685
28434229
28788786
28912478
29462444
31106472
31936449
32663491
34222024
34237205
35775148
36035743
37409635
37447644
38146044
38828294
40246654
41658737
42291620
43093791
45001035
44261504
45550648
46300208
48961478
48966898
49127323
52133120
56593116
57579512
59221014
60042553
60069189
63445938
65634864
65743442
71291461
71557700
73917407
77230354
77907514
82985064
82313794
81342210
96253785
96779362
97705149
102069506
102417054
103620158
107037417
107174526
107986772
111991273
112750623
113227652
114037343
115395687
123239496
123408154
124202458
124991617
125577941
128180277
128813223
131999950
133239513
133355434
137836269
138683944
139020295
139598778
139627907
143844341
143903442
146978606
147734281
148874972
149139906
153319227
153815481
155230346
162535413
165551457
177005581
177729631
182530815
184501580
183661891
185280748
185393327
190839523
189118361
194504872
195500610
198350602
199737585
200477268
204403285
206071884
210769277
213462870
214099847
220325838
220549359
221835336
222250674
223934260
224896427
227263552
229179453
230944453
233661443
234678931
239255514
240286563
240779762
244537730
252024387
259495409
262365030
274388734
278446404
282615966
283696216
288402923
293110255
297440850
304593450
307838249
308132707
314758565
320210499
325126593
326453785
326480956
331744846
332803704
334969657
340435374
342632844
342740823
359303591
361284534
365413008
369433847
369758524
373945448
384182912
386782421
397202905
398581149
404442001
407476898
412529094
412628332
420992185
427062492
434442052
435281931
436221506
442776907
450943545
453495437
454724555
456064882
472272881
472710990
493485766
509273285
523334867
526226529
533304862
537940429
548556779
550448704
553085228
556986491
562328466
569423891
569734172
575655913
582872181
594643753
617228056
617811327
618966574
632538212
633095212
713648564
736386036
745320876
748632324
754107930
760065560
768915481
782615960
810577974
816982099
840964064
855899102
881369844
887721025
891202417
905713070
908861268
910094054
916885219
929413796
938704483
960568586
1004731015
1011602256
1075868107
1109467519
1113838464
1149187776
1151200609
1205345400
1217132137
1241433806
1253721834
1277244036
1343132275
1315308330
1372189993
1376893698
1381484306
1408276688
1522181906
1605924253
1671296839
1695065382
1701607278
1722650852
1723586432
1876209330
1931755790
1966559934
2193585915
2255903484
8904302
11696382
13318492
13395272
14080346
14145626
14343392
14879942
15432179
16229679
16284697
16435797
16552945
17155386
17604915
17879144
17971401
18788629
19003671
20312254
20649204
21214602
25502332
25749993
26099938
26396117
37710752
28768921
32257623
78734212
83197636
83223036
98906407
103633920
110031075
125420462
128275616
128292609
129904497
137027413
138179523
140884754
144202717
166845078
174781356
172925590
196214313
202484055
223521875
230492604
228858336
244459958
247975399
252791434
259454779
277792348
280354655
287816744
300735398
306861760
310521190
322658299
323754242
326665662
326925632
352650313
353096992
378020992
379326690
407257811
486842125
551600672
561472527
575905433
581012668
612496685
625070495
627055000
802574298
824922938
870870170
897766328
948104532
958649520
1061623501
1330950650
1395033860
1460016181
1536571813
15196135
21917716
104068477
114857580
256424454
339722887
476837007
551112681
62455146
601345137
5409802
7079752
12434302
14163008
14248142
15335123
16449742
16492108
18733320
21801447
21958407
40914644
74719185
107722135
151507082
176371696
15305959
176371365
365442781
380602156
64552645
307509250
20779255
629133
74720965
24920846
538342587
389020742
430896029
44936903
146076566
372692039
977637956
37466574
30005998
18999920
15439395
60882947
21611239
7845122
61479648
1470061890
1539314226
2729061
473111066
5971922
35674289
21668952
50617017
127856293
20998032
2211970171
26268943
224653093
56406330
260182578
18821583
18062442
365438535
322886464
343005484
26250872
14797738
101081754
131809842
15565076
571768437
45420135
92241457
14788268
105529826
35070798
628765360
5372252
22865552
20779421
1107579506
153727023
331228486
295325513
30113621
492408264
90901385
87252725
836350213
198136774
223916070
273322722
1894231788
244949351
131149338
205383932
183548902
1151926770
191599362
29669400
211035819
75468503
14980174
2240306478
309043147
1386149533
328237056
23787335
123582098
143571157
19589086
351748084
321607289
206488165
318258698
45341566
50490395
20416671
1137787681
41822032
385580630
615676881
49303660
62533
7160462
7881302
10330212
11835052
13838532
14162582
14286491
14314515
14473823
14600795
14637833
14699615
15579077
16210231
16531462
16927254
18079064
18212935
18804836
18985501
19062483
19117365
19179395
19146944
19230701
19287755
19348275
19905607
20162269
20611993
20772195
20978354
21576334
21753987
21755787
22246149
25259859
27468198
29213911
30743418
39761772
41375302
48093362
51612424
54877891
65064576
83839005
89169314
93889008
95986541
97252358
105334975
112427461
114682872
115702663
115820928
125928028
135275132
151053774
159484677
164334786
178649929
190893537
198101661
206661388
226602062
228655241
237409428
237915643
245353843
282815200
292406632
298700210
306252199
316996180
334180397
344561754
355451790
363135186
460187847
404698141
493984182
495743972
537507873
540281606
544328367
545969664
606601745
607163614
612600100
618421202
774237116
847129892
850856070
906365322
15473958
1246397209
748018813
1095670098
15209730
1648053337
58431280
15178584
89859520
49344076
17743593
7686092
29536934
102038937
29969461
1504311
20097115
18911432
155916643
14048887
185575589
605686850
68583134
1655219336
117376676
15345389
94818435
16129124
156004543
67892848
13047362
1227066038
269958757
28440908
390303306
405438270
440413534
441210459
445772042
460519434
457788235
454963316
449061741
557342550
558452878
701671502
702793284
705114199
605336312
605960106
609464258
617722221
625544587
626861469
625587517
631754945
633372074
634311346
634566580
764372598
767045412
776940714
778482314
780462319
784705688
857042618
862167372
865866001
867882926
868475508
931674674
935151002
939175789
944750814
950563682
955698157
962970583
977154620
978239540
989633635
989878620
994007628
994849369
995909995
995920284
1005976579
1008736742
1012469442
1019315604
1020108763
1024666021
1028750048
1055540371
1071725713
1074792642
1074834823
1076222947
1098853291
1103751002
1128815821
1131563137
1134548318
1149682771
1157439445
1166663852
1170937130
1191915272
1201074944
1201304340
1206852367
1240184030
1259574902
1264511430
1264927273
1277402160
1278429270
1280171324
1283213346
1289009694
1291259790
1327587517
1333757480
1341233137
1341254388
1341775405
1341777403
1350096049
1363049263
1372165494
1381465423
1389134226
1397439103
1399329073
1400741599
1425539838
1450680956
1465403150
1485433387
1515942018
1516502306
1525630746
1537263998
1559634458
1569031939
1584396350
1615533188
1616360412
1618691779
1628089044
1639748756
1674952999
1682130566
1682773892
1688960304
1709106368
1710096061
1733993412
1734501451
1845497642
1867267549
1875678475
1947541158
1966676126
1979558624
2196399532
2188186435
2159261430
274596885
475832234
115210837
17230461
22474349
576559636
351533258
21626287
235573486
172593130
1234915518
1092597763
1117394126
297003395
212299083
18955413
80655195
86127317
1145836298
257427745
610219779
322122983
20737615
322667306
34492062
47433923
394348863
1340850588
316803378
27087150
130241862
18941391
140337831
766384909
91644096
721816830
430199139
20268413
169678462
14914457
141603000
54793600
16178358
1884117271
492237626
174847568
844290324
454512354
256363817
20691401
15420203
592696869
329892811
16947313
22394209
273935884
17360375
275331744
30960988
1369330465
135180251
55397909
488480041
19266899
274000727
1109925020
23479891
5676
1448456016
16066580
19544671
154450005
15143478
114700172
284252190
1924858076
911726029
2179885560
7111712
141209963
1979559511
82377957
149652410
17053097
397661591
33773592
368729793
274658947
186585181
15496407
65007412
19843630
13649002
6612402
19596074
47876842
52238172
33070697
12470582
89276202
82411462
227344656
109011736
101013718
501968170
19739069
16143105
208988759
19657120
17385903
13766492
501986575
549383241
193173244
1971995702
190987043
1437292844
811023956
359120549
2208574532
531140790
59729027
1884558991
363893623
278502307
156912752
519493182
47507092
375718894
1882644804
1383381229
578149503
534563976
491766495
407577720
382807334
260327866
248883268
226599594
221907983
190246525
176546960
137712607
127003086
96330484
71156816
69519838
63278989
52511000
50186014
48356887
47997667
46790946
43999996
43122485
41901471
31586578
29457863
27301650
20386697
19122108
18671693
17488992
16112517
15873039
15477931
14747526
14676851
14308481
14301261
14245811
14209229
14138796
4761581
4385191
2937071
793517
163844242
238718627
2179932506
1574674273
243336175
372831018
6073502
21423021
1040758742
1611544134
730396140
19478383
23135992
402650096
115935789
1103747838
23993177
506140505
80310716
18160160
26268870
196458749
31013411
1828504213
265911171
356788303
17234452
1603323366
56623560
590356052
17897621
124154729
14121668
97686415
200005386
31133194
371706404
58903000
138850714
1701371
275243623
20695447
1967690522
23248421
1219888003
24711165
6785192
17193815
14594076
36331077
199624978
929684934
83416744
288273394
437809838
92064796
73975837
14729597
12169762
42329259
31443503
216735143
7004052
20049102
67591743
65977245
252245569
342250615
525307378
534255106
583753717
973350253
1110167586
1257618596
1262874096
1307614093
1356328298
1428575976
124941165
308663679
20298671
1728963602
86292908
19739636
42544354
1435968216
22038701
25664142
15258320
14711619
20157531
897811
11031402
14881549
12828432
380777876
337862963
80035797
1391646289
23602600
21250803
6549332
5959342
104615636
74865632
5763262
2224271
1569180318
143829782
86280803
269584194
262130711
2233421
769099
9588752
7165142
11478472
12509892
13288742
14286885
15391076
16780597
17153994
17177403
18165988
18815747
23726289
23798638
26032668
65375759
93054335
121204594
19136693
26244486
16004348
14944428
9155202
15023475
5108971
4016151
7127162
8927752
16230279
13046992
11143372
12219232
3250741
14322554
14700993
7129072
549973433
18032441
249264319
1147031
1158371
1503921
2367431
5346742
5715682
7589162
9963402
12118102
12542672
13050752
13056062
14122307
14165662
14567800
14700783
14942871
14951871
15134345
16826988
17062648
17638298
17961462
18059285
19350455
19397396
19890160
20684316
21195360
21494241
21994103
23070182
27087967
27596259
28100299
28568666
32588979
35269543
40854900
41358714
44724477
45562530
46619546
48492797
64442900
75541352
83589523
115048780
117181947
131154374
135913904
138016642
146213978
155501153
167759954
172280127
195056464
201522558
205164306
209165593
221682900
235735524
246012713
252111417
261291951
275065851
281947428
287595186
290019499
352317145
351638831
619283145
19776354
34960648
37030356
43906821
46114448
55158413
140579435
200456671
375668090
567467234
307899854
309720348
310050530
439773485
308504071
339640020
349668555
355032358
409903803
387914391
452987804
455667179
485560567
533309296
552206023
570765703
607337887
815496014
756914910
854581958
866700122
872266026
886874264
873248821
962208902
935523366
986953596
1146204302
1193837778
1203826980
1230943206
1357206858
1361349817
1405966890
1410437030
1498610024
1567821758
1579994467
1585469030
1704312426
1855097610
1967633514
104070525
33249457
273940910
20020021
8653962
19416598
22054220
15859033
14095644
79570653
16716425
100068931
235213645
26858764
79489732
59603956
26589498
17156053
17175139
40385166
35315865
15684633
56722075
13746792
49270737
38762773
271645211
247336430
21122950
17030680
225958896
16843817
20007477
18837385
17042078
236590586
72842277
45516390
19084034
17221246
112475924
29342640
48564118
18089292
17251787
83424009
15949242
276259528
44903491
66182591
19325156
19202541
155748301
118975084
21218554
19965811
46743752
20517668
48753815
19808176
25118264
324914739
135583203
29093157
222723
179225984
25282026
242512099
25182347
20915903
11053552
9612722
298031144
14304508
440172790
22381957
477030336
52245050
62645687
92056892
88540151
17981537
18829580
233686855
18481646
308623046
17396170
136406719
33972693
159951505
16200214
210787605
311944919
164258602
114589774
25514347
1530953521
123847438
269700525
10955762
11425292
103004948
267256091
1138221024
525413893
172698916
41564110
284553
2151002570
57291980
131299664
268470247
15129265
59126394
482163835
23578050
155202983
1655442620
1640153100
53007898
928474448
15528719
496014332
11114
165367317
14043142
15084702
17047046
20333586
219321057
29823416
53560219
352650591
278930750
113653403
222765418
50987947
482117342
1450773104
6169802
21759817
45638980
433664531
52182009
839549586
138920356
326761638
27942660
388761238
60945409
1394594796
2981431
142313714
237650650
1134396140
90985028
36541636
321660017
21506708
529546693
531697681
15108471
41308320
75778177
14000542
15237935
174740894
350424151
19766166
15336340
402875257
25676709
84351228
19767193
79997785
725323
44553548
20138728
6705042
186748702
14526679
6841112
15862891
70917032
17567533
15132914
19837528
72249574
119401334
21906058
41561657
88936048
15137538
381305483
6154922
171000782
467171076
22387220
74724779
101712079
5025251
229246832
361338491
436781897
617243
47054931
17376218
798861
898691
2384071
16515488
15154811
14085070
14295341
12819112
22911650
605643
13835612
4339911
14568034
11356
12984852
148815591
695043
21581503
17462723
16649758
6141832
27143494
95652237
32354828
224631899
125614071
14162706
13918022
22839233
12497
107391777
190678954
5904212
8643752
20127376
12798822
14824213
37238862
14390827
15353398
14463317
16071524
91312237
17939037
14923
2443051
144626914
17780580
10012402
15577562
6621172
14970812
18223968
20821119
19022161
7431072
806545
23575322
23666720
22419487
100721587
28178451
28676025
17871298
1280341
16084102
32387946
20342875
1644831
130579391
45580925
116473648
20449047
19246624
50966082
27238310
12432262
160877807
29179882
7144102
7192482
26254137
14506075
16896880
197662233
55361508
4894431
27593
14331818
21933240
187214458
16170580
15626406
12446302
617133
1217031
6202332
6241952
17868090
