2361873631
28516964
242328548
278256762
80918348
7596542
22467617
417885365
85906238
182750072
71557700
2540320586
1411663369
2896713990
53722541
2185276651
79570653
316389142
27924685
16665197
1254773030
1694641710
1087860428
381154948
194377912
783447889
14172171
49107488
338660808
2836031773
17343006
338707265
399761224
700118168
765548
499439410
274590281
34540379
865622395
4531221
260900441
29340609
104228250
132841631
337230205
2598162997
512234952
4894431
16174754
2416394485
212299083
2768055348
91951516
2375288959
52217278
2800364413
19101772
115490380
15458277
191463787
71210524
267324132
1097361890
313939160
2209548702
9727002
635225094
43199901
851425314
57396107
88423039
19906698
262365030
38372813
148001265
1072229036
492806249
45923583
239255514
232204391
25743783
7144102
19118873
83987145
31137371
18649686
40292970
921367819
453730781
111496697
208788163
15211946
26061000
103883879
110901980
842066798
489378530
148002722
114049606
91573634
439239153
397258518
374835522
16256539
524249300
93903950
23123665
347424185
153992365
218892908
202780910
17527449
20746400
56564230
6653
9237012
370803616
811904167
296624994
26616462
923061
810404
15154811
85713423
140956562
820582
267207770
7079752
121231618
15755223
17974442
53560219
46046512
429169198
246994013
500295008
366720607
16025963
327674903
223654255
14053250
107258201
100567485
462075739
56407807
6612402
146978606
16933716
27143494
89859520
14738561
341258046
41215558
12993382
19843630
44438256
15276911
208988759
19313995
27326081
26571599
100074798
365549393
38596061
278104776
40882910
16172894
16274109
30005585
16259121
306856872
135285451
10180222
14245811
111020569
17221246
46498656
223560830
116451047
171221404
116877838
18754768
34675456
15282376
241632192
18142693
130579391
34222024
56593116
43953767
5762302
18089292
17047208
82336717
22281229
109013846
64100779
61878072
80992387
118526360
241671114
59518694
19416598
70730705
240325768
16332985
58970324
117642369
15737554
37334808
61266948
57827221
158834809
36814136
16629477
12692522
23165444
27561258
235165520
21161566
17447912
103033996
25476115
112017535
137836269
47549754
44893435
23996147
34971603
35613770
16540939
1462021
78995608
34973246
35313915
62581962
55895328
47621026
679343
26063895
19451617
16545080
16195981
15766841
14252926
14135773
