6480682
44629346
18555180
85906238
2981923861
3097166903
1629336979
2154127088
24020447
586892658
178088940
53269717
54645160
1927578391
105642178
2800364413
2381468161
123585726
400712175
1859440052
571902552
281031538
2557915058
1856268535
2562724922
925824896
31936449
2802558480
19668775
562817107
42558652
18169589
74669397
182839127
22739861
12523012
48203749
2166990966
35877766
65647594
34176543
36511031
15397978
1959556592
3319162469
15134240
625022363
1515845250
37330317
2821563630
21353759
2729785128
21915666
148496087
103130238
73206956
30855079
14353392
15154811
1666038950
1536791610
2983295300
1421082818
55117855
1915349490
55752820
521509156
20077270
233364902
289182486
93654953
2561597334
252536239
95363183
551992939
23206013
267924919
186826724
18589743
5438772
2980978879
137404743
1111063441
919813494
237409428
21028966
22412950
1343132275
107174526
2360
1335460934
237548529
91333167
24974525
824883872
31338352
15164565
1170480176
2358543894
126146818
16624106
19313995
2276551987
226011566
31080039
2602846615
757679334
152347265
101385863
580411725
1574426113
330101315
143266238
149706579
1158733934
2467226497
2189503302
347194490
1325200380
998407880
473212919
1156052654
14109456
495517322
14826808
334203839
195123437
2421208506
48306404
15847644
17164974
296644509
38372813
516805004
137386838
635123740
29726578
1350757747
140951152
103148191
223560830
33279328
11620322
339769044
166707531
153814910
291824300
48180033
14248784
1285248164
1949132852
582872181
2163864264
20745130
52010875
322658873
1891806212
56879674
374378875
1522445748
208380906
252204344
31443503
14289835
36814136
199737585
16174754
543876839
293116923
32624460
1097361890
15859033
14324284
250121453
219205278
568247551
620142261
1000262514
1522181906
1479768566
713648564
814824506
1589061805
54795290
439281831
588586596
16640235
1286506417
1565839604
384182912
1541676991
37106976
942748020
18365948
21799265
1128132072
143086518
18414364
306988639
21242028
21237486
212299083
256793538
16939942
17156053
1269960494
29812651
274063094
14506253
30364057
195123428
235893096
25166438
48564118
26000397
1414130274
20898564
320268880
26858764
318053222
124237063
262365030
27924685
493533362
92305497
137836269
52584039
45196529
1250428490
4126831
16629477
183548902
314758565
46145761
18532139
14738561
17047208
19843630
575655913
35304791
19725644
82336717
388345704
476238744
570574417
427119266
23962323
52496912
28644174
57084769
23544596
158414847
16303106
14085070
6605412
19767193
378272434
358566293
23365014
363327368
45373841
