2904630494
3131248869
3526212987
2650636675
3422209317
1433528972
14791422
2582542753
2912707430
75641903
634626250
101798589
110365072
2296101896
3796608869
290902738
3272477743
3299660580
888844213
1200730520
3180019142
211725789
92191282
3601779132
3160344543
3692540712
3410850672
630712882
329429503
516290944
3158695989
939247430
2360241721
2162163636
45246673
57604941
428050192
3265511936
3246901465
15841776
86493795
961231092
3221135604
483413556
841846038
2530377914
3308427048
7559192
1173835904
2150041849
2612917682
2372019452
2803876134
330743859
25507698
786078127
3295519215
20352767
1953713154
2910350817
2192592792
519321215
28334733
1120098811
2734713482
110441210
3351698086
224747050
3197360780
365219820
3272671327
3048667909
3253463982
3131557462
915357337
2990459828
2882277423
2980425671
1900223750
225096034
2900430125
121603347
3012263177
174625452
380220780
256086802
20191916
3230913152
3303293865
926196912
3131069212
29083543
2470450844
818284082
993897794
559614467
6410782
3024177377
26438274
68327893
2872524713
3133647120
72672017
23716812
1105012994
47983577
501436692
3008072613
2739434108
2869639326
313210368
386184878
309046324
1465211041
2988754900
958649520
3130093606
1389134226
2582534934
3108429782
1395727916
25986125
2290210458
407200271
47786101
1213283748
2542375742
994515733
1595366886
2874880238
2886195441
2878784774
3094546514
2998939700
67643446
619123538
2327909557
733480542
514841905
533414140
2974871242
15088380
3062128873
2772661626
2341139364
985876477
2549047974
526226529
1537985016
325238086
17926190
2342923129
1479412992
152889033
2364853507
2462509141
2908551890
68253747
1061929410
20126211
895238288
511597744
401790901
25998227
2777471661
1859123587
93743265
18154205
1512969216
33572600
187909268
94262963
2420295656
891377682
14528221
2907919093
1405966890
2991742193
1425314268
2999656599
1522181906
227054583
2957234531
2777507834
2590144724
21966695
359430064
14044932
1391424277
159955958
2366522412
32084248
962997733
36959561
1631402228
2984558691
425333398
1717475311
975893461
2583264771
2849300881
2891261245
470970230
80143193
21410687
269524488
2295520110
1442750502
403116484
543700209
2858860840
353139378
16581861
37393217
115134651
2367699306
380602156
2727638732
285611478
180135400
2313699698
222295722
1106535626
264356595
37286087
622427154
2723713757
2244891990
990595098
27552978
2530913857
263048486
2839412666
39047949
591702780
34951885
2875018475
2876385952
130834299
2872284435
292530936
309909647
2213627784
63200157
2868502095
456310432
1309293318
280826774
125512325
2730352488
24016742
1740835398
2875804979
151444377
121912051
12819112
576655092
2804597766
39917822
2804493248
2785044119
20106852
1720756220
384507734
1244850368
558835216
217127065
302301480
2851146208
41540343
1426970814
478362095
2483525977
2897875280
208442526
15292041
2504516154
1128782370
1672629252
2421272533
355032358
599973734
2366193422
1708298767
2148553357
800359777
2887911512
7157272
340103408
1688660126
1338568934
460544873
18213297
265789331
1640257273
58838100
195251002
2615038470
1930054495
2857572038
12337932
63544824
2745596272
87095523
1205345400
486300066
82238919
427337089
1435260703
53757167
2214865849
2500189567
2251193550
545697124
27061632
618553720
609714086
28696003
381134300
14963408
274508827
43494170
2678260008
2736207512
142165816
297818959
158618726
1979554802
36187290
1467613892
30549662
66300624
2301984552
842669612
300114782
387834679
1685226686
260211154
110748715
1636683380
110311651
166061048
280332783
2792891618
18397532
258298063
1880558749
1250266478
1517018450
562579941
489374719
622460633
23170025
611394081
138739571
1727804298
41077147
1483921698
24749234
1865237078
32340834
1547838528
193625274
54657276
1002513128
2669207682
140141535
2753663966
2230791512
1907327198
2745668833
1529636053
236219654
93655345
2415529159
422263
2710715024
2717694091
308506455
793517
1963548114
2645602164
82985064
16486812
2616125786
558630110
55509283
2523639438
716047344
2649485550
109109005
71210524
2531575880
264787370
346718614
946568227
1250082110
966935694
299580552
1575722161
33651124
2587401828
118583541
35131227
324914739
301630205
115010550
2247984685
525957678
56514501
302899238
274063094
15476594
2283779258
16677852
1279168772
382371983
383410913
2561407350
1853168966
2271485312
239496104
372760774
2441950981
1909761859
514859344
1367866038
587036901
604113349
48085637
2377594862
519167617
2200380704
2587043125
434573152
291116936
458966079
1245309510
16915437
340004212
180122238
2386736041
103691430
22424580
37758317
658733
2319500724
2194473268
1076370253
2423477096
205195655
932885174
467124072
17054817
366935179
2317609098
29406343
271331718
2529196478
205546805
993442903
2190904513
777282973
164242095
191849753
234523064
2471819912
87410476
2467791
1225840568
1628701926
262390333
50318149
2263733407
2244318204
45372777
884613775
1449788834
1584529950
267604955
51571812
2310046634
242955648
85238465
2486901744
379212448
188954079
2246304439
532682706
1075003274
26713050
2513433568
1049168557
55592530
54510506
1565839604
77907514
2430856049
139099541
41539453
16046375
6043922
2300627923
419370260
202578100
23544596
2189567755
602501481
924186024
25916739
2364779197
401230816
2471792593
304679484
167227691
239587325
71023545
283235743
922087736
194354685
213953689
382187364
2266145328
2393172355
16113368
17042078
44903491
40385166
16227629
233336165
128292609
2350395900
42882468
406014990
325719227
2277666787
2192933825
20365601
897577004
865611229
49270737
320210499
1248976945
64375648
158198443
594180245
15428397
2311098342
41541697
25858488
2423378959
407048462
23149365
189795889
1474008980
19066345
8393312
619735906
2190906684
17425484
28608767
26710373
402209787
1179265111
195204139
479196013
125428652
2412182342
548256471
567753741
981127062
2294306945
2402684238
836350213
2386626780
830505859
1376893698
124991617
27158603
37409635
76955139
33474655
2215248510
128539655
1613803382
584072687
65634864
726368071
22613780
19694637
2333122519
344228206
61313415
229511896
18456821
472710990
70666275
185280748
590368542
33249457
379952197
119659318
88425861
553919830
1530953521
20342875
1594379568
19982434
193144020
278693248
90755137
42558652
2154461958
1721323322
572225652
867091351
211318951
23129668
142474747
855845088
1093894680
1868925908
106279179
2303740058
31088181
30841319
38986663
482500305
50933459
2241373626
127806906
27220400
2154027642
5381692
391037985
74129557
1544468570
71551472
37710752
1853088354
21749564
285658645
33421686
20491064
469924181
5412702
2176147944
17471979
23962323
41699268
89337224
425790025
522325755
1595058126
1578138637
14232528
234309722
21611239
233278341
409710390
1919407789
2307409514
38766002
365895730
2244866279
486169804
815888671
402664998
2238233438
26832834
487833518
17788362
455854724
419696616
332967893
100842674
322658299
5433522
537010391
17211342
329960295
305334458
258847118
280354655
27596259
215244619
1693535786
570596357
102417054
121869155
2165144670
1605344245
258703348
14444627
16852067
52500163
116887260
388560249
31636266
353454182
210717228
980046830
17179049
14729597
191654681
550717249
2243103480
602317143
58431280
22830650
335755207
746843
229509740
111584424
456648995
254924334
49832877
28912478
33158877
1048472533
236509450
122780081
135691326
243479125
235105244
83358795
1977674826
206661388
811484982
1676763115
2230867051
622082562
110031075
391666762
1898959536
1051383638
1400666096
124308753
2169510360
34727463
35986710
16473271
953312472
16880920
27494710
19622734
55130863
1855872991
21146176
1683479935
1667014177
722087677
118899148
33504712
1093257992
86292908
1281703268
15070631
1951166706
271134598
845453754
2165900707
1974645270
105412554
1727942791
1892976554
904595720
623993618
14702336
35515235
1891806212
847183088
264964840
204601059
402875257
12285052
21704370
162535413
56314454
19843630
17047208
15154811
86626845
2179425073
16240525
1258237417
759125088
971761
44949890
352969075
172652106
34136154
139193255
18644734
1660468830
382331836
364812684
146502086
105973401
190126197
50582907
443333474
167426475
256424454
280863919
267116475
1273216394
1361688518
1661193865
26437680
236414313
1369209390
164912517
49758631
449062812
513279183
302280317
148472799
226262241
41512930
168770247
49602371
99641582
18568126
14914045
76241328
16088941
6191562
606590582
1000476126
1070119118
58716857
56910643
1415713458
449498639
1279353024
796829348
1087386372
1077509564
545502954
1949101381
1414380506
83735541
23470603
477628195
1930097042
1944154088
1854727646
448866261
1284520375
1613920627
1435074373
16678835
140856920
561472527
229634167
269958757
19063117
613068009
19837528
38816301
1961624005
28548370
298927581
36485403
395195718
941105173
388033513
330899599
231952307
95116499
19012891
401015098
394999206
162233830
455570208
61939860
589247599
19920464
142288456
49229910
33773592
15684633
24821734
933127350
188607519
420709970
78350180
8963722
17248121
165748453
19767193
1168003974
41358714
1564188426
1170804930
167057702
1323451758
748018813
175691292
1212497131
25795191
46059944
6612402
1942575240
96909255
1115784079
80660950
132291569
282621191
620586403
417581232
358639884
283273730
89397866
393006242
541731281
407472256
66758318
20531243
1235031679
90134899
19914859
1683643460
208306141
68375541
57438972
47318212
1595627858
19768990
1358558832
38168168
1607703990
964851361
19685750
417594962
87297366
1681607288
53854229
1881675974
429464827
494463972
139415907
14172673
40201830
468825843
12611642
187453702
1529234226
588156554
36830519
19927012
106412933
332063391
21063659
296023958
71608591
1496588222
323607939
99180021
119563319
28009853
131248798
44881197
204557707
412327246
12702822
10328012
707345900
278446404
197701852
314583432
1385861262
17850973
29065306
70085123
504053819
574163781
176876877
595555260
1490348881
187346105
313825000
16482869
131782092
10454082
1551223752
467004431
37148691
25457940
44765696
34228833
78566690
196458749
22597545
29234911
1345431510
1093206582
17175139
97398563
1705913815
364674272
29309901
1703489682
389639559
444239599
272337767
22579713
21347848
614993714
790645698
143086518
135065698
14626216
1649325302
1656025728
378259736
500594919
1626763850
26396117
600288813
531989832
14522331
1676175931
589164746
1544830178
1344163538
123087976
28173220
90339962
177684507
168698419
249472343
313140358
488589499
11073952
714183260
19047502
19540483
1066913918
14506075
57438280
69471969
478057406
109539733
250382945
404442001
70061327
56501671
271572434
18521687
104070525
768915481
592912724
60813201
1277202860
537940429
136532538
67565990
6943022
536731208
562254875
151257881
38630406
35304791
52496912
20648160
252752794
406609880
246059522
163181235
1629970141
285452544
21178259
19980779
1398188406
59042306
1616455970
18032441
82411462
541029488
389502603
979300344
23288511
34675456
165604576
637087464
1627250850
427330274
1345811046
147393852
575253769
602403521
258199040
20414217
538342587
17461469
39351968
15577108
124942059
416618254
278914071
194871638
19237409
204832963
48799978
87340836
38145281
14959189
164101922
14206946
28344791
485560567
539048663
91310347
25945412
20479813
109986240
224569103
65525130
316327930
21816487
15862891
17089636
172869874
26589498
10342612
12342822
147357742
152747558
17919194
289338380
33789494
1577178426
30614676
15846407
541637104
316773190
1572763574
128020587
14850190
27830047
36796138
174578809
344625111
54518078
19725644
1349176500
63035222
20961822
252124716
176381707
17385903
569821251
47886347
20564953
512566966
1517072341
23425713
325448132
233944247
91583793
754549261
1406177371
1183041
271645211
573446755
1448456016
16182261
956380796
16510152
20956102
1327638445
17065308
1561888556
61354111
86237403
24825460
175281154
1072269104
959486694
150592308
14085070
261974816
13136932
14724642
18089292
21090777
18198832
107858905
392592834
21147300
41089784
19539314
382563169
326518931
347624233
90053195
259495409
19377827
20746400
143306525
356788303
428694938
6190272
1040758742
1484576695
34222024
174847568
202765841
115039678
56593116
15757880
838464523
90420314
237845487
15227791
76573824
187518287
1249676186
1369079066
173593524
68360830
117671688
17604915
20032587
1206099626
263088201
41748087
304889400
272298883
16649758
1127394842
236590586
79489732
31443503
240474923
20015311
15521075
19420947
180573097
263861354
263055971
22479281
90202078
20038221
20391124
137307530
55153965
18789291
8598102
18086409
117955586
203823690
374880709
24870398
2160931
20966286
365346812
249034880
11610082
17357182
25427501
16401038
55199237
200244664
103273118
1144882621
55351494
65134016
118690641
32833197
116994659
21237486
115132543
18477428
134429434
111331599
19513912
55024445
21479907
15439395
14647570
237670274
32372834
15143478
17156053
8005492
38578151
