3182142841
15075846
71001068
107853015
3885084372
4169882413
85384854
6039302
1377322334
16639736
720439206
2796094356
500881397
3033371874
379256448
170810952
3222339554
25224757
26256183
38623736
57218283
65435971
72925271
90482148
133106387
147771549
165772364
181324139
197658151
262952138
286295810
305120917
341217032
334428108
335442578
414033425
421407255
504697719
566835051
637041993
776104724
800674194
824602891
827805560
855968208
905983189
928708579
1007624880
1444848301
1549469161
1689446802
1705828230
2209804364
2363567245
2515897502
2583194130
2756513899
2759050956
2767232527
2774010956
2782958550
2789007552
2811558174
2991411122
2992819236
2992855999
2993532668
3327518918
3361765453
1936371474
160438347
3882019694
3015734253
814242620
3335106363
21579991
419545517
3257951894
18770723
3656028503
396176309
3538966693
40068920
57127675
1334516191
537521198
2192697271
272036928
343032858
770520930
172638742
809389237
1640523534
248102349
2180521766
2808333493
2873891433
3493727233
602769215
3312692545
3414735025
104032181
90923121
3438151029
3352314340
1463686484
3400093443
791660214
3438022733
37028734
377149480
346123850
2773448851
234567539
405651096
355940820
370144949
338026805
354118865
61289898
19608697
1721291210
240350947
456304935
333637200
1684564093
226368406
2422184328
274175965
2767926410
1729924585
91473747
2285819084
875785344
226790559
79805806
2305749516
551278206
292531199
600192798
2337680828
2435657700
3324356722
99988580
275154755
2996482889
3166722445
2321505098
2763045788
965658908
312782568
2783243179
141610848
3004201088
2450094162
14325128
564933186
2890114454
1072730425
410506019
1004572542
341746618
2381165839
1226544409
24016844
2937753766
2420627574
208755112
3099905621
2352041312
2181735726
595911482
311083599
904745094
516041277
342452538
1287235166
49211786
266898345
1692212238
216453181
137041020
314535864
301784958
250674666
3317190391
1653647731
3433497197
2693063005
160343788
188947502
79648730
2860965435
198430298
556153263
82251956
231956931
3260117700
348037739
1626963086
470614670
2768906772
26813978
2992662679
755726305
27438558
247819961
66768584
19274580
22552271
2902980632
1958828876
565207266
377820400
86758198
2253049453
399209617
24436360
1195633879
27080276
608514346
3168595355
3173211264
3074552563
52213674
930061080
304705542
939894272
239113220
117880153
3224711698
827510107
824301000
2680631804
1534424083
426851990
141254972
17887970
3193475331
2763480276
15936328
173227337
2970505083
354366012
2274914462
483979290
2767521362
37021474
179191246
457085664
62610859
165581780
821827298
287203021
1655754222
2734114689
1832752303
2420557560
379401591
250015879
1692454981
1066754576
816112106
89288465
78114017
1126593422
310644062
2586639936
2385834158
2369907694
2798901975
2179475466
35778054
1471321333
274762491
281883453
2729964600
15938148
547939922
20622333
3060398760
2927758254
157066213
35402051
47734558
2812412162
444263511
35966342
113376939
397523642
246481323
14336966
2890180285
1660318207
1668822181
17011044
348056094
27171900
30211622
325259268
52943979
350366154
382811563
2305406365
2307602204
477099122
2987980234
2984806689
2779759501
14955722
1689029538
19292380
374038155
306227179
3017673590
3017666480
3017760666
27978728
94010830
1276488199
622113933
17292143
2601784836
2880264517
1204986673
216594244
2715084775
106558635
1117313910
20211070
14784684
2992526089
378644000
180068283
30875418
335142864
94600150
2745447155
616640684
2853696552
39390275
304069965
1115698404
414094395
42173872
549416757
2520702277
2993523967
274533095
2928962586
125217555
35878159
298712159
470650818
237300597
467768114
2161413775
2970074317
101598769
443329665
2305979426
758242039
336664615
2724226890
2729534945
2451533058
19417694
713145331
21870081
29539256
308698038
2181073724
2933920766
237773478
1646746344
155620443
47204282
157639017
14148802
294660973
142829272
46313711
29831339
39114551
268070796
1526175655
8383592
2515891722
180505807
299729605
2239341926
2239304744
581192930
2919842780
524552567
70054239
30098812
13067832
11584622
1339835893
21690073
15764001
2347049341
16249481
2266691508
287502089
37664076
52847728
184803979
121884537
360309327
196267596
14167059
238767015
1221680785
538595404
2827074288
2888847762
2603690918
27366911
107171717
2432986483
594799540
15531245
2424988638
96706185
2881507908
1726951494
596675468
45988800
46176168
17177538
1583407837
2469601123
237795990
319132253
2726707890
522471970
634125369
27994296
1591719361
30544948
248734965
184516115
2563838912
1320878208
364581609
257272131
305224284
48064145
557458908
456239614
247077533
119779759
495120770
2577728000
555695241
255749795
293089457
542344158
313104019
300686234
809913253
1209707610
2615942744
1869650696
1729934983
72329298
786076046
2745126485
263953301
1199112522
223671446
16913013
2783007541
772756489
321792613
136823643
286869430
24066714
2697161264
856649808
468855237
151194932
1599567122
346587228
991037389
1658951372
122791536
992146194
27378346
1689510110
2571583484
1485457496
2829265225
2270888988
450274530
6017542
27886692
133494658
2752495043
1270746139
164443755
81105596
575613024
548129494
2789005052
2777149609
378030100
40339450
2743260858
327659945
61978248
116043126
2802762402
344390257
35333942
220746650
739887163
37349340
2303810030
323373646
67643324
76652672
2809602332
774802405
275660020
2747869846
47548777
205026270
2189322829
31127027
563965931
136009299
271550623
170081159
231662620
872908148
993477932
1021157298
1043805145
1129224056
1138095192
1224954018
1170352110
1278598614
1378551055
1549209200
1440143304
1641111307
1861654662
1886678557
1919703540
1938448724
1942703924
2151108594
2213564916
2367346274
2403370338
2442908431
2391536599
62593760
213928859
24794831
16287655
15502550
15194752
14561245
14571767
2798170255
2435811084
288767332
2239972314
390960552
87255853
1676435280
27185729
2432689273
556057033
326527808
614380560
992872388
67925062
24552923
98256164
317242707
420066395
289225250
1688765869
30118405
344756935
88602566
1228070306
36694732
2238448549
213858690
41688794
1269937111
2649532436
237335279
266820185
449191238
1112842578
1693626404
307052337
2308717892
47403059
125204498
1654224416
1115684959
2600441389
1427014040
14360718
1441234634
31192850
1604052056
2352629311
2570968964
939300852
2321243353
362667888
956649224
59141074
634688412
270048503
707809548
349983246
17928438
68784766
491836068
514938241
2566145808
920172408
430094212
188040136
99189283
1003292696
106811097
18842899
286178544
611158578
347381855
492455594
601082082
1032070645
770300232
937184712
390373134
328176797
1515443892
1115624287
1401760868
500961128
2548603866
2546922494
1674297481
2432870412
2305002570
1244247865
1947983246
51592184
9522502
24189067
2518021285
2307373356
1410502682
2176506331
532368722
365221848
580020269
1247351370
108133631
2512534322
2513793050
567769810
9648012
166038231
26334102
284352660
65466696
495763947
2463555404
45287343
118028461
165133650
268262734
40969603
2471412031
50757384
512766637
219885065
69235105
16304551
114354366
1659233005
2462433571
148628623
158503650
437166152
101092520
34716259
25759129
332627423
15872149
2439553530
2422679658
614328665
25644836
1373592108
2438866315
2437726760
342833880
355093185
259612505
468703046
190506011
1428948032
1319354892
2386995109
2411270256
1339003574
1684133461
537730996
1129250114
2398461199
325126593
2386799738
1228122998
1273102208
2385066588
609430747
1702982995
2253604214
38055242
43542915
2178550664
16727643
500019848
2377969267
1061750701
117161455
144931612
1262593646
991510424
56563919
24028506
1713437245
1724473292
259122068
360264815
56548852
2355075816
132836536
443208068
2352621788
525625357
2350769221
22112206
338416328
2326044739
2319898206
223916227
344875929
279878100
488756673
1433085264
36565914
2345408760
243863697
1232642575
556087546
20458149
193798915
2327860633
2289751476
2332591201
1308781879
381496644
12655722
30922952
16204961
254107424
33015489
2315783322
1412045119
532210913
750040232
1660994196
24201493
35986233
1688912791
2303831054
764350836
1455917106
1592531000
2266142227
2319937158
486166293
214634629
259331854
1539779316
326941118
2318754031
869044554
2317524498
426666142
395760398
155567098
580036595
1112693132
246998735
39580346
772451113
770601498
23385473
28400584
239509985
414285182
500436115
28951361
248922411
27251904
227890749
436959074
360914111
25593665
431982463
35059265
43710385
23950172
560672804
2293395085
478136900
23651380
104323639
75624389
365844321
23963789
224043897
1122922291
25852458
816645943
792109495
470796141
349307598
1447135394
421298651
378277158
46201724
530913827
245880347
55023672
732052758
362257189
427824032
1694967362
818812243
1120125956
300058435
397528873
553094716
774508946
23031247
131618740
235065263
84040888
1676006340
19601652
280597721
327629865
79733662
378631581
176478023
294133650
1141299704
29312670
2247765384
258022725
550318943
2294628337
2260702452
996192176
2290612183
58015951
29477921
555226214
2290312428
2273298800
1092288367
158046114
432624315
2240017310
386023180
16264109
34308692
185802351
2275142785
19803869
232957049
143873928
2252605309
1383020904
2150665693
949968464
16268340
23595093
24963075
177328306
1723902007
255836114
36395140
2235041282
480963861
166261833
352427214
153648874
452625761
1139934354
2233136610
633098904
2233486946
1160567863
2232586981
24078143
1911876740
1586322115
81916683
16536743
6473722
203793620
19026314
2217027000
40300668
557090270
260314736
168697980
6604372
18315127
456038960
16247276
224531624
41417186
2216152616
16129428
2193497698
41027555
142425485
160622215
534430969
213755090
1956805014
14594305
65561061
577473693
30406862
347320239
496140375
1684496354
15741208
11856932
1729634450
1252866644
88974194
81761985
849926671
1514059998
1360234609
241445667
11107172
2400631
79813746
237450599
437820351
62525152
71567590
264315762
21839712
339349177
1391070836
198961898
1267635120
618055238
70507613
38483165
15598422
1131421448
1630420650
1353416923
332897809
602098135
1849998600
728865408
261023298
47250281
5392522
8839632
100534861
18460612
256203380
73181245
18812572
15888142
30006718
1099653902
308825993
597073112
163281800
7115612
21381690
173366395
57103944
41607132
41607361
95574013
19184576
104323041
581000522
44666640
50210792
1216707140
26352093
247538316
1311995564
19011374
1168016670
362792611
312889111
136160690
733384358
426745445
225158637
19481859
187254516
424010640
1726739286
448517711
340002153
472322078
1638574202
578225380
389062137
259794191
1117283804
1691777359
386133034
361570866
1115793841
254180701
840503930
1117562389
68555213
80958505
17493348
476301471
269046059
1446883291
1686779473
57018704
172718323
84366434
42464282
68561639
28941725
31644221
33984409
34143128
34420186
70858343
73584630
74015405
100463854
110463393
110508222
140601973
178138235
178358484
181341675
197677007
230535286
242895472
245600423
313775118
319999109
328735866
346581273
357842858
360245138
360301971
360972226
363274740
364076523
364408778
376958043
385469816
466834830
476133320
533806457
591623766
601184803
747990133
778693844
786118628
835847370
852269210
876121309
1072724270
1078539984
1100002105
1110065916
1112588708
1112949746
1116218443
1118144178
1119721280
1140770852
1262548026
1414328802
1683445934
1686221868
50538415
64099084
66433377
56767694
1708272444
199339801
33438210
237855792
575527659
586671909
557810075
1698042013
219462023
935536501
315413429
36131926
233613502
1631831700
21634878
347860420
1681275264
265049741
323491793
341342503
46217554
432149464
320282068
45439454
66003177
133060217
242434066
285808672
1613009816
496132014
183257451
67545254
1444686470
1488355218
15867461
31020693
25348938
250766419
10441112
1517097156
1128296941
45034895
325650454
63300818
1313165581
1472159137
1411991498
950341686
1479970087
802437404
344365481
3858431
424473803
1472373138
366713994
902745066
15606308
223705451
108349175
395494645
40927537
363006860
31319241
1410442051
108403705
1270529833
52530778
104582426
118923443
38082518
1011594036
438370017
299157564
423689288
417121669
1151493709
401411027
22065445
1309242300
1296191066
148908854
22674103
72362869
32944109
125713700
239594879
84403090
795138390
56278396
19328445
335498133
453077430
258161808
1262417293
231524466
188693014
208399923
1235861022
498521037
1050708078
875282251
165883516
771786890
25333353
16909272
386263630
109348709
31227887
346280249
445271766
168715339
106422580
19348842
335489846
33401671
398835165
803223409
431957990
415791680
719573000
349928910
69997983
52289177
118685459
1115890184
17717077
430832225
408958033
67442842
347108262
137482436
278855841
62888867
175580488
82303907
360747764
27918093
940475887
79240290
631670625
1230174204
270615814
360231675
23689991
357264084
768490464
1131240679
263372366
298038481
395056460
173012277
156645275
377820160
382674885
150458583
30260838
198708803
182661564
363502294
167466750
19925632
22785359
61624991
80673992
290220111
281333678
205428550
777057961
74752152
188814023
37886216
33367671
904535497
472475108
374587510
479929564
282393597
40911395
314537804
1090458638
544708037
9989492
321094092
47567156
207229569
42316317
123132563
115446862
136315325
56146611
327224666
1098772598
117704573
282610501
25847047
165988992
400113309
296463568
15905500
762350090
512481368
413657630
420486796
763992559
433875980
67122217
573249696
302855730
778190233
1075822147
497268129
154173141
86196962
117154688
376847386
414474377
137539362
182681925
84182459
74832434
117288714
37957896
132303731
226735919
114609586
343358997
88798353
114625663
117485485
250295781
140196247
263376116
138559847
33600157
279239110
226318039
289418264
25571310
312885665
193170402
403853271
380019637
184786000
246579881
94121246
198867164
47035436
67539981
7832552
602891062
612241759
872881308
458117860
369826145
488827380
549321824
28918647
104538199
364461388
439012020
115770612
25380210
343101407
113508086
132362461
224445341
132169603
115551858
178432523
201866925
360167138
930492870
255964535
341251022
385515902
513331280
277811371
41098406
829433084
16637368
119714092
563423841
15767962
20876794
49813692
91367378
155686348
108747867
17454613
46218640
832428144
305640079
443310684
39157892
85855814
67632230
27811668
16811282
302113453
40255133
17841795
463000971
574772067
849467882
21136565
80699024
364390116
78150039
733691724
331095471
15288936
102802129
190056565
39505426
264610208
543565601
17827531
15937952
96856027
16164327
245882274
19247007
625050387
418768713
43347721
23631726
25157928
57985423
116963247
626009633
544034886
42405431
404874488
41033959
237763317
476094461
772891765
300560155
143103639
383440346
422864626
194346820
14855859
747947084
463429119
116072151
381131730
54671074
54795996
14172570
105670528
14342564
120875949
600223969
183018848
483353563
73215884
204496474
115585671
291442374
155995494
21021403
170343555
148074318
40799666
326586265
18157534
91107600
37432792
105216255
47218482
120169549
292548988
47512111
580129426
334876063
580501126
580999541
250695595
580076389
16425453
18637439
21075865
394527049
585071988
400981625
167218264
438852456
533833675
93783860
140687758
356506012
582859940
348637508
34322247
253294923
178991342
20064928
180511263
26129576
208386529
199841578
453434914
145709563
316818815
56277200
319186688
112554201
244632149
45725047
70764255
31671998
17810254
20898463
33127618
359743885
416602210
228214076
356607575
275546136
22310885
38258886
43464873
322583022
245639564
384100316
138221691
26434583
337119250
20290608
15798267
68554065
353699774
330068963
20566569
56854699
8083702
21796515
352501279
121631646
40175967
479784543
93757762
357664525
136025230
36454353
55707908
48862555
45660035
309379940
18028431
17155928
39595019
37991632
237443838
507505697
111233810
561619428
311840780
280336032
562161666
503676823
549507798
111671451
278940872
82943045
20387061
16020673
41254327
60461375
160363094
46475504
241567332
363395042
254752429
15464085
59875732
74086195
285158878
8417922
427690724
362005016
23774588
35030408
33090125
149411956
33949057
14788430
15601357
178738784
73036620
28502320
295805574
17148806
38958053
18682378
317259156
58599348
253717655
94206826
240412277
25315832
313184898
19607542
353773748
259331569
464278092
418891903
75814067
14583679
223049606
19700332
29931274
15578161
254748940
67988773
411986759
18030304
228854682
292127427
192440598
22739197
65671577
71461090
24437524
50927698
5545442
366178400
27771932
293821050
197492888
531746544
522742181
344297376
52871794
22514273
40318651
146451202
37030135
82902872
177186454
27290924
409423794
248736715
255223564
17459233
132090946
27866898
278343357
45275594
18906323
420777702
473632899
202482024
263732845
314588877
187290893
196274873
79558250
78898839
21584118
18217036
419286786
366154859
298127227
35953646
163343403
403890666
21754942
279133371
14133259
54727456
26874378
248994366
263459434
37969385
24341818
266270514
24057232
386492097
365269605
41105357
27033801
472217490
337249253
183615274
213524644
219207522
26819088
89656246
245940373
362038701
260563117
385405378
19868796
27155889
24129724
18989394
230598469
99253865
447010980
93238146
444219274
32374425
450565463
360959984
292647420
152905339
269127625
104643816
201368146
179224079
31855502
473553554
197685830
408915644
20709975
18104398
379401310
473210401
417419232
133377234
480958302
215143163
71428375
314236137
381669726
352669130
245155352
239997753
367552969
178155537
278325217
217481177
366764370
436776812
270017069
203788735
442261964
263739321
486773271
16469622
201873196
86616725
483381775
124597590
436181641
23609111
143303126
429384946
425682071
403053972
16579695
129537130
20419706
90575721
378775621
361596728
33709769
432187571
432296422
231154417
328170724
432964390
89279564
318722403
194385910
322026223
16961084
433919988
100254866
224123299
63287893
136683095
156999269
430096982
27271305
434706056
118003387
248118465
356361695
434457192
47274360
61028019
22997510
32433568
436302799
281344519
30815575
31274567
64955904
164537502
19267582
18754645
260966013
208686226
434465164
17839988
431312258
16000715
480814884
438092596
434665291
123287065
249336018
54674137
52086731
355656444
440424547
62294568
80682895
441490682
23596026
238004451
442119520
436073763
326843436
241006316
20095947
443182363
435409075
16268165
418483371
41548429
25547154
420279315
109163087
442485314
217166716
244251293
267114116
146886018
249480295
181698193
447063229
62922378
448065438
363605695
22778960
448368033
53962227
19629021
374714292
37388725
23951267
354895750
47868093
448245272
449969309
20802697
39668457
241994960
300822958
451164449
451197397
451523022
143228932
35878330
29641662
324966514
359719952
452545939
442741359
78095241
101881112
370126312
316869477
452460900
68435608
454205482
454267883
332585104
169786131
431847843
28047732
260430476
454985433
243791853
455304264
455437631
457133569
457126054
389868734
357619342
30575517
102511398
114483632
460268471
461348355
247454229
19981520
462118812
412609962
461568898
415886427
463138814
311674993
464056601
466690752
341237989
383324784
466838159
466858157
266220465
466918697
381712863
362530217
467123390
467154977
467150864
283272586
467558855
68751821
467612438
266169776
467693780
467710032
467720077
132396082
467053091
467782241
466908628
450264824
467820925
467818364
467639363
467908288
467930768
467943006
467964004
22443774
467896792
466910262
467537647
468046619
468134483
372981382
376613898
370920574
377831017
468438160
456165454
455117703
467745267
468609430
468629945
466862309
468514544
468734788
468743616
468751124
468692644
468447102
468803338
468842525
314009019
468869969
468892241
468934966
445760182
280032759
352936601
469408293
402362287
469666084
469834078
469961798
470355276
470401512
465134703
470591790
470604091
470619505
470835289
466066119
471319536
471396506
471637879
471684644
468691397
472305277
469696341
272075106
472355825
469723165
470548687
472435711
471757569
54416423
469350718
472549373
468157672
346913710
360621904
273489595
473086230
467779860
470711271
467058265
473519129
259295841
436088040
473492760
112726423
474062587
460320386
470630058
474289272
108105074
105021860
365486065
462942735
475139914
475333695
444032389
475411691
467688284
461661918
444998370
476387339
476412327
476823013
477018621
398292107
472649197
464405161
472446614
188199501
478812443
478928926
478932928
462511736
472007402
444286178
360914693
321951469
478779495
459895601
344428970
474015410
480662661
477405555
469545897
433077253
481349402
277151431
18436041
479986960
474503095
351075588
239951494
415571428
480638983
347566953
483195017
483359354
310337634
461380631
484277615
464738781
473691145
485007136
485035955
485094832
483558671
360297141
485393705
258576183
325816117
393159142
486058401
469838892
318220550
473354756
486796450
427913911
487000438
487213105
486188137
360946619
478182636
301217260
488305684
475957409
488990385
487974833
447479669
30755910
320534863
486948765
490663285
490480702
111465962
490892942
489000934
438004313
477989320
95098879
483186711
491546756
491593330
362202447
491742277
418774139
492849549
406016106
493453877
478115491
493068088
69366137
494834295
24629460
113416406
495697952
18276325
467808871
242205361
17029151
335677638
459631541
499136588
474194296
499361103
494917646
382454309
274280028
202234645
500920890
231267788
494158101
502095478
222033946
498431515
502423902
503555895
503788776
503521217
24228432
502093658
374763768
503344023
484182229
506421006
479659119
506018760
490434576
478321819
506017754
118887501
508005842
391046253
466899807
509113974
509726393
411051780
508031051
24315962
512143353
504068556
513876875
419216857
514845366
515715239
201153260
504541490
516819237
508341768
430783863
516773738
516835376
517157502
510921454
518829707
518090457
519553423
519134928
429544363
520205558
45244670
488075470
521553619
36568442
522248497
469585357
522000263
238645691
58402251
32450679
523488864
524446929
493306948
522838927
501140018
452612289
524919192
187069822
84921092
170324531
144719842
526145246
133787641
30538672
123249971
80093264
331656688
64914464
165007563
29048322
29021913
168251751
22220181
70683270
290704513
387337271
102878963
43024912
56467956
390418315
388052062
150788199
60611505
45697976
32045211
453113839
392421909
206846077
354047818
189985658
17627757
55239277
24969689
386919945
45934558
141289006
30081156
334203648
361455006
27489774
299973067
41586388
183900900
41449679
193395527
249808445
458806300
68505661
29626969
28954920
326299320
245922339
16257408
17068889
17093617
409549667
67221296
24302485
519775739
23527285
190803329
329303490
251413359
125998277
389708691
76084220
271208300
187456503
6703892
39424870
63602745
361571999
81432456
24616674
30615272
33588152
247584356
43264802
78695937
308760952
17281064
254693252
19348215
219401147
256672989
168872864
115489548
275624329
32182279
74466400
429896900
172545832
24363088
393171966
233612785
19695332
279400519
340082501
331569334
424864609
331869016
300212695
177195334
366959024
41913591
106796947
343101629
16651909
37023435
253348588
182447781
26941522
20846326
338516629
275871800
268015376
49213504
17295354
29198561
44430471
23661974
298667093
28214401
374104050
40303096
70508699
312586503
19350043
69186716
116478832
65364735
401680690
89746228
494930707
364805009
208180083
254949906
166202533
367751033
91943034
119694142
14557515
323958168
28842741
467666569
74911743
59957992
18469276
2899391
127375220
101852818
398795783
243952196
466818047
70594132
67334254
166820678
211334252
23273765
360801452
380703548
205353842
25392037
376996183
379418999
180559329
208671619
79880860
321018915
323886461
174710144
36605800
44130422
29313171
34390143
292201351
410981949
29564034
105978194
167584309
26596880
348076002
361982822
225989431
317326216
28167294
237124380
258549549
45874364
97260656
21440253
102221767
22814865
55340247
441389365
22405769
24398050
96182733
210569662
299576169
248513576
64734410
399210467
167494953
18217742
243494471
68886944
66350411
237870058
15837133
42718220
47239315
76393496
16076567
25956909
84764350
479466165
19010062
293107124
337576727
243727622
341311703
94152386
168669397
46241448
57423392
36141163
387788126
136086189
184075022
78192985
33124109
21150079
460458439
48143178
483055699
496236120
286336230
129647525
496376689
197566128
61678375
318185198
19260349
339440549
366737145
212091523
36473875
260322823
493459371
493310758
493357563
264370069
355281435
48436005
244291021
24462282
204614041
69885817
109479407
253396315
176574695
80940619
231529797
240525878
121038338
374221266
215853929
171343535
248431422
40415651
270004746
16990858
348073149
210895778
24432912
248920238
345831456
92126758
20916378
42738152
388666737
365519777
440154851
15779337
281286339
160082820
227706894
95492761
409061131
371352438
327577442
228279473
364434405
364582615
287461924
247096563
240953634
438928128
293570878
308789438
87269900
151346364
38310248
360225087
21777202
31571557
255559353
22024535
198140120
238598869
22830932
45352432
191961041
225048043
403631190
124810502
367039478
224481902
366005279
14577363
96434053
33619695
370610679
273500332
205372127
36245111
418429575
28780287
127102066
382473444
221498795
114889983
324208403
418208901
211924760
18385807
70611788
25477479
69985629
82397031
20781498
21417462
115443631
25589486
50066507
16787430
237178625
179960515
103146758
28690851
273446123
207999536
36814742
128455042
22674195
146042773
182596669
54826612
187985557
384071433
277651557
18214064
172051870
32172991
244551777
71644741
476458135
106614450
240270632
262921134
147291071
270505460
270058311
95225695
104321034
410508338
468464919
409571980
267249318
52828329
49787928
74276512
343846454
33423620
228303687
27192027
85417329
35890789
159233163
406697304
74019079
328719577
325127553
311524342
393822917
298195725
240930693
22560095
58378807
192985019
254235984
34168508
430292255
369759653
291705575
361473077
151247068
239959390
17621343
18856932
239997261
303900437
236742388
369176392
314002626
33390707
306478928
384335594
35207029
17493398
128058566
60392230
33425964
370283755
40143099
280736139
46538410
197887216
376986557
26889866
33590684
155940558
287531913
265600535
258630148
277449293
247057459
319057750
29737277
38674153
17629448
284171019
364662507
290380965
138092836
263428666
66801303
338454330
466918661
466924896
22480020
466795788
335912274
466823830
466805313
38354414
251939486
212622171
23288778
243400473
53049303
14721244
360235778
403456127
246580341
224143181
242850836
94952904
360267586
62680311
461687077
377377962
94352902
19927808
170720876
63025989
123655234
45903695
86104490
16421755
111932871
30559788
426237476
197886421
347436552
251422568
271036332
360232773
15459455
354075532
302425924
75087513
49745411
67222301
129663120
36623548
275209296
321232968
93722720
19070065
164561355
358519724
69014723
42749848
234152751
303524517
32816894
348610833
350031500
109308782
68526408
21725275
39843855
73390283
19672451
49213968
406687147
181190704
24775206
339764116
99144419
106934483
277739932
205537079
15323106
49698090
170058894
190869120
24015752
159481784
37199004
147587361
321754840
365817733
15399501
43978767
84109673
359168467
186214154
271030232
361019033
165871700
33252925
14304427
17702586
11962682
263960730
281713529
47273395
12439502
337894844
23620660
116316865
360915179
449210670
200178981
15677310
15558585
247133785
413266461
24633867
20752903
334679358
126435559
458842653
458815764
59273472
455393623
455176631
160582549
279236565
51791534
22700631
451301428
190354042
23855743
356684156
269333910
370296735
378232573
274638037
175758249
359005877
360152620
455219528
364251908
14901312
175080651
18542738
17316656
217654205
70720492
18119854
122188397
107409833
68702098
95256751
222281080
17181335
35774464
36380186
17814938
16317570
140871999
29976380
37587479
360205349
405117784
109617354
15064879
55404121
280677291
393198895
14227842
18512721
26627755
200221550
20634216
372078975
269460008
346656209
18520418
47979846
15268009
15091022
139159867
16985025
104016117
19312353
56702869
176491159
42438648
351648062
347508855
28273837
368565519
56149242
203753776
48647290
126055420
277295081
205439820
331662686
44633853
314594659
13058232
12925072
360179553
233426130
22816767
216433844
99842628
142731290
30062396
71675994
60667499
214783100
182980123
132243768
331701273
17051833
23005365
36681004
326848101
68200376
214180519
31632472
56497612
278506016
255001142
16232704
17158618
132964026
106261346
66134063
90502831
243245621
285763744
259760826
323372586
18646432
330398380
16080687
67137011
256998931
17372386
55652015
117228719
29622434
275725571
51668352
78404406
243236975
325867317
203618753
319672134
795554
144063160
325705167
198672799
20121564
325483177
226438621
24451133
239929574
326404826
315403008
321101330
27285987
173515331
15736557
253008585
189206564
325661113
163908812
42583837
322655538
155282926
257098884
31027159
178000032
33648910
296448491
51948608
43476022
34449400
82544649
32207463
192828581
310506021
201976462
232651817
320276674
14482725
177645704
190279281
314861954
263790095
204434854
321211488
125779763
14365236
19081841
152880254
83505100
172212921
22949852
59962307
15974895
306223780
41232525
124580310
255319327
80793603
157065137
75147234
113536141
69771202
17563812
82886529
271210044
47442993
306498581
22894543
202784423
276522428
314007686
317360584
145871345
41254222
304394953
317303449
241759367
19514809
276831996
25617914
309956342
21382295
17912555
219897575
299450891
71808949
31567573
17303239
305370547
284645881
244186539
42439994
75903514
66534042
310535008
277679699
63627835
311646350
149539941
20265706
49103240
19687594
301525809
17465966
296918363
35996876
260360897
50684085
16718083
29797819
153288738
246861725
225538602
41606932
288135525
222520331
25343483
116829893
36260095
262240438
28820207
45850600
19347411
25916407
42167577
275015680
193982014
49974370
279547895
41526435
180942481
53421529
300036495
235180346
281374410
145829612
127361269
27820192
132954558
79254642
301707149
210081493
21718741
150211132
191723002
96829569
16386692
252395710
247059282
22737581
183163293
109509919
252773615
202855480
231567332
304234195
304684036
15466386
262995034
37859618
28779546
32001224
76052753
236079397
110354445
24683096
28195263
254352460
20651906
130709290
190285541
130539645
260269613
305359601
181775876
215333868
280845472
138177092
19958984
271632847
307700571
148219446
282801696
154330769
15208761
271404521
297512765
308492496
104287658
136710052
24773686
256714074
303848009
23207369
151066285
140552276
180275339
91250591
76399407
310911056
296353122
23142428
20571559
17037067
135405245
300004822
193082365
296639511
229973630
257797355
255835632
226251996
16234251
298130371
24815836
299352846
19000954
69422534
56009571
89548601
32332985
52034762
296477732
274614785
101077532
82932942
268412999
118745989
293745660
54567068
39589122
50901761
221264633
284221131
40039812
19262656
34924366
294856374
282736414
140980387
276795503
190319985
245096682
88335997
16878883
17237746
26989946
243245717
292664687
38918802
17347631
285765394
17851800
280204255
128658054
272444743
259354965
259546352
26953242
16721244
21602166
111761822
29365602
25640998
291797837
28436440
288337811
290016244
250322035
23824798
26696972
16387115
210712524
289438848
164849664
190484138
24562689
240058860
255305349
12685742
213288726
14840492
16046445
132976282
288931458
17408008
23487502
119273944
246670073
230292710
280398214
278209525
27027094
224873172
74921191
192690050
281633898
24815190
286878580
186064157
58970732
286825833
89193514
271521435
15651412
265471357
19346390
32634747
277757167
27430832
91227019
35986015
46740678
281623658
35680139
106540046
84706413
281336212
284196106
49899680
19348089
241190009
233392601
50780186
32741380
20791131
282542064
283218267
283701086
150113112
43921190
35682941
102993444
50100256
21269406
123654963
61872601
114478956
189214103
73101095
281244590
183430129
201572410
21029440
249758650
262898135
24983015
280589646
39797382
137463539
161777825
43487444
110891660
230360357
272447608
280552146
159218197
40978804
263957697
256357155
93789297
61192530
280126486
202426240
120010455
140881871
270524655
278424638
88596026
268377247
279373056
27122297
250196235
33819835
102774442
278554966
21348287
276264093
193949541
265743925
185733337
271733394
56534173
258784698
203657893
151865796
41377551
272043903
86964556
52510962
274579188
239537061
24601275
259016227
96704058
88647362
191669930
239572597
182887060
84204761
17916353
245270192
214336921
193943531
274637739
256061895
24393001
242815804
15140101
19720357
276713563
29897385
276815877
151149904
274153999
110741189
274110204
245195911
273297975
4970411
193427610
263122482
212831842
272189139
22105058
268360166
270972453
271156147
145528320
271218915
253206881
66489290
271447781
227776797
95723448
114363561
30545863
109383291
35623478
248054323
52097258
270747512
56090304
19137797
138648277
16045852
96486821
17598737
270471762
21311890
43650234
248520012
237117194
266984783
45243759
191853333
117473389
243812759
53398963
267339055
258860163
21834864
33076161
101101509
9075462
171232053
136734579
47787722
94486201
185067869
29614532
263006484
25452318
133090706
12363962
40097244
166663001
102055841
30032915
53858152
269319789
15814087
205998673
269369478
48569882
82381413
36403531
261838099
131998577
125383306
23865790
36800748
17137417
37047472
239485365
266692411
248840662
109346200
15430378
244808955
261856613
265650039
34883325
30041355
258682348
55087982
26781158
222584510
70779402
19639672
117689098
18154848
264274220
53473970
48193259
25776461
136090440
125296079
187407381
265848263
78304538
110899950
46136127
32169544
199388721
90721451
35226723
30601863
177680297
19622025
259309538
105514917
257148971
259573392
47542958
72569803
41385721
61975141
208142264
133080207
77582324
89203989
240421989
63901152
184928738
13232852
38989490
75313759
229837610
253737174
72076977
240106504
66409472
173882673
244688472
165090574
202254496
238302835
256591709
16415445
15211341
218103462
20785664
32663051
250355386
254609536
18838424
15456572
30055999
47641225
221386295
239470689
243945372
154328490
88713940
256152069
245942141
66348943
91018110
246598723
34123445
54540637
66602047
40874042
39515953
257626496
101619819
68891657
237774416
38793935
257001374
257103249
141223353
43703963
241280401
188376317
256638698
193848352
256368436
60156643
17417739
146655185
89552596
9998602
246838382
249226907
54104690
252780615
253818527
71491789
106823233
251829594
49738791
253720578
248428453
19239365
240859071
252914412
105056967
35548428
193819186
18191515
252460681
249287831
254345658
22925826
254418372
248326589
195744211
14997713
212295104
97000497
19372353
158812155
110320676
214473998
121396263
193801732
249447466
149590434
35607491
22771499
30978735
64767692
204910419
253363164
240003840
150852908
56542675
231898509
46261430
33091418
238190446
247486701
252416954
109063335
6894852
250737073
38271082
111157670
250418123
54982747
100655701
68738630
30047683
43251880
41226540
250654110
196438177
250727449
30358360
93815769
201767190
251391016
251365395
250422534
18197753
117685750
19206905
215013579
24922326
166336813
17245712
94121081
236664111
20732140
199026972
16522456
90785108
35518026
35924183
228956814
19348841
186469117
83044531
243882867
243471727
173314159
236238084
72910625
245618304
14144549
25174702
214322625
245227474
249305756
124194907
192001846
174539192
82775343
17212474
15717395
234921393
120918613
248461969
17492269
40356855
223278069
43121654
59504346
21269694
191543144
219816233
36703544
198718758
136012424
33038785
214316737
240536155
247142787
240263470
20599012
70883902
247254789
203360253
107477163
17723320
45298013
64908631
246635009
245427875
53808665
78014872
246448662
118938857
183001933
246416912
246369612
99989615
19348135
26081232
225083224
33409256
22179437
171578339
160970765
19348133
218400122
11213072
130188771
26383936
206683107
138294513
135703914
245950770
30777893
171192420
15522309
23407014
184989078
245229709
24629765
245074691
114564008
43161400
44418483
244242523
72891283
244677088
37587980
25037871
21897949
20813611
123965219
19182865
240367409
245367065
138020130
31283956
27432817
243670495
158074980
243484252
202000531
243368452
14240700
217419799
240517775
102595635
240864892
239992141
16385161
14695187
216809574
139520596
240409600
235825887
76924257
114556259
67729737
125846729
53829430
242881649
87881694
28619491
242777297
17912756
46942906
30467694
198763683
242555085
88972812
242176095
96914062
37587789
87708507
195202971
241221043
187784084
221617398
167218681
16297196
178067345
166220517
241732945
240269201
142747415
194737180
82757480
90567326
44055417
183713744
188056033
241255044
65114379
73218871
182464536
193187909
85981713
62731878
112645928
37781185
240710533
12172392
22516525
238026961
194450692
235280457
124458514
95134080
155217556
85156633
231620190
213557490
174957508
48428140
239996252
27301502
186180317
41756118
215779884
45250792
183498471
182064934
221642156
229718418
217815287
42946724
237752671
105155118
39997433
234833576
204206608
232314296
238285687
143122851
21685295
196764360
36409025
208134425
21381273
236696059
25959956
226342656
123527659
196454430
235817220
236552672
32188079
26196493
231175831
185423776
40543983
224742421
13891292
63823986
216555698
21795022
70799725
193890222
174133807
84329845
51215778
226719338
55120456
36081803
19943459
23580802
233295738
33351403
229807027
147457749
21731735
198741322
84399241
41013142
110466429
211297638
43549153
176613229
101081709
219877202
145145136
155128086
30139019
31502265
223871634
210932375
117644980
228576137
28302839
99397553
226689505
68009696
33091927
168122303
22600734
230379077
135747742
34711965
223307197
28822463
23534776
229416784
29813477
71296211
134232661
19348897
20062674
214469278
212365802
227386638
25289453
14687845
227862048
68593478
214254633
31143246
227867125
35137114
96705524
205768478
199148968
25012470
227228012
227351568
164393443
45462250
167426916
153845576
137767390
110294968
21108548
21823669
84475978
19392651
34402475
126881128
87517577
16908872
98049626
32503243
224266997
80465199
33307991
185740153
224006678
156347746
212734360
213759729
51529533
74898149
222377664
19768008
46302315
17558008
77085985
31421069
22162440
21822691
42747623
213543722
221186242
40694657
26944537
127592513
87541350
222595846
74503583
57238048
112611140
204182523
70689188
25872689
221920878
208782263
214663490
219481447
117476973
29550860
27021558
22341690
220299698
30045991
107490818
136386344
182567230
199774802
221477352
16589206
36765756
22882327
124409652
183388077
219660567
209780688
220898055
58524265
54653301
219531028
219481210
182648142
195941315
55729822
218647820
27965246
39213175
83374478
12251612
48621693
91285445
167110448
64888207
19455893
158438814
24566702
188843869
192725502
217157203
16215522
216823700
216937659
216605221
213356204
214986812
213138217
51964811
37850596
56154636
65288454
214566749
168684665
136062715
49505531
185052167
213406581
33384748
184873887
19377999
23650580
35052782
65996578
28686291
22337410
150452341
36370744
144340633
153612056
23376646
159727974
44922400
26150237
213511212
14606079
56787333
199968561
84475209
27308607
76720098
40061991
134953651
186157008
75022673
40704605
63804605
92044580
19372061
17766859
210832462
33703456
19519241
65452230
16591690
103990094
21538453
208606449
17936129
209659643
16559812
36594257
116283334
49715329
16147105
80516669
108512857
17127495
136482985
15945871
138603579
56714638
28567504
204066513
169974478
22114960
188434406
95565788
17126940
25035672
113775863
17317057
49677730
144928496
19348862
10371302
14635179
31303065
23395687
69396140
60952527
17090391
31028525
67508642
74336613
90092800
82132738
108850490
36066261
20741759
21341372
194393545
207962698
204632876
23733181
115704886
141101733
47669276
73561898
27565649
13262842
25897322
45200802
15042048
27178809
197200310
192762797
18985378
17511030
79191796
104638794
38118028
87107502
22243654
111981379
15597721
18260831
17424501
23977940
23377149
42987412
108100183
56985386
206927915
115722844
165186389
25753589
205315068
24641590
38321596
108134957
19329107
40573917
14544814
205851068
18185021
24828391
16632637
21526571
205522122
164599918
75311095
131945005
26084215
16001159
112750457
69118868
44182242
184653989
202637712
22817739
130529572
95586355
24803437
33602170
14859653
71951799
181870037
28361586
64336248
88800706
22911684
108734810
73822695
36807746
19599874
200318050
191945009
14668843
101644969
70132649
19185879
156041855
17292807
71416170
166592225
199439616
187627076
25241013
53754569
94369475
20740216
180088363
108383387
33327244
22574728
54098236
94369170
132060750
100367444
182388083
76686692
113685351
21733002
28691201
197627638
18537860
197681872
125123006
197889605
110536502
197830044
71025523
181703439
42775252
72917861
127196681
144646722
126441408
30909304
32379360
37606688
17068967
133460146
102454422
45701751
53369009
20781179
178470515
30256032
22481091
18149160
37756045
184879506
194148110
24969592
35167442
28656667
169380248
195902611
182643583
179994903
16005888
82265367
85537219
21134853
45766118
55345562
117258351
141391044
185830116
166868960
95349417
79075612
108419406
65934755
68892842
104518464
190714308
24642528
25961862
20525625
116946920
23898139
48113097
23445535
17913388
22100670
190384856
89037338
84625432
131003737
24716798
68809112
44036029
185740120
46904825
188933617
35409892
189728033
189260559
188185988
20656079
114346951
46434322
29255439
88570600
21461301
1831831
77793816
169492365
22645405
186189438
175169916
36875048
19243380
115064187
112866623
185739376
5772082
17520241
67681284
18690110
188452204
21636832
20419367
112481448
133445381
85750673
185407353
40599262
133860724
177065522
38897315
187090082
124923217
87549013
27208598
146277169
48136126
17240648
123478309
133139867
38003359
44744034
19248453
49208966
166681394
103987435
68827591
11426082
21210251
185787165
23175104
184887509
131246749
26423464
19637994
30971588
102283610
32249542
18009217
21328323
16637764
146113130
173342783
82514093
184794428
91263513
124314887
38467765
19993590
17442876
140617340
183078348
167926780
172363023
30471006
183657310
25022950
20003197
89629757
182121114
183729042
11051312
120894031
33395719
34138770
182028140
37039936
173213254
152865799
35098883
115121148
156426378
21311261
15189784
28413080
19404907
181840719
17634172
135039542
114467801
20860628
95593041
21720136
19268472
144665830
43034513
118318565
145264619
29939877
16156784
92316446
17136310
69453516
69433229
14325188
17398468
147797750
30044513
54569540
106830234
70490179
169353356
41420872
23540395
105608166
125447058
177800521
69433989
178407625
34167803
27308242
107336722
49023873
73573833
22165663
27808331
17419891
18169677
24670289
112660593
44784271
146200162
20222888
44934157
27672884
21517998
129562292
43050728
74948825
29674571
17456157
815680
19635521
19562837
39917058
43899252
81931297
142816258
90088713
14470734
37960785
156339729
128875320
19511260
38264132
20407420
126020790
130954892
57065141
171950982
156169587
145524544
172164407
28260830
164320758
17075602
22066868
22095239
174485286
21120011
56912847
21056152
25555096
25438521
32305455
65935508
175592900
16365686
47822569
15367010
42275463
18483564
89373941
72210974
45092415
16043238
25385927
19270129
58702330
19829186
35767401
18222867
150861661
23339981
137712043
21550778
18084838
172482310
164488845
17852043
163678702
165627070
14180569
16150136
127338732
104081527
73215164
55321681
58534872
46221673
83921954
43257392
95308257
143321715
51241574
1772941
6304662
14178202
24137435
38720617
23220667
25689520
153877429
7726692
18456560
50332037
48932450
21982355
59517750
158786216
67680986
158249492
169140994
169152065
20709978
115761707
75701963
14328404
114980882
152080881
169911037
44712022
41606452
44135367
102055261
45928911
123164355
21316042
116526242
56310843
27527503
77540775
14749923
90975710
121785888
20241874
20478162
16245826
23387928
807095
148886254
16834101
161539997
133202967
36674252
15816264
17971481
148354655
16102620
137846973
69004966
24284051
40354990
55004734
43462094
103922067
117890758
114924091
33797728
40350074
31460316
23378027
77379795
34771659
119423868
68439628
119385325
19865800
111425667
18369994
111638028
35160162
109153234
105237279
108465773
119203596
66268049
93499801
118562015
118870784
46548823
33715946
116852708
29825631
109084981
15129315
97098627
111444333
116560730
14545455
109581816
115598020
81140486
115140110
117276555
90228385
28427992
42417908
50359962
40016769
26326482
14429064
116280320
22440406
64257901
17611857
65708584
112259166
82192659
17122654
115590206
16493992
73421511
19554094
37242995
69337229
111437937
101058456
17173157
16268411
23148563
17170578
16554602
114935961
31302295
75120508
114772648
114872508
85829795
16275816
109981570
103011301
19756691
88547127
114541369
114520689
30455948
112948569
105939814
114295197
113789032
108063967
21246293
22520017
20467885
61852424
14142323
71150932
19885183
113515947
19580784
16588434
113106200
54664855
81197896
20538556
113247247
25966763
20961948
15643814
19282421
112800584
56568222
93587574
81888746
17049118
88096391
25630172
17882795
39453402
112247590
17876391
15336468
66513083
21765964
30978532
39206294
18930408
18664838
19247000
37886534
16857785
86437740
89277015
108184878
57508148
29706763
44489027
110335402
87544120
57216582
37444852
73752713
22737273
109708589
109475168
75281555
17517222
109297546
109069407
22629419
109083986
28143230
88669244
108710007
107084893
97349265
94225854
109123425
78514771
109289740
104579569
104586806
101279198
59147095
108849993
108085556
108436051
43653150
108387629
30926151
28399614
19305421
42843169
106561183
24655938
106859676
107484248
107476714
31034803
107291348
56480765
17373475
22078892
42228594
17218268
98675387
16530619
28151752
19274179
101889678
78342208
13358682
55076952
91820884
15966576
28134790
10479362
72914671
16952438
86442445
17651571
104513879
104101717
103986175
102181555
25343051
64459852
103083571
17078562
19498184
102866586
103093855
25342800
102448080
102093419
67027720
22987380
101977628
33206402
101793482
85827976
16399887
29435780
14238675
90699583
45881671
100252036
25001438
33634534
16739221
99257416
18191676
36806731
98974534
26085677
98473824
33353319
19915305
38612864
31037942
18732578
93532017
26351964
31085943
65226174
62559215
18130251
45575287
19602178
70449333
18036560
60685582
21232619
83039463
23415606
69456597
26339405
82972072
36004754
37227843
49379299
63337564
26653478
21269970
19000963
21883871
15046037
5038361
22677308
22839628
17993908
20656637
22798863
21093635
20744708
20558899
22384880
9468372
15661604
21754151
16001324
16160352
18251257
94364178
15680661
85200927
92060167
52714081
15901940
29130844
17272501
41508922
94198622
21726024
20441260
27112263
88020840
89194905
46747374
16616334
93332211
93269639
21623544
47343020
44285271
86176193
17639555
51879997
91846588
19139391
60718655
30248029
69020729
91138838
23985161
91196300
29545104
9295212
16661319
81157178
80696894
85159221
84466444
77120497
29873671
89776186
79848537
22289657
89778593
89828697
41457324
26932424
81193214
25332870
89379597
89117017
36493048
76667784
41436697
78980905
38553987
59483557
15732704
88984423
14643170
17117399
20595696
19310956
15894128
26523876
17928925
9408522
82620925
21772853
75312735
82654073
31215807
18366193
87298612
88208035
88123629
18294906
87961517
70967278
16060513
87451589
26138376
84500813
19408260
14894898
19093517
20840516
19814606
24789996
24789203
21507362
24788016
23493800
23494389
23490550
23490258
86695565
55084936
26629449
86374994
86331433
32291261
15606631
17277325
41312605
19973837
28427079
18274622
85385958
67513530
46592868
8953122
40153238
84773025
21719140
18792765
18962806
35015823
84489557
10661882
23893775
70512637
57647745
14285353
17958164
51100723
83988515
28621421
19540645
7074742
83431000
70234523
21695952
21248531
15885310
17998613
25517125
22073539
29078338
16540878
80205680
20215729
82390730
65219185
55292784
82223977
29923771
19891847
41389325
82142603
47449386
32216908
81934145
80468930
37853469
81399468
80659931
19630025
15958532
80430334
75338964
19000159
80474658
78688269
18844515
