4164927807
247552110
500579020
20424463
111298157
113440497
58819645
172081908
744479700
7884802
312276163
36308071
61875836
2792023077
4057445954
14676895
116225794
412936268
18228075
15309384
49943475
27696993
136947094
16588095
160867526
1390071944
2201798947
322899072
16537578
2606229566
26458506
302599996
306397840
347894725
2377561969
3735300802
237871265
413553379
20742461
47835332
109006062
52998367
26768593
26637348
79937043
500467506
2827898382
431517941
1615447254
337631207
2278998439
83515692
170318472
43856403
394915904
3036544664
24592340
607492340
2888851863
2525309535
35317431
3075607787
3070339532
2823398578
2698941157
95661097
22964653
714661584
212369763
1605269383
23067226
117172071
111086481
29387496
67174298
21415998
19805321
130499946
3351896603
31202482
113025021
78600745
56897639
109062332
2325718134
271192971
3331511572
318584867
27404490
16735476
217362485
162090550
3281777245
171533702
164405468
2761677983
34176543
372628739
17235299
95292788
14766917
2909282108
82405425
16017753
132476518
22148929
288932222
182545611
16046443
14187606
26835054
36714549
36048418
348312330
203040180
577685565
21571858
75120412
44187930
22048388
415005168
117847329
593837736
34373132
2159923201
184385983
1876367312
3028252336
305502754
2812768561
36042554
208019751
26460150
898297742
234344697
18495936
19702506
17678150
97152140
1375549573
48071844
2829986647
3092516963
100322679
466051777
2687796164
3239370263
3071779771
55573873
14336662
315799359
2271638589
2438273430
17947003
2266466125
276300253
2770081590
168444359
165411483
52251997
2853295709
3065548241
2941001179
412764134
20428570
590180646
268381540
558122334
217441402
269978527
149376786
453401270
40393724
34197676
2783274518
43078165
38483313
87699418
216633730
329628561
136572828
153813437
479961766
66058536
67170779
245786684
3094111434
86783742
2574103121
72952911
34915929
59304820
41476394
2929754422
22481472
1611472182
372786339
372157138
263736435
2819670251
141038040
339692615
35949395
2497242884
3092388093
254864106
433780245
19693799
1632982550
2207773566
96411868
1525560378
17437097
3111953337
18028594
61320986
22845527
1951177489
38135840
21838500
1562645047
3046267293
358510765
327766811
16723657
1898060623
14750544
24704715
2152120057
2687609353
71740420
194914143
28580261
102778360
1668517784
858690547
104676333
2244504679
1394607170
11344462
76218633
39961555
49155241
944186762
16005023
22589679
17358073
133420458
14115368
18800370
602640285
56377143
32539537
365275347
3042367497
277459934
70665468
114577804
326665662
23611584
452470861
24522700
14557327
61814709
81725200
21125002
77220986
15906218
440981538
556093440
33098495
57917441
2680336646
14284672
1154437200
168570415
1537422488
1106724427
2180677298
125316960
28119699
20432556
550085442
102058386
22012466
1957102026
898281072
104270653
817037275
19207266
1129029661
1649329051
593800653
214502417
297898393
331075564
516038327
16470495
33211889
160860850
87204299
108484887
869410801
266420798
46242241
25243918
251721054
59562158
92038264
16779600
19497195
2375451864
28044313
160552166
16874237
16369359
15017541
15026958
608453547
321861327
2305198578
278548277
67319784
179674895
1603547635
1604348136
111182080
1965420942
2653293902
317115744
17350046
548989659
606580790
2851256230
181618221
347743506
58113278
116877154
359907476
491683083
1269723924
27674257
453893556
19649135
27830610
24158257
37926315
327695550
27845025
80964162
202603405
333448168
94105842
192969600
2848774011
306541409
324599106
66004174
2256546556
2560513698
2413074654
82075630
17683482
1483269972
2416144999
413355878
235592999
161729533
474500236
222180430
33647344
15000537
14329880
122792963
7900962
2574108490
34568673
237477771
340325031
14782560
135416747
187044013
529090074
2588493926
366987179
15724667
482388629
90636107
466519303
362301175
23247996
232177822
2317396093
595765562
132511955
847560054
2799897290
47377231
117771014
424300620
129798277
16146513
764204616
16544818
184998335
1917267018
259938477
152877900
79581074
55586418
382091150
23514392
128938646
108603783
188332701
1179455215
288723364
30821435
267512876
59472131
2549873587
20688492
97717208
80069319
2339508611
433404427
19761418
95428712
472308919
151111625
466874543
368292391
31100329
14868608
50913136
617104312
125713545
2742596630
1677151152
28918647
79043124
52818366
1721223913
2690384977
1135009316
15715358
31576640
318709067
620396271
338797206
14465158
61216500
2710444070
318692536
2560412106
126349885
350457031
1202384982
24948578
1027681693
48378329
186476448
292306781
44902985
236943997
584139171
85043148
401775393
20456313
171358535
715509584
1390330484
14702727
2148081084
994371836
228345409
309603384
392952176
281422550
140168993
988897050
81400771
210522701
32527715
1001913301
17557537
448815063
2513480610
2515657621
59798600
430825795
41383879
385415861
379434417
185169115
219581785
86118270
544471864
1655457050
253812013
1268086992
79506147
15852790
62872958
58370812
130906331
1354858892
962464711
198190305
23664063
92029221
2382117350
576491316
42688065
177797826
47859571
350035929
221985489
90403900
1283309635
388937036
205437698
1265231551
475987826
58653711
510592186
370749003
565986651
398994336
92027622
22425874
264665928
1342998468
27203257
1954487971
620255756
308245641
66479653
2231593046
194238121
84206784
231914802
20796069
56745560
17990173
153756767
230930518
2302714070
218820714
1227535490
17086094
69671246
8771022
2168622674
964090562
18209971
1390429658
823249507
1072624717
467560802
21829705
126079498
98541434
142557721
57799795
39032332
40860228
115664744
266066046
16202990
312600634
19702912
277392232
14125892
18449840
374448219
859841922
74493451
59753328
250597327
42902424
243067873
112629537
771377514
293377661
19070146
430697990
64124672
34003766
149668823
103565665
1632414792
196048465
1530850933
1895318814
2283772130
47456979
63506749
454213077
55512656
88989749
15195679
1088568308
67014989
76520255
15633338
515668948
20284330
1584105997
472970476
1599077966
48702842
1615547503
19726431
250229022
247365538
1615463502
314262203
1732829419
41715216
38413836
43194755
233681518
18397394
26120514
96015193
363968323
26671074
63013144
80722883
17759135
121182843
15334380
828116358
453572185
1444580388
116763916
102087933
2225813070
174727611
24228311
18780213
418414390
17797666
2190453079
2149508035
21882601
382783908
71051575
16243665
1613910662
363911956
11096012
262493926
610178685
15720033
500704345
1946352889
10385892
1452512665
539709087
93179920
109224937
537512335
1173217081
185768634
26465671
315340017
1117043418
165858521
994638114
544466882
15362784
341046775
17927568
273609590
291911833
192842634
1129758882
302412035
18570258
41659933
106588420
31940756
101012441
764332561
54525358
25337146
954214183
316384368
143472281
16636740
2151614574
1362489265
195903675
1885050439
54495613
368309250
90289733
1624146499
15941862
187520592
145380533
93880385
39883197
231804643
949934436
226595853
18729956
755827736
1855421197
95315665
211060871
297436821
35871832
284248403
787638702
31497006
36178069
864950054
37104983
14518765
15284800
14615871
67358777
14999172
133716986
1330457336
19418459
22101234
467591956
51430164
509674951
7415592
16224500
42095429
1000968684
1088488688
74222189
173939851
18485546
16029780
1342861723
24748130
15360965
4380921
1247937122
123691015
22055887
18454808
490859038
435338266
189244927
1451252202
257354839
23423394
547213440
17918827
188847758
264439786
881142954
34719119
353126354
33919343
1479988116
16329577
62594694
19770974
86328829
1296292616
104520976
253639811
192890534
19312137
47749420
1339835893
374009202
33519164
1418160114
133062068
362773889
1007210042
75742264
14381389
52754374
45808079
47936893
100188103
1139323542
17131500
29169161
18528216
11620892
24545398
138093097
121544946
398507920
402855087
454930108
22586101
78995028
360282270
622439778
40789325
125767077
1137957344
44601026
247486443
11730542
506344028
305125998
14850576
144381110
479816451
24316900
188172353
76348185
773878218
55353224
1769191
89714083
419024301
360138110
17452369
265380339
16304004
1149908708
1087315136
9901672
14630443
55278134
1355201120
193767233
1187031432
18519580
17031634
479620327
16530120
851622948
194063932
238137912
203253392
63951334
24345925
30262082
131140010
151972628
64515574
74024358
430187862
6145472
87707751
13940882
25472190
409128673
318349748
18320874
98906881
356885109
260347791
991745802
74543000
50775482
1222705992
11740902
770158705
344860185
61591700
262327425
1152561967
318037291
830147851
15923496
62630311
204932888
34317032
14844076
15830436
148529707
249348169
289534571
16689426
15727317
13493302
16581604
15198966
92183278
17190346
19632280
14606079
18276341
59460397
27681019
25115550
15583775
12321952
1084972932
23864650
18918414
17598939
374865200
118032236
7009202
34096609
49164309
20696007
14647570
16689512
26609246
320299374
395644434
360013214
620614525
484154023
567415275
632704519
156889894
336218991
372494491
311174458
88738382
733418803
135464670
321415475
238096056
19763668
268357486
194526510
117027371
425692583
6604762
14376279
237833334
237637694
202313343
1198481
22283190
634812478
164670414
78983395
618166258
38487892
46417885
610076827
16170253
34424798
71832238
16958346
12101862
14268812
950531
15570213
19826122
17815127
135297032
29346240
1586781
9078002
24223641
334926329
153115607
173491730
248380950
534371788
207645432
326411678
15473639
22177439
23596644
402029058
41445718
206330649
133221699
24750116
28139332
17304329
47782054
138108708
17053662
14954612
288784016
408565156
538182489
14342564
107722321
16810321
61853389
202466411
19171302
110854121
20568364
1985561
47279525
310493379
127500275
237742285
151432737
110929302
141429080
114981133
21165536
110936119
258792238
322223293
384915512
479080449
15066876
15934978
52180594
293664050
98163256
14159148
172735242
139881024
207839850
14779408
15497533
433316040
17204809
262495537
18029270
122448174
22491103
124519164
159190987
444852917
354817018
34612898
10018072
221400909
457022389
20525929
165829170
19539716
456232401
39184406
15471011
423786433
216918832
21571481
388628818
430983219
222985500
442405685
67817538
16373594
16913258
15689503
27669803
18926099
255797635
15416778
18775642
326301436
21972198
129988372
382866023
123231225
15220281
33120109
16324059
81965017
68577507
16308572
218406806
17812088
31399326
17152685
97085091
16351993
204805012
78403337
124426828
19453922
21268897
1106501
646893
20772763
34936539
23948464
21875834
50671851
14313260
18464266
17160839
83636590
56475632
165998897
81690879
22837895
27715051
227208141
17918561
328793843
18288881
17263319
368182534
20731951
216003160
245191224
80975992
9176052
37999041
94609588
15751301
58034702
66517904
38700230
131497030
378463392
256535117
199400127
224011461
376939806
34302780
19620094
143923948
386157153
380561921
107537020
14286806
325093160
335972576
21030912
347466521
17119688
20454385
85616866
1317661
159893711
281192755
15954997
80944550
15464697
17174089
245983319
11262752
25715929
22058679
31739240
24768753
71560259
18002860
55376380
107159046
27904261
234446900
20154994
45671898
158470209
14676022
16550480
55555817
286191778
20012614
52074305
15691197
14173084
316538228
16125224
108617810
59249766
15088481
14193053
275356104
14875165
252230516
195996439
14376967
5990782
15345483
7040852
86180513
14770470
14466538
355923032
17688714
336051536
17679229
94023516
69006377
118945731
153162547
14275426
330502724
20315157
267969847
142896252
102809935
15549293
14235399
6563122
18104730
20708895
356592775
16074352
58257664
308141922
50055701
28811251
17156000
199836680
22885338
202292930
331703145
46759082
87711945
16244891
128046686
89431738
285706952
151106990
84839521
245424983
45573874
297067961
15381290
57625403
39279393
28543744
22036565
21414576
227116996
20463418
14845376
228259139
40912544
17179406
17006157
12044602
15949696
10778572
20153725
15507433
18686907
7848802
37281592
55355654
48132847
15950681
16045956
249469549
168295477
23819676
107769150
48188197
48068105
189376144
62939992
98907691
19637934
116055042
21916472
55038953
52521572
21251668
97474887
164412502
49677474
14814544
73504419
47985159
46671396
284694021
272138478
54626374
23557604
45762945
15489945
21842781
165204211
112873659
106816456
233696188
45663323
230031730
18536997
17873746
23457254
29442313
242555999
289364175
56179493
268985891
90077282
78890225
195419597
198584761
18696996
7091082
92030522
243236419
191233793
30080054
305766622
156086044
245603564
29881956
21729897
92438371
20867568
16797043
34369851
64280204
15523283
19526809
103099657
95943579
29727564
16469809
282670571
15731368
15316487
48847011
14270650
21982720
90373397
271508245
15776381
20279370
37723353
15175695
18895336
20067737
148046046
28403766
18713552
138058028
90412021
216471804
75207722
154742519
245514857
51111741
279064505
18068702
57111966
61309973
21520854
218641669
267797687
15828276
61007504
118105610
211312761
109257354
40900005
73448434
111935111
18367154
283634740
192592078
72857014
24016690
31464192
17596622
17004139
96789300
243284052
42812537
81644488
208040000
16935292
117882437
39718991
14180138
61633260
9864112
103038072
17171111
281633209
20971541
259763847
20533229
15753057
20941733
14634720
84388888
15340426
11008182
40602923
183062944
25359130
40408628
9900222
4362961
22971125
168780835
15343022
11131302
61021529
27335898
11148162
19199474
256573185
15838767
18803554
30313925
14352778
148516861
175565115
241067860
91416107
42660729
16017472
8668862
19918353
15764644
16055387
18763909
205454711
27557594
242158851
19518491
225189494
16302651
122758053
180668837
15014828
54999453
37970685
212338631
73418384
48483306
15048198
31304026
98193203
15065596
47349506
14559745
13524182
14786217
24457744
123942496
77513261
34948923
104285242
19424173
249722398
179588796
35249000
14296273
87383141
14698682
167119538
210805865
22630923
225301621
40057701
221779325
78436828
92572677
91386983
27225542
763699
29221344
91446591
237951505
89412632
15193285
19904685
5031151
57759275
231649709
17968297
15574892
23029948
96824783
32410019
92555819
97742167
74842999
168772292
107464565
14325188
211555885
137729537
19676647
66804351
225858328
21790801
17885517
35808458
15315172
50723151
107175080
16091165
19026735
36665547
162869238
92601300
148900525
81168795
14674218
49689858
30507242
211235703
21826316
189236855
14944219
22452669
128883749
18904247
14245881
21166728
48075643
20068053
37442005
14335586
14050550
173205343
54945432
15807813
14384907
16302090
38617821
184618692
68182884
14066024
16076032
81915651
55018701
22214087
145394310
128456531
38833974
17973387
112585481
21321475
123955880
21866534
17238395
148503364
42063881
14270329
7864222
18622869
197000961
102801892
103942033
18103362
14588121
6602132
21001434
44918630
16348368
46577579
26244297
19638230
47472885
15494711
116780132
106512310
120878191
188406638
74322499
22518224
16529101
69393590
123272874
130616183
49717243
41301702
75289056
43357958
118747545
94077667
136884887
188632613
155866995
22810645
30462758
185771589
15851449
56251914
30369308
5907272
7218842
21785527
19355821
17766403
21406834
30927826
133947893
15993122
57402958
22213141
146548246
12726792
166123773
38215308
15891963
19639044
15769327
16821997
49117919
20981234
13654792
7845362
122190432
14246001
20778387
15446531
1197981
44988185
65158737
90725320
15284345
77257018
146544079
133880286
17175240
117229239
21696902
19270440
52499546
70175783
96917874
16878633
16129920
4207961
19939723
26657119
152367567
3459051
7215512
32886860
120140865
19542390
16427734
149172201
15041273
17773720
21250847
65909759
16413674
51777236
15897885
145753059
43187415
20724184
1050111
32515106
17758502
110004599
19029994
22479955
84100924
120181944
140956510
15973816
109302025
20818801
16475202
18943897
94127415
14266598
16013368
125184430
27558166
17880985
15355482
139119046
52174976
86330674
18634085
102133790
54309568
34113439
23142669
15309072
16102182
65946380
107445229
19940791
19891675
1435461
84445191
59157393
11178672
15939889
27740227
15349180
117232710
21696279
37753638
74176997
38720614
16800098
86991022
109548140
7845832
24608680
12340562
20752106
14429727
10340482
104064540
20890705
17220934
15007149
18756192
1436461
19382577
40246433
94170890
14323791
19844126
17029261
39800314
14089370
89789252
21786618
51222791
19272522
14837054
16530707
11053512
19253583
19681873
17463923
22143466
5404562
16160352
20517132
50432620
22819917
21875099
36677816
22673630
14512287
44979474
15369546
53775093
28736496
44185213
41444961
19697415
20705963
10333202
17801618
24932461
20032100
14129299
14855994
7860782
15265641
7861652
14370819
7259302
2030711
22071093
60790544
34396068
5680622
14281853
34557747
22634164
29733432
15200719
61499087
10235102
50416517
23717737
15923061
29628889
33986037
60441075
59073529
45371459
15554922
16023201
1949421
18932935
15726162
46007010
5360012
17423992
18929090
20927078
32540650
12909552
14269768
44136028
15138349
15469170
48767836
28657802
24032557
48762458
51255624
14115172
20582958
30267409
16721621
15220768
15725628
45577446
14246055
29358714
42166634
23806673
22744202
11703272
38097734
27118364
17922604
26495211
26780957
17643105
11072612
51099952
15726306
50495371
16327134
19549655
19954039
19801148
46959339
13967302
14412533
17092444
37004724
37950155
38480605
14744961
43936498
23288763
16240558
36533633
15828724
41197349
17301707
30364638
35634824
22121746
22894243
18248948
33336544
17880508
17132582
16470470
17088541
14762781
25704351
10756432
31128730
1912251
15458181
22737278
17026589
17381428
17431076
17775608
17794347
7860992
21892134
18904454
4164927807
247552110
500579020
20424463
111298157
113440497
58819645
172081908
744479700
7884802
312276163
36308071
61875836
2792023077
4057445954
14676895
116225794
412936268
18228075
15309384
49943475
27696993
136947094
16588095
160867526
1390071944
2201798947
322899072
16537578
2606229566
26458506
302599996
306397840
347894725
2377561969
3735300802
237871265
413553379
20742461
47835332
109006062
52998367
26768593
26637348
79937043
500467506
2827898382
431517941
1615447254
337631207
2278998439
83515692
170318472
43856403
394915904
3036544664
24592340
607492340
2888851863
2525309535
35317431
3075607787
3070339532
2823398578
2698941157
95661097
22964653
714661584
212369763
1605269383
23067226
117172071
111086481
29387496
67174298
21415998
19805321
130499946
3351896603
31202482
113025021
78600745
56897639
109062332
2325718134
271192971
3331511572
318584867
27404490
16735476
217362485
162090550
3281777245
171533702
164405468
2761677983
34176543
372628739
17235299
95292788
14766917
2909282108
82405425
16017753
132476518
22148929
288932222
182545611
16046443
14187606
26835054
36714549
36048418
348312330
203040180
577685565
21571858
75120412
44187930
22048388
415005168
117847329
593837736
34373132
2159923201
184385983
1876367312
3028252336
305502754
2812768561
36042554
208019751
26460150
898297742
234344697
18495936
19702506
17678150
97152140
1375549573
48071844
2829986647
3092516963
100322679
466051777
2687796164
3239370263
3071779771
55573873
14336662
315799359
2271638589
2438273430
17947003
2266466125
276300253
2770081590
168444359
165411483
52251997
2853295709
3065548241
2941001179
412764134
20428570
590180646
268381540
558122334
217441402
269978527
149376786
453401270
40393724
34197676
2783274518
43078165
38483313
87699418
216633730
329628561
136572828
153813437
479961766
66058536
67170779
245786684
3094111434
86783742
2574103121
72952911
34915929
59304820
41476394
2929754422
22481472
1611472182
372786339
372157138
263736435
2819670251
141038040
339692615
35949395
2497242884
3092388093
254864106
433780245
19693799
1632982550
2207773566
96411868
1525560378
17437097
3111953337
18028594
61320986
22845527
1951177489
38135840
21838500
1562645047
3046267293
358510765
327766811
16723657
1898060623
14750544
24704715
2152120057
2687609353
71740420
194914143
28580261
102778360
1668517784
858690547
104676333
2244504679
1394607170
11344462
76218633
39961555
49155241
944186762
16005023
22589679
17358073
133420458
14115368
18800370
602640285
56377143
32539537
365275347
3042367497
277459934
70665468
114577804
326665662
23611584
452470861
24522700
14557327
61814709
81725200
21125002
77220986
15906218
440981538
556093440
33098495
57917441
2680336646
14284672
1154437200
168570415
1537422488
1106724427
2180677298
125316960
28119699
20432556
550085442
102058386
22012466
1957102026
898281072
104270653
817037275
19207266
1129029661
1649329051
593800653
214502417
297898393
331075564
516038327
16470495
33211889
160860850
87204299
108484887
869410801
266420798
46242241
25243918
251721054
59562158
92038264
16779600
19497195
2375451864
28044313
160552166
16874237
16369359
15017541
15026958
608453547
321861327
2305198578
278548277
67319784
179674895
1603547635
1604348136
111182080
1965420942
2653293902
317115744
17350046
548989659
606580790
2851256230
181618221
347743506
58113278
116877154
359907476
491683083
1269723924
27674257
453893556
19649135
27830610
24158257
37926315
327695550
27845025
80964162
202603405
333448168
94105842
192969600
2848774011
306541409
324599106
66004174
2256546556
2560513698
2413074654
82075630
17683482
1483269972
2416144999
413355878
235592999
161729533
474500236
222180430
33647344
15000537
14329880
122792963
7900962
2574108490
34568673
237477771
340325031
14782560
135416747
187044013
529090074
2588493926
366987179
15724667
482388629
90636107
466519303
362301175
23247996
232177822
2317396093
595765562
132511955
847560054
2799897290
47377231
117771014
424300620
129798277
16146513
764204616
16544818
184998335
1917267018
259938477
152877900
79581074
55586418
382091150
23514392
128938646
108603783
188332701
1179455215
288723364
30821435
267512876
59472131
2549873587
20688492
97717208
80069319
2339508611
433404427
19761418
95428712
472308919
151111625
466874543
368292391
31100329
14868608
50913136
617104312
125713545
2742596630
1677151152
28918647
79043124
52818366
1721223913
2690384977
1135009316
15715358
31576640
318709067
620396271
338797206
14465158
61216500
2710444070
318692536
2560412106
126349885
350457031
1202384982
24948578
1027681693
48378329
186476448
292306781
44902985
236943997
584139171
85043148
401775393
20456313
171358535
715509584
1390330484
14702727
2148081084
994371836
228345409
309603384
392952176
281422550
140168993
988897050
81400771
210522701
32527715
1001913301
17557537
448815063
2513480610
2515657621
59798600
430825795
41383879
385415861
379434417
185169115
219581785
86118270
544471864
1655457050
253812013
1268086992
79506147
15852790
62872958
58370812
130906331
1354858892
962464711
198190305
23664063
92029221
2382117350
576491316
42688065
177797826
47859571
350035929
221985489
90403900
1283309635
388937036
205437698
1265231551
475987826
58653711
510592186
370749003
565986651
398994336
92027622
22425874
264665928
1342998468
27203257
1954487971
620255756
308245641
66479653
2231593046
194238121
84206784
231914802
20796069
56745560
17990173
153756767
230930518
2302714070
218820714
1227535490
17086094
69671246
8771022
2168622674
964090562
18209971
1390429658
823249507
1072624717
467560802
21829705
126079498
98541434
142557721
57799795
39032332
40860228
115664744
266066046
16202990
312600634
19702912
277392232
14125892
18449840
374448219
859841922
74493451
59753328
250597327
42902424
243067873
112629537
771377514
293377661
19070146
430697990
64124672
34003766
149668823
103565665
1632414792
196048465
1530850933
1895318814
2283772130
47456979
63506749
454213077
55512656
88989749
15195679
1088568308
67014989
76520255
15633338
515668948
20284330
1584105997
472970476
1599077966
48702842
1615547503
19726431
250229022
247365538
1615463502
314262203
1732829419
41715216
38413836
43194755
233681518
18397394
26120514
96015193
363968323
26671074
63013144
80722883
17759135
121182843
15334380
828116358
453572185
1444580388
116763916
102087933
2225813070
174727611
24228311
18780213
418414390
17797666
2190453079
2149508035
21882601
382783908
71051575
16243665
1613910662
363911956
11096012
262493926
610178685
15720033
500704345
1946352889
10385892
1452512665
539709087
93179920
109224937
537512335
1173217081
185768634
26465671
315340017
1117043418
165858521
994638114
544466882
15362784
341046775
17927568
273609590
291911833
192842634
1129758882
302412035
18570258
41659933
106588420
31940756
101012441
764332561
54525358
25337146
954214183
316384368
143472281
16636740
2151614574
1362489265
195903675
1885050439
54495613
368309250
90289733
1624146499
15941862
187520592
145380533
93880385
39883197
231804643
949934436
226595853
18729956
755827736
1855421197
95315665
211060871
297436821
35871832
284248403
787638702
31497006
36178069
864950054
37104983
14518765
15284800
14615871
67358777
14999172
133716986
1330457336
19418459
22101234
467591956
51430164
509674951
7415592
16224500
42095429
1000968684
1088488688
74222189
173939851
18485546
16029780
1342861723
24748130
15360965
4380921
1247937122
123691015
22055887
18454808
490859038
435338266
189244927
1451252202
257354839
23423394
547213440
17918827
188847758
264439786
881142954
34719119
353126354
33919343
1479988116
16329577
62594694
19770974
86328829
1296292616
104520976
253639811
192890534
19312137
47749420
1339835893
374009202
33519164
1418160114
133062068
362773889
1007210042
75742264
14381389
52754374
45808079
47936893
100188103
1139323542
17131500
29169161
18528216
11620892
24545398
138093097
121544946
398507920
402855087
454930108
22586101
78995028
360282270
622439778
40789325
125767077
1137957344
44601026
247486443
11730542
506344028
305125998
14850576
144381110
479816451
24316900
188172353
76348185
773878218
55353224
1769191
89714083
419024301
360138110
17452369
265380339
16304004
1149908708
1087315136
9901672
14630443
55278134
1355201120
193767233
1187031432
18519580
17031634
479620327
16530120
851622948
194063932
238137912
203253392
63951334
24345925
30262082
131140010
151972628
64515574
74024358
430187862
6145472
87707751
13940882
25472190
409128673
318349748
18320874
98906881
356885109
260347791
991745802
74543000
50775482
1222705992
11740902
770158705
344860185
61591700
262327425
1152561967
318037291
830147851
15923496
62630311
204932888
34317032
14844076
15830436
148529707
249348169
289534571
16689426
15727317
13493302
16581604
15198966
92183278
17190346
19632280
14606079
18276341
59460397
27681019
25115550
15583775
12321952
1084972932
23864650
18918414
17598939
374865200
118032236
7009202
34096609
49164309
20696007
14647570
16689512
26609246
320299374
395644434
360013214
620614525
484154023
567415275
632704519
156889894
336218991
372494491
311174458
88738382
733418803
135464670
321415475
238096056
19763668
268357486
194526510
117027371
425692583
6604762
14376279
237833334
237637694
202313343
1198481
22283190
634812478
164670414
78983395
618166258
38487892
46417885
610076827
16170253
34424798
71832238
16958346
12101862
14268812
950531
15570213
19826122
17815127
135297032
29346240
1586781
9078002
24223641
334926329
153115607
173491730
248380950
534371788
207645432
326411678
15473639
22177439
23596644
402029058
41445718
206330649
133221699
24750116
28139332
17304329
47782054
138108708
17053662
14954612
288784016
408565156
538182489
14342564
107722321
16810321
61853389
202466411
19171302
110854121
20568364
1985561
47279525
310493379
127500275
237742285
151432737
110929302
141429080
114981133
21165536
110936119
258792238
322223293
384915512
479080449
15066876
15934978
52180594
293664050
98163256
14159148
172735242
139881024
207839850
14779408
15497533
433316040
17204809
262495537
18029270
122448174
22491103
124519164
159190987
444852917
354817018
34612898
10018072
221400909
457022389
20525929
165829170
19539716
456232401
39184406
15471011
423786433
216918832
21571481
388628818
430983219
222985500
442405685
67817538
16373594
16913258
15689503
27669803
18926099
255797635
15416778
18775642
326301436
21972198
129988372
382866023
123231225
15220281
33120109
16324059
81965017
68577507
16308572
218406806
17812088
31399326
17152685
97085091
16351993
204805012
78403337
124426828
19453922
21268897
1106501
646893
20772763
34936539
23948464
21875834
50671851
14313260
18464266
17160839
83636590
56475632
165998897
81690879
22837895
27715051
227208141
17918561
328793843
18288881
17263319
368182534
20731951
216003160
245191224
80975992
9176052
37999041
94609588
15751301
58034702
66517904
38700230
131497030
378463392
256535117
199400127
224011461
376939806
34302780
19620094
143923948
386157153
380561921
107537020
14286806
325093160
335972576
21030912
347466521
17119688
20454385
85616866
1317661
159893711
281192755
15954997
80944550
15464697
17174089
245983319
11262752
25715929
22058679
31739240
24768753
71560259
18002860
55376380
107159046
27904261
234446900
20154994
45671898
158470209
14676022
16550480
55555817
286191778
20012614
52074305
15691197
14173084
316538228
16125224
108617810
59249766
15088481
14193053
275356104
14875165
252230516
195996439
14376967
5990782
15345483
7040852
86180513
14770470
14466538
355923032
17688714
336051536
17679229
94023516
69006377
118945731
153162547
14275426
330502724
20315157
267969847
142896252
102809935
15549293
14235399
6563122
18104730
20708895
356592775
16074352
58257664
308141922
50055701
28811251
17156000
199836680
22885338
202292930
331703145
46759082
87711945
16244891
128046686
89431738
285706952
151106990
84839521
245424983
45573874
297067961
15381290
57625403
39279393
28543744
22036565
21414576
227116996
20463418
14845376
228259139
40912544
17179406
17006157
12044602
15949696
10778572
20153725
15507433
18686907
7848802
37281592
55355654
48132847
15950681
16045956
249469549
168295477
23819676
107769150
48188197
48068105
189376144
62939992
98907691
19637934
116055042
21916472
55038953
52521572
21251668
97474887
164412502
49677474
14814544
73504419
47985159
46671396
284694021
272138478
54626374
23557604
45762945
15489945
21842781
165204211
112873659
106816456
233696188
45663323
230031730
18536997
17873746
23457254
29442313
242555999
289364175
56179493
268985891
90077282
78890225
195419597
198584761
18696996
7091082
92030522
243236419
191233793
30080054
305766622
156086044
245603564
29881956
21729897
92438371
20867568
16797043
34369851
64280204
15523283
19526809
103099657
95943579
29727564
16469809
282670571
15731368
15316487
48847011
14270650
21982720
90373397
271508245
15776381
20279370
37723353
15175695
18895336
20067737
148046046
28403766
18713552
138058028
90412021
216471804
75207722
154742519
245514857
51111741
279064505
18068702
57111966
61309973
21520854
218641669
267797687
15828276
61007504
118105610
211312761
109257354
40900005
73448434
111935111
18367154
283634740
192592078
72857014
24016690
31464192
17596622
17004139
96789300
243284052
42812537
81644488
208040000
16935292
117882437
39718991
14180138
61633260
9864112
103038072
17171111
281633209
20971541
259763847
20533229
15753057
20941733
14634720
84388888
15340426
11008182
40602923
183062944
25359130
40408628
9900222
4362961
22971125
168780835
15343022
11131302
61021529
27335898
11148162
19199474
256573185
15838767
18803554
30313925
14352778
148516861
175565115
241067860
91416107
42660729
16017472
8668862
19918353
15764644
16055387
18763909
205454711
27557594
242158851
19518491
225189494
16302651
122758053
180668837
15014828
54999453
37970685
212338631
73418384
48483306
15048198
31304026
98193203
15065596
47349506
14559745
13524182
14786217
24457744
123942496
77513261
34948923
104285242
19424173
249722398
179588796
35249000
14296273
87383141
14698682
167119538
210805865
22630923
225301621
40057701
221779325
78436828
92572677
91386983
27225542
763699
29221344
91446591
237951505
89412632
15193285
19904685
5031151
57759275
231649709
17968297
15574892
23029948
96824783
32410019
92555819
97742167
74842999
168772292
107464565
14325188
211555885
137729537
19676647
66804351
225858328
21790801
17885517
35808458
15315172
50723151
107175080
16091165
19026735
36665547
162869238
92601300
148900525
81168795
14674218
49689858
30507242
211235703
21826316
189236855
14944219
22452669
128883749
18904247
14245881
21166728
48075643
20068053
37442005
14335586
14050550
173205343
54945432
15807813
14384907
16302090
38617821
184618692
68182884
14066024
16076032
81915651
55018701
22214087
145394310
128456531
38833974
17973387
112585481
21321475
123955880
21866534
17238395
148503364
42063881
14270329
7864222
18622869
197000961
102801892
103942033
18103362
14588121
6602132
21001434
44918630
16348368
46577579
26244297
19638230
47472885
15494711
116780132
106512310
120878191
188406638
74322499
22518224
16529101
69393590
123272874
130616183
49717243
41301702
75289056
43357958
118747545
94077667
136884887
188632613
155866995
22810645
30462758
185771589
15851449
56251914
30369308
5907272
7218842
21785527
19355821
17766403
21406834
30927826
133947893
15993122
57402958
22213141
146548246
12726792
166123773
38215308
15891963
19639044
15769327
16821997
49117919
20981234
13654792
7845362
122190432
14246001
20778387
15446531
1197981
44988185
65158737
90725320
15284345
77257018
146544079
133880286
17175240
117229239
21696902
19270440
52499546
70175783
96917874
16878633
16129920
4207961
19939723
26657119
152367567
3459051
7215512
32886860
120140865
19542390
16427734
149172201
15041273
17773720
21250847
65909759
16413674
51777236
15897885
145753059
43187415
20724184
1050111
32515106
17758502
110004599
19029994
22479955
84100924
120181944
140956510
15973816
109302025
20818801
16475202
18943897
94127415
14266598
16013368
125184430
27558166
17880985
15355482
139119046
52174976
86330674
18634085
102133790
54309568
34113439
23142669
15309072
16102182
65946380
107445229
19940791
19891675
1435461
84445191
59157393
11178672
15939889
27740227
15349180
117232710
21696279
37753638
74176997
38720614
16800098
86991022
109548140
7845832
24608680
12340562
20752106
14429727
10340482
104064540
20890705
17220934
15007149
18756192
1436461
19382577
40246433
94170890
14323791
19844126
17029261
39800314
14089370
89789252
21786618
51222791
19272522
14837054
16530707
11053512
19253583
19681873
17463923
22143466
5404562
16160352
20517132
50432620
22819917
21875099
36677816
22673630
14512287
44979474
15369546
53775093
28736496
44185213
41444961
19697415
20705963
10333202
17801618
24932461
20032100
14129299
14855994
7860782
15265641
7861652
14370819
7259302
2030711
22071093
60790544
34396068
5680622
14281853
34557747
22634164
29733432
15200719
61499087
10235102
50416517
23717737
15923061
29628889
33986037
60441075
59073529
45371459
15554922
16023201
1949421
18932935
15726162
46007010
5360012
17423992
18929090
20927078
32540650
12909552
14269768
44136028
15138349
15469170
48767836
28657802
24032557
48762458
51255624
14115172
20582958
30267409
16721621
15220768
15725628
45577446
14246055
29358714
42166634
23806673
22744202
11703272
38097734
27118364
17922604
26495211
26780957
17643105
11072612
51099952
15726306
50495371
16327134
19549655
19954039
19801148
46959339
13967302
14412533
17092444
37004724
37950155
38480605
14744961
43936498
23288763
16240558
36533633
15828724
41197349
17301707
30364638
35634824
22121746
22894243
18248948
33336544
17880508
17132582
16470470
17088541
14762781
25704351
10756432
31128730
1912251
15458181
22737278
17026589
17381428
17431076
17775608
17794347
7860992
21892134
18904454
4164927807
247552110
500579020
20424463
111298157
113440497
58819645
172081908
744479700
7884802
312276163
36308071
61875836
2792023077
4057445954
14676895
116225794
412936268
18228075
15309384
49943475
27696993
136947094
16588095
160867526
1390071944
2201798947
322899072
16537578
2606229566
26458506
302599996
306397840
347894725
2377561969
3735300802
237871265
413553379
20742461
47835332
109006062
52998367
26768593
26637348
79937043
500467506
2827898382
431517941
1615447254
337631207
2278998439
83515692
170318472
43856403
394915904
3036544664
24592340
607492340
2888851863
2525309535
35317431
3075607787
3070339532
2823398578
2698941157
95661097
22964653
714661584
212369763
1605269383
23067226
117172071
111086481
29387496
67174298
21415998
19805321
130499946
3351896603
31202482
113025021
78600745
56897639
109062332
2325718134
271192971
3331511572
318584867
27404490
16735476
217362485
162090550
3281777245
171533702
164405468
2761677983
34176543
372628739
17235299
95292788
14766917
2909282108
82405425
16017753
132476518
22148929
288932222
182545611
16046443
14187606
26835054
36714549
36048418
348312330
203040180
577685565
21571858
75120412
44187930
22048388
415005168
117847329
593837736
34373132
2159923201
184385983
1876367312
3028252336
305502754
2812768561
36042554
208019751
26460150
898297742
234344697
18495936
19702506
17678150
97152140
1375549573
48071844
2829986647
3092516963
100322679
466051777
2687796164
3239370263
3071779771
55573873
14336662
315799359
2271638589
2438273430
17947003
2266466125
276300253
2770081590
168444359
165411483
52251997
2853295709
3065548241
2941001179
412764134
20428570
590180646
268381540
558122334
217441402
269978527
149376786
453401270
40393724
34197676
2783274518
43078165
38483313
87699418
216633730
329628561
136572828
153813437
479961766
66058536
67170779
245786684
3094111434
86783742
2574103121
72952911
34915929
59304820
41476394
2929754422
22481472
1611472182
372786339
372157138
263736435
2819670251
141038040
339692615
35949395
2497242884
3092388093
254864106
433780245
19693799
1632982550
2207773566
96411868
1525560378
17437097
3111953337
18028594
61320986
22845527
1951177489
38135840
21838500
1562645047
3046267293
358510765
327766811
16723657
1898060623
14750544
24704715
2152120057
2687609353
71740420
194914143
28580261
102778360
1668517784
858690547
104676333
2244504679
1394607170
11344462
76218633
39961555
49155241
944186762
16005023
22589679
17358073
133420458
14115368
18800370
602640285
56377143
32539537
365275347
3042367497
277459934
70665468
114577804
326665662
23611584
452470861
24522700
14557327
61814709
81725200
21125002
77220986
15906218
440981538
556093440
33098495
57917441
2680336646
14284672
1154437200
168570415
1537422488
1106724427
2180677298
125316960
28119699
20432556
550085442
102058386
22012466
1957102026
898281072
104270653
817037275
19207266
1129029661
1649329051
593800653
214502417
297898393
331075564
516038327
16470495
33211889
160860850
87204299
108484887
869410801
266420798
46242241
25243918
251721054
59562158
92038264
16779600
19497195
2375451864
28044313
160552166
16874237
16369359
15017541
15026958
608453547
321861327
2305198578
278548277
67319784
179674895
1603547635
1604348136
111182080
1965420942
2653293902
317115744
17350046
548989659
606580790
2851256230
181618221
347743506
58113278
116877154
359907476
491683083
1269723924
27674257
453893556
19649135
27830610
24158257
37926315
327695550
27845025
80964162
202603405
333448168
94105842
192969600
2848774011
306541409
324599106
66004174
2256546556
2560513698
2413074654
82075630
17683482
1483269972
2416144999
413355878
235592999
161729533
474500236
222180430
33647344
15000537
14329880
122792963
7900962
2574108490
34568673
237477771
340325031
14782560
135416747
187044013
529090074
2588493926
366987179
15724667
482388629
90636107
466519303
362301175
23247996
232177822
2317396093
595765562
132511955
847560054
2799897290
47377231
117771014
424300620
129798277
16146513
764204616
16544818
184998335
1917267018
259938477
152877900
79581074
55586418
382091150
23514392
128938646
108603783
188332701
1179455215
288723364
30821435
267512876
59472131
2549873587
20688492
97717208
80069319
2339508611
433404427
19761418
95428712
472308919
151111625
466874543
368292391
31100329
14868608
50913136
617104312
125713545
2742596630
1677151152
28918647
79043124
52818366
1721223913
2690384977
1135009316
15715358
31576640
318709067
620396271
338797206
14465158
61216500
2710444070
318692536
2560412106
126349885
350457031
1202384982
24948578
1027681693
48378329
186476448
292306781
44902985
236943997
584139171
85043148
401775393
20456313
171358535
715509584
1390330484
14702727
2148081084
994371836
228345409
309603384
392952176
281422550
140168993
988897050
81400771
210522701
32527715
1001913301
17557537
448815063
2513480610
2515657621
59798600
430825795
41383879
385415861
379434417
185169115
219581785
86118270
544471864
1655457050
253812013
1268086992
79506147
15852790
62872958
58370812
130906331
1354858892
962464711
198190305
23664063
92029221
2382117350
576491316
42688065
177797826
47859571
350035929
221985489
90403900
1283309635
388937036
205437698
1265231551
475987826
58653711
510592186
370749003
565986651
398994336
92027622
22425874
264665928
1342998468
27203257
1954487971
620255756
308245641
66479653
2231593046
194238121
84206784
231914802
20796069
56745560
17990173
153756767
230930518
2302714070
218820714
1227535490
17086094
69671246
8771022
2168622674
964090562
18209971
1390429658
823249507
1072624717
467560802
21829705
126079498
98541434
142557721
57799795
39032332
40860228
115664744
266066046
16202990
312600634
19702912
277392232
14125892
18449840
374448219
859841922
74493451
59753328
250597327
42902424
243067873
112629537
771377514
293377661
19070146
430697990
64124672
34003766
149668823
103565665
1632414792
196048465
1530850933
1895318814
2283772130
47456979
63506749
454213077
55512656
88989749
15195679
1088568308
67014989
76520255
15633338
515668948
20284330
1584105997
472970476
1599077966
48702842
1615547503
19726431
250229022
247365538
1615463502
314262203
1732829419
41715216
38413836
43194755
233681518
18397394
26120514
96015193
363968323
26671074
63013144
80722883
17759135
121182843
15334380
828116358
453572185
1444580388
116763916
102087933
2225813070
174727611
24228311
18780213
418414390
17797666
2190453079
2149508035
21882601
382783908
71051575
16243665
1613910662
363911956
11096012
262493926
610178685
15720033
500704345
1946352889
10385892
1452512665
539709087
93179920
109224937
537512335
1173217081
185768634
26465671
315340017
1117043418
165858521
994638114
544466882
15362784
341046775
17927568
273609590
291911833
192842634
1129758882
302412035
18570258
41659933
106588420
31940756
101012441
764332561
54525358
25337146
954214183
316384368
143472281
16636740
2151614574
1362489265
195903675
1885050439
54495613
368309250
90289733
1624146499
15941862
187520592
145380533
93880385
39883197
231804643
949934436
226595853
18729956
755827736
1855421197
95315665
211060871
297436821
35871832
284248403
787638702
31497006
36178069
864950054
37104983
14518765
15284800
14615871
67358777
14999172
133716986
1330457336
19418459
22101234
467591956
51430164
509674951
7415592
16224500
42095429
1000968684
1088488688
74222189
173939851
18485546
16029780
1342861723
24748130
15360965
4380921
1247937122
123691015
22055887
18454808
490859038
435338266
189244927
1451252202
257354839
23423394
547213440
17918827
188847758
264439786
881142954
34719119
353126354
33919343
1479988116
16329577
62594694
19770974
86328829
1296292616
104520976
253639811
192890534
19312137
47749420
1339835893
374009202
33519164
1418160114
133062068
362773889
1007210042
75742264
14381389
52754374
45808079
47936893
100188103
1139323542
17131500
29169161
18528216
11620892
24545398
138093097
121544946
398507920
402855087
454930108
22586101
78995028
360282270
622439778
40789325
125767077
1137957344
44601026
247486443
11730542
506344028
305125998
14850576
144381110
479816451
24316900
188172353
76348185
773878218
55353224
1769191
89714083
419024301
360138110
17452369
265380339
16304004
1149908708
1087315136
9901672
14630443
55278134
1355201120
193767233
1187031432
18519580
17031634
479620327
16530120
851622948
194063932
238137912
203253392
63951334
24345925
30262082
131140010
151972628
64515574
74024358
430187862
6145472
87707751
13940882
25472190
409128673
318349748
18320874
98906881
356885109
260347791
991745802
74543000
50775482
1222705992
11740902
770158705
344860185
61591700
262327425
1152561967
318037291
830147851
15923496
62630311
204932888
34317032
14844076
15830436
148529707
249348169
289534571
16689426
15727317
13493302
16581604
15198966
92183278
17190346
19632280
14606079
18276341
59460397
27681019
25115550
15583775
12321952
1084972932
23864650
18918414
17598939
374865200
118032236
7009202
34096609
49164309
20696007
14647570
16689512
26609246
320299374
395644434
360013214
620614525
484154023
567415275
632704519
156889894
336218991
372494491
311174458
88738382
733418803
135464670
321415475
238096056
19763668
268357486
194526510
117027371
425692583
6604762
14376279
237833334
237637694
202313343
1198481
22283190
634812478
164670414
78983395
618166258
38487892
46417885
610076827
16170253
34424798
71832238
16958346
12101862
14268812
950531
15570213
19826122
17815127
135297032
29346240
1586781
9078002
24223641
334926329
153115607
173491730
248380950
534371788
207645432
326411678
15473639
22177439
23596644
402029058
41445718
206330649
133221699
24750116
28139332
17304329
47782054
138108708
17053662
14954612
288784016
408565156
538182489
14342564
107722321
16810321
61853389
202466411
19171302
110854121
20568364
1985561
47279525
310493379
127500275
237742285
151432737
110929302
141429080
114981133
21165536
110936119
258792238
322223293
384915512
479080449
15066876
15934978
52180594
293664050
98163256
14159148
172735242
139881024
207839850
14779408
15497533
433316040
17204809
262495537
18029270
122448174
22491103
124519164
159190987
444852917
354817018
34612898
10018072
221400909
457022389
20525929
165829170
19539716
456232401
39184406
15471011
423786433
216918832
21571481
388628818
430983219
222985500
442405685
67817538
16373594
16913258
15689503
27669803
18926099
255797635
15416778
18775642
326301436
21972198
129988372
382866023
123231225
15220281
33120109
16324059
81965017
68577507
16308572
218406806
17812088
31399326
17152685
97085091
16351993
204805012
78403337
124426828
19453922
21268897
1106501
646893
20772763
34936539
23948464
21875834
50671851
14313260
18464266
17160839
83636590
56475632
165998897
81690879
22837895
27715051
227208141
17918561
328793843
18288881
17263319
368182534
20731951
216003160
245191224
80975992
9176052
37999041
94609588
15751301
58034702
66517904
38700230
131497030
378463392
256535117
199400127
224011461
376939806
34302780
19620094
143923948
386157153
380561921
107537020
14286806
325093160
335972576
21030912
347466521
17119688
20454385
85616866
1317661
159893711
281192755
15954997
80944550
15464697
17174089
245983319
11262752
25715929
22058679
31739240
24768753
71560259
18002860
55376380
107159046
27904261
234446900
20154994
45671898
158470209
14676022
16550480
55555817
286191778
20012614
52074305
15691197
14173084
316538228
16125224
108617810
59249766
15088481
14193053
275356104
14875165
252230516
195996439
14376967
5990782
15345483
7040852
86180513
14770470
14466538
355923032
17688714
336051536
17679229
94023516
69006377
118945731
153162547
14275426
330502724
20315157
267969847
142896252
102809935
15549293
14235399
6563122
18104730
20708895
356592775
16074352
58257664
308141922
50055701
28811251
17156000
199836680
22885338
202292930
331703145
46759082
87711945
16244891
128046686
89431738
285706952
151106990
84839521
245424983
45573874
297067961
15381290
57625403
39279393
28543744
22036565
21414576
227116996
20463418
14845376
228259139
40912544
17179406
17006157
12044602
15949696
10778572
20153725
15507433
18686907
7848802
37281592
55355654
48132847
15950681
16045956
249469549
168295477
23819676
107769150
48188197
48068105
189376144
62939992
98907691
19637934
116055042
21916472
55038953
52521572
21251668
97474887
164412502
49677474
14814544
73504419
47985159
46671396
284694021
272138478
54626374
23557604
45762945
15489945
21842781
165204211
112873659
106816456
233696188
45663323
230031730
18536997
17873746
23457254
29442313
242555999
289364175
56179493
268985891
90077282
78890225
195419597
198584761
18696996
7091082
92030522
243236419
191233793
30080054
305766622
156086044
245603564
29881956
21729897
92438371
20867568
16797043
34369851
64280204
15523283
19526809
103099657
95943579
29727564
16469809
282670571
15731368
15316487
48847011
14270650
21982720
90373397
271508245
15776381
20279370
37723353
15175695
18895336
20067737
148046046
28403766
18713552
138058028
90412021
216471804
75207722
154742519
245514857
51111741
279064505
18068702
57111966
61309973
21520854
218641669
267797687
15828276
61007504
118105610
211312761
109257354
40900005
73448434
111935111
18367154
283634740
192592078
72857014
24016690
31464192
17596622
17004139
96789300
243284052
42812537
81644488
208040000
16935292
117882437
39718991
14180138
61633260
9864112
103038072
17171111
281633209
20971541
259763847
20533229
15753057
20941733
14634720
84388888
15340426
11008182
40602923
183062944
25359130
40408628
9900222
4362961
22971125
168780835
15343022
11131302
61021529
27335898
11148162
19199474
256573185
15838767
18803554
30313925
14352778
148516861
175565115
241067860
91416107
42660729
16017472
8668862
19918353
15764644
16055387
18763909
205454711
27557594
242158851
19518491
225189494
16302651
122758053
180668837
15014828
54999453
37970685
212338631
73418384
48483306
15048198
31304026
98193203
15065596
47349506
14559745
13524182
14786217
24457744
123942496
77513261
34948923
104285242
19424173
249722398
179588796
35249000
14296273
87383141
14698682
167119538
210805865
22630923
225301621
40057701
221779325
78436828
92572677
91386983
27225542
763699
29221344
91446591
237951505
89412632
15193285
19904685
5031151
57759275
231649709
17968297
15574892
23029948
96824783
32410019
92555819
97742167
74842999
168772292
107464565
14325188
211555885
137729537
19676647
66804351
225858328
21790801
17885517
35808458
15315172
50723151
107175080
16091165
19026735
36665547
162869238
92601300
148900525
81168795
14674218
49689858
30507242
211235703
21826316
189236855
14944219
22452669
128883749
18904247
14245881
21166728
48075643
20068053
37442005
14335586
14050550
173205343
54945432
15807813
14384907
16302090
38617821
184618692
68182884
14066024
16076032
81915651
55018701
22214087
145394310
128456531
38833974
17973387
112585481
21321475
123955880
21866534
17238395
148503364
42063881
14270329
7864222
18622869
197000961
102801892
103942033
18103362
14588121
6602132
21001434
44918630
16348368
46577579
26244297
19638230
47472885
15494711
116780132
106512310
120878191
188406638
74322499
22518224
16529101
69393590
123272874
130616183
49717243
41301702
75289056
43357958
118747545
94077667
136884887
188632613
155866995
22810645
30462758
185771589
15851449
56251914
30369308
5907272
7218842
21785527
19355821
17766403
21406834
30927826
133947893
15993122
57402958
22213141
146548246
12726792
166123773
38215308
15891963
19639044
15769327
16821997
49117919
20981234
13654792
7845362
122190432
14246001
20778387
15446531
1197981
44988185
65158737
90725320
15284345
77257018
146544079
133880286
17175240
117229239
21696902
19270440
52499546
70175783
96917874
16878633
16129920
4207961
19939723
26657119
152367567
3459051
7215512
32886860
120140865
19542390
16427734
149172201
15041273
17773720
21250847
65909759
16413674
51777236
15897885
145753059
43187415
20724184
1050111
32515106
17758502
110004599
19029994
22479955
84100924
120181944
140956510
15973816
109302025
20818801
16475202
18943897
94127415
14266598
16013368
125184430
27558166
17880985
15355482
139119046
52174976
86330674
18634085
102133790
54309568
34113439
23142669
15309072
16102182
65946380
107445229
19940791
19891675
1435461
84445191
59157393
11178672
15939889
27740227
15349180
117232710
21696279
37753638
74176997
38720614
16800098
86991022
109548140
7845832
24608680
12340562
20752106
14429727
10340482
104064540
20890705
17220934
15007149
18756192
1436461
19382577
40246433
94170890
14323791
19844126
17029261
39800314
14089370
89789252
21786618
51222791
19272522
14837054
16530707
11053512
19253583
19681873
17463923
22143466
5404562
16160352
20517132
50432620
22819917
21875099
36677816
22673630
14512287
44979474
15369546
53775093
28736496
44185213
41444961
19697415
20705963
10333202
17801618
24932461
20032100
14129299
14855994
7860782
15265641
7861652
14370819
7259302
2030711
22071093
60790544
34396068
5680622
14281853
34557747
22634164
29733432
15200719
61499087
10235102
50416517
23717737
15923061
29628889
33986037
60441075
59073529
45371459
15554922
16023201
1949421
18932935
15726162
46007010
5360012
17423992
18929090
20927078
32540650
12909552
14269768
44136028
15138349
15469170
48767836
28657802
24032557
48762458
51255624
14115172
20582958
30267409
16721621
15220768
15725628
45577446
14246055
29358714
42166634
23806673
22744202
11703272
38097734
27118364
17922604
26495211
26780957
17643105
11072612
51099952
15726306
50495371
16327134
19549655
19954039
19801148
46959339
13967302
14412533
17092444
37004724
37950155
38480605
14744961
43936498
23288763
16240558
36533633
15828724
41197349
17301707
30364638
35634824
22121746
22894243
18248948
33336544
17880508
17132582
16470470
17088541
14762781
25704351
10756432
31128730
1912251
15458181
22737278
17026589
17381428
17431076
17775608
17794347
7860992
21892134
18904454
