425170095
155098025
35228039
317933903
14795944
925568286
496519048
153510718
615296712
239585164
2462246144
48504302
2564646368
21037100
195021495
795431617
2588301034
296201728
1381858940
567356261
2425712281
275679212
373388865
110896501
2552833598
301520794
2540334444
2187155372
2527602738
1699210884
2506321286
212738160
944339868
1486533440
2411541619
239778949
347415671
824829362
2557671597
1023186228
2291372970
419681714
527714553
2600827851
364570992
206705711
1324639723
2557272024
47154178
431812571
15713849
178468195
1284587394
2445704295
2563121442
2603392877
2602696810
218321395
2603927488
389809206
1551771330
1573194372
360596733
261365685
484977948
1315261879
704980916
1449655304
2606315223
243896077
1665332676
2223326718
317203452
2560449120
380964714
318704382
292167507
2609448465
268911912
749687028
56193817
596628960
795923833
2376943256
1181629448
15616703
2480033274
370877928
624056114
367805118
310801743
217381085
2512871808
72887863
407221553
20160221
100705065
56469418
481681566
351755287
2524763894
356853710
426062570
102468503
357649339
253633640
260906965
2429742356
355442199
2460153818
392588396
1027003297
136997063
333635378
293191504
455362802
2521890314
2567352485
203314871
137667796
2158703512
1859113824
1353625164
152187455
483293788
710796710
531765518
2466158580
2534061913
1631170195
2302453461
1671192650
91072900
355500328
252319068
220580918
2572617743
279948450
147851793
409450693
2537172674
843735960
233188341
847035414
307594461
2574461669
2536733480
16051437
1439933060
258436187
2541877862
881030042
2291435544
88648637
2462853271
1949616073
1240366746
18335990
2538234356
2578309126
2544496849
908072928
353648552
485222199
108585364
360502665
66618630
1660638498
2516425829
737650332
2532796255
924957758
1947932720
162607978
2531785260
2523280242
2202359462
2548653140
2351983202
1535227500
248797457
502054596
1951542529
502071579
2507646745
609685794
331877221
2558323348
27355029
2397885249
749186809
288258065
223218060
185637573
710584176
416572209
223297652
1276208257
66945827
492955802
1427197346
85052189
2321153887
1563713484
2490366452
493320423
1618739587
83411135
945862986
84424223
1527542690
820490209
2518046568
2502402740
594914601
210644779
259865783
143199999
2560688265
817092386
2519234844
1085775595
239540659
262212763
65916271
510098432
1030863571
2164896309
1538532439
2516208410
1903859348
2359245901
2273707187
2451967625
885460754
137784680
2564224936
426566166
608441737
195743045
105876639
309036995
450635758
1329997908
983100463
741514890
2442952366
416754838
709325178
570824694
397857971
346086635
323288348
2512400335
2421208672
242853919
1644203383
153359450
2440369307
133261422
22817990
237433913
19070953
142830430
266733707
954145213
532004099
412652480
1643226372
1699671378
706450316
2458101240
2545497759
510174509
2331845171
29057359
1441221193
46928597
573135759
705512316
1579791468
2175575432
316620097
1103851842
2541394228
434899710
454401387
311368191
280713705
359908918
1342949269
352207064
710302147
236490506
452218095
233855321
2240381462
2332370663
1274906089
1109626676
337210224
2553047170
238637844
194117906
2505422568
59266747
23868322
463374262
209858081
2458854960
2151260751
1284321942
309786091
183802571
2252921123
232361905
1852760822
432890406
636906139
388543544
1374320126
166446193
526830364
342400947
2508541562
472396449
618346758
380015812
717751501
546753940
326040734
61451518
224371888
267503908
234028788
259427203
264138212
1058654928
476179342
139895943
59631204
2511545018
371944635
2511978704
110458601
2520203452
2436907327
229504553
173915290
248670667
2500131115
2490729661
21320289
542569525
2490937087
835700528
181988881
255283912
1639386518
240889763
335214020
921488449
120987165
324627686
2513496408
211619937
1324823755
491507350
591669748
385781658
618134269
47449198
954945373
2450597228
910391408
278701691
1278531638
2479248697
989220956
1915071564
135459422
212341739
165101669
237064729
1516875228
347420654
144521998
1448267492
798812802
406834372
103951436
48140673
274921183
150698172
367631964
298439568
46117590
2211304672
1379933857
43517469
336442516
1596480139
523739901
1125560586
964073317
2265936042
372362959
118300991
27632306
229416528
1917982243
1485956004
1978595948
33512281
2488004664
2485881936
63687204
58210015
177760141
104124849
1058211260
135907227
2540565190
1376354702
214440743
279682069
2511299584
253132563
716619530
237912122
124297006
279116445
232605838
214269907
1879140727
372883212
2543631765
363783421
1591593577
896050580
82498380
121051450
145968223
318342912
305780008
2462145506
258740152
2267532411
703006057
71321474
264460425
2514331047
2494552416
1184227236
416691293
2547893980
210218311
228731615
312675396
448990708
255085913
600493777
124745627
2496469446
245539331
311355526
27717922
507411657
63011801
102213485
231923186
559510578
1314368190
30631600
36128669
57429650
298493313
138934584
769599943
84303941
264838112
2500350243
320662735
130496313
964584798
2324290746
444892667
440266559
191050846
864316496
450789830
325767714
469761478
631883493
1042019864
175319898
304267989
299742342
1507497379
623815353
566842499
337024382
241987333
281046322
266750904
154100758
452508800
428372725
291781890
238747556
910165676
2347067459
28836822
409524100
1066657550
346522968
2363185501
2524659766
130122646
622579284
104617631
534149017
562760311
283082297
2527203761
1602573534
304086203
411330533
629492899
617806062
548726448
2527881575
1469802558
2447129820
375026091
802610822
1604606137
1334053111
124647739
1383161394
2251863048
449027360
478509220
15522184
570366768
2323924339
1945743338
2279700507
1703471006
2529076047
246896612
28568864
469225047
1631988548
51249211
1456576260
509350845
462618536
2475147785
135925603
2155339486
300781944
1896027762
335018232
300209413
215057061
2352259732
431882774
2451250785
1167683725
328090579
531540947
86600051
2427927559
401404620
2478572916
225943938
2531751904
519353211
97206069
1287872550
819458388
522248717
2445944048
1307467292
514437753
2183847175
16030957
215777123
16616958
861544189
958230546
20112272
555182433
1455197288
147268090
627765403
2467611235
859476698
61437729
1263268718
248363266
319914587
250075104
1710867612
2524117647
519659267
257046903
310399929
419795877
111141275
143929560
898638218
757792380
281930323
1917874351
2308302392
2458942340
479895441
19070547
1716649327
14640540
221652519
2519892610
312921810
625563709
2298282763
57461960
480470444
194605955
2226602143
1274651689
590933167
1720089356
1551816800
234489276
2230463474
373482428
780783367
175265681
386638963
2322613491
229426344
357288248
372311331
216797892
37944783
53492824
190592920
16899933
265902729
18455549
78273051
435586852
109079118
279818975
342021222
798347515
220608387
40883815
2391305132
216980890
407365718
334015734
601023383
369132776
354574501
291809628
742626859
64249621
295912631
329825028
2363650572
862649941
366008893
1963537604
126512033
2460384619
55572472
16377615
45663705
2457620245
64472461
308112187
465275202
2457970429
336210000
2504569037
397183601
296846160
50255482
619217031
610683104
280435477
199441874
2342607020
2502531359
192194706
2460773772
473518016
404410906
2428570195
440042679
252668237
417736077
90228497
260172814
891455496
2235939469
1622065374
2166545962
708268536
2437677707
1604397252
87460526
247302004
633727972
915444048
2262523804
442266789
632311368
310198481
1439633796
2468018553
270562025
408075159
227634927
471201559
1321230582
1123041397
2464797072
1934273082
225682909
567671974
2433566231
257324884
2505745690
378224057
20678916
18402722
2466162097
592908079
547577668
146180930
553126923
253674263
381614360
34215914
277386978
2238210538
96106855
275860420
178161680
558094524
2513076935
565660037
277570749
288012925
385533452
271899511
1470632262
286826392
2515583902
190345584
561449589
1155100718
206954657
1196179434
465850400
221432297
2469686101
2193521762
29914407
420969034
318725213
316020038
43502267
239558368
1621480718
355531993
712765416
378532025
98353513
1976301835
59394453
262578182
927387090
340315234
2484944379
84722248
333901211
462221970
158029371
2159275355
614034978
706977836
772616846
1353899624
221526100
305146600
294827172
2360941407
411739902
232788878
550033337
977213160
334531203
741427778
340571833
1243595060
238102126
471480819
2170516285
415105544
2484959193
205326217
247692360
2232073514
311655652
910988538
2443893787
414719732
332783346
50327437
1213882970
136814715
84386063
72991208
755791075
147827810
225030277
1347515017
2447309610
292251221
947769115
2484601691
19445564
43316545
1483460928
254575266
1273059486
433219377
2378441323
2358733747
598186321
171514829
915564541
2248646728
547638744
221103523
458482175
300441422
628648370
190608632
1327861656
29361729
351178583
190751244
554716782
469015387
398957828
2346403727
472276247
244718067
422151115
147502797
2430643033
186136401
124819189
351529204
56154753
770152219
506261482
1631130685
2453290386
452455142
331533878
351112989
1534474166
409671229
329109447
83163974
56516316
2453673936
409224682
710278115
391310631
137798128
1258340256
476344812
637059383
1690767246
1076629496
21124108
188403601
364225926
90487400
460336592
492118258
70103189
302834056
439552440
164355748
149168112
339165425
1386707462
1830957973
843835862
84172065
20011302
1944776238
84157756
2370978385
247922329
1454234342
252556995
287237753
236363425
283202270
424942542
68670331
184506711
462548062
226537104
475426991
533512240
185201788
381757670
1977922484
848032172
1154408526
354444555
491158132
580638307
236140962
800509368
63493808
244996611
516850241
245668191
153340960
595755107
485950103
493621464
997873314
223240536
886995572
1850086874
325797505
283042518
519971762
40839383
25035906
291943371
356610702
837791965
276661384
254764255
716927960
1488916452
279233776
16418462
244189035
408044813
411750453
1118259000
460647201
1697354149
414065481
258317363
301186043
923003234
334277272
224575241
312206030
289564507
50811197
389073645
455987982
805999825
1113948564
285138147
241962306
906791292
451617374
393604463
233331976
2449298212
56689840
737445864
2322135166
20272708
18549642
407091561
1391433552
242878265
2188700951
219622865
354939711
288459403
311743837
126385472
376750948
549087523
264985955
629284277
494150403
306124870
172500002
575587832
466775713
50812309
22603575
482828098
1560544189
624993878
543505048
235629655
246501473
218106264
374236468
320181948
181443996
610100367
332843850
240607034
1860340879
304067741
829483706
287156289
377663392
214835053
315868897
339399212
372702992
1270723393
57604891
173602108
565094585
1447424618
408792982
520394667
2465151191
350071319
2439070478
320090800
30353562
81476274
291874495
492548807
1358896512
71770618
110795950
350333898
310182605
220758998
221103083
299236189
238653366
190003712
323313140
393395597
1973392778
460555733
109258179
496093325
2155560273
275565626
42647064
132113952
44609794
1110802368
478570269
260488816
391037628
217731447
418475533
394219671
812504456
1120026776
308730211
22839533
1599439136
373044081
1501596822
226271133
284447843
291682004
389766275
335568637
835052700
394702934
205216120
337871777
153727999
20585767
400927192
303183117
221494864
82961527
611989640
379654366
585697029
1328528280
1274322980
258058020
294227714
170477233
1713834890
566660685
55088941
243143095
298625266
2484763091
2490161045
1412874709
91196146
461133829
259409253
249596725
415667306
81925112
260421951
271897605
88201258
95990454
540117455
1893655279
2457835650
28770653
1243717033
2428358207
354174644
582154231
334091539
1932059346
1316460998
202355621
335209247
526614781
531406634
293145987
2305292244
1070432474
2432382145
425792839
239862584
114478739
223117798
2353589803
338588732
874268460
2227504750
485844850
252784089
333454446
521719359
1727730848
710364319
337916067
2354890650
19077310
1917845011
1130343252
983403690
2293437553
625063598
1220318370
544559396
34916712
471451216
346623410
288733243
2443696099
2438343876
2477062049
2421876253
289266299
120819091
2238090182
523691478
321000402
66096179
448571705
585050226
1900245656
527682766
2362832756
1035877334
1154788466
220017098
17701948
248528075
510729226
1253541931
241967152
85687659
841980906
19807988
475355110
500072903
564221861
360695708
491550116
2163638373
2180951635
973660800
393378879
270106206
1227
1166729972
335242336
43824175
2249043875
179239665
39818318
1864919730
480730546
161373256
392072575
1356767635
2258377023
144140961
827113782
130939609
282639035
2431108770
482766557
915481327
83664518
57784601
408060065
195462419
176922743
1961572266
42415376
254764225
2303190477
1979635999
2435929981
1355938572
2331238332
2180839005
1013048336
371025181
2282296002
276155593
25343002
1637738418
553782605
74725680
800857742
1626322134
2369603672
2433040518
941842752
214991992
202131572
1126133816
2398051465
191153702
221520492
137279056
277469745
2396455638
388681775
37463194
702644858
395988628
2460454733
588632382
286402719
515417708
320867433
222900558
924601868
479317775
21251658
26191132
614169183
593071659
1281727987
619221431
61771532
625627262
21748871
130450249
2317794097
636277095
2433980837
371722142
1035668678
562276930
470388021
442681414
2416745946
2357374583
558766148
355888528
41199396
24508487
317053050
301964345
1015240230
201029302
387401153
294285982
25920178
289157338
349635975
391995476
2335310424
257307127
626783740
219857674
2269543765
1948088936
91327726
792439304
294260646
2398529828
181620013
898449260
379282070
2364623534
2431343803
2245818697
1687866828
831459576
74665597
278893600
371823041
296463080
44686984
296851120
377299206
285297324
351467868
856957980
743393
209000762
203907698
282570148
325105569
344727767
520903248
221610966
251572881
610422827
2436700637
510305855
523595513
1925708444
1938255679
224754884
133710425
524406566
2384906616
1664231882
122357484
324838987
70608191
224236446
313465568
2321413173
2390208517
1274027965
223610689
2384138814
712557451
479700538
419889506
161184492
1034471706
400243277
49448883
164741730
2254998128
100099757
377439757
2449738545
1242991640
146864358
714057541
394291448
16621909
1676116286
193200470
220089927
325023661
602075801
582112593
570773790
757459904
549025820
19417380
2422416591
390835322
77972078
105580156
1525342994
2367699693
1239233089
1433290350
333026041
105149445
504835240
1731470018
293051924
247259247
171855778
239357911
2322417439
603911441
1061024035
91241194
462358643
1387707384
267246870
631286518
393563424
400912954
342975571
425456752
581521981
92345594
342228984
484889976
273643371
1053298706
510618100
392231055
497330020
302548326
2338655275
241997007
481182166
18106079
2426050347
1705405693
123694569
46390611
453248164
139504127
180051800
339984340
2397709153
573143849
220471093
1322584074
317067074
114419052
908557196
270669905
461116508
873404995
237672287
558996240
525867748
470569425
1129118395
227065824
1455435360
196142998
613328469
269402462
374191180
161672840
223556557
166678884
285191960
1384310318
280248513
475178436
1536511146
496184898
883109106
393990004
240376280
719981485
271958613
255550439
59191261
130257960
2178786786
35613634
349026793
1940411786
97401716
1428993445
2280385927
1911583170
372762055
242705268
623668130
317374566
2327836470
2355209426
1474676701
546325899
240381160
108602519
416773757
281405548
138889897
253142629
2407261991
324458044
43087908
251760725
86294875
1513709035
431581133
1637741876
382983244
1628680093
2371704753
475881862
1406164058
2379847675
100981475
2225065077
520392452
2190330509
556948288
444603781
34314217
1323081655
328558967
1137482556
1411481130
186896490
104000482
586953704
945972000
157880250
415765199
104030950
266666422
626475624
759778014
448151423
1898188484
2401787093
757469286
593563051
2384409139
529629333
580828007
605481811
1691534875
272895159
586866801
1374253782
566730937
1127810618
586806215
346588130
2384268510
396780716
2327485593
777119288
2411292741
315971132
212574850
25021718
21761933
512548298
205063082
350208185
2312192318
347440154
884556660
339894938
1640035183
2362387922
2367407467
475424304
2279054798
995635939
2369762383
21075866
625074649
140889919
23748476
931381039
65710650
486511677
381743368
2358768704
292149884
2303615032
241953094
505719714
246342981
2229263831
2374493444
2332263019
200191641
1499140981
625930988
364522057
52613589
2375206170
392282797
14071624
829382700
2337668378
45881320
192889584
1942390147
1156606543
363886938
439376662
311397003
140189423
311369291
285213721
2371362520
978725024
310331187
397240778
2183671155
608521150
722816430
453200638
472376812
113147130
710523596
630102647
292317894
356923611
409518299
1976317909
837345210
962262457
289044124
811475594
631167942
285136441
60052139
59854058
375806410
551485800
805135663
586941960
1961153629
852466388
113072337
21333924
307025340
364772289
288797339
540700559
383189680
716931115
2311642674
1687069806
2357370065
1401977502
1002361316
2335924922
2277146868
1092458551
1716514159
1723155176
34204774
718429018
2357994990
926010278
281046570
846267282
443645428
791640085
853032998
868749703
227030614
58486649
221888720
463503668
87230233
288205043
2358040933
305705712
722113578
869493038
983928468
252404752
352489769
355107783
1944944611
214197199
338289104
128333599
247390755
226970555
115457420
880197451
220695926
404274457
127893538
792517436
907024664
1637170140
330674665
2350432884
51113746
16617105
1095462822
31984047
268557904
1539309547
311136334
2349835358
384914547
284458583
254283873
51611980
61628513
21192160
2335959656
584862014
516656851
26375984
30849125
396029587
591085978
266783741
106960590
259388254
268498329
311479586
398960607
108676415
288959105
211870642
231539822
336135436
520936286
239109538
2340478177
140512944
19142553
67056280
185189001
137767359
413509852
305012045
27351623
2344199461
137483929
461452242
374530910
244203811
1897789315
101529415
1240806565
35591064
253992011
154993327
368416058
213829519
468284960
600007670
199875767
247927729
1498193125
311966688
19305953
437500980
2320845246
162835056
198903775
293795817
188307196
1001335878
248610481
2333991267
401705831
47407152
2270459299
512487789
325037142
266460004
300933277
98340418
20506046
457760108
333586917
309073407
306784244
438789858
383389852
241366670
243379581
966598232
918525984
248641362
619924012
20347039
370566479
453318413
432498208
279304802
365654798
106734024
471096720
311671425
32796350
16335750
38178000
1372503469
485940769
297812033
717200858
234860263
28085120
441051684
121290332
2327538720
2194442015
1222822422
100863385
1120135490
798855986
2312082360
1891517971
2333894281
284102635
237485853
110775695
1160754679
73723993
108948736
728409284
335572080
1086506659
2335991643
2174195294
51726125
619352055
312973872
287080669
75315484
16503863
438560837
446653343
263919919
77443241
273383720
299593898
625752262
2292256344
174606783
290715673
632904002
184795680
478688832
1978338866
485735597
316891103
385106470
437840178
1080174666
42285849
1136344890
1482595039
235904400
434386638
2339518525
2338138503
33327784
38975905
2209182691
82357719
1115908986
51403168
179640735
308663630
50442934
1165122354
128866544
1957455847
925546404
167529826
867474336
338078952
55291281
19852643
375951316
553836546
206851694
35827190
299737895
1571532463
338695646
2321011977
21505444
1922121210
302175350
575644057
444487887
258969870
1160779375
19898970
505201211
36322074
252614658
35971712
1586795707
28195099
1623891120
228493493
155865528
721801255
1260778806
2318038894
80096082
20272442
491006182
29630646
58308107
264720674
2223483019
505060908
1145121337
440691833
619436055
254136379
1602859916
555906489
190544384
245522299
427023374
276104740
457888628
2214039084
438913949
17431496
335509474
271733172
432373903
62844057
279119292
219295651
286267840
435445863
546661661
2317130971
160455558
126497507
226203020
1101457340
589815113
341727585
22495410
859890757
146142002
1496984232
307829690
519359125
861277874
1157235038
291803008
534468548
1404706640
81369139
1725407928
339807123
14498145
19475636
586122153
22570964
251769429
15010622
509803416
91473221
887008686
395607812
1601444689
32842404
287732332
403554232
2287074505
508626475
260383846
1362762590
2320636681
168267016
356750843
234016515
273526042
399679651
16927867
339815310
64696513
316989287
2255185543
254829141
15674570
717911269
400350243
579748166
766189910
536578844
176750492
1674441379
194337826
546052931
2317101480
2317308264
315929557
277314444
425968334
221322765
51226813
30956464
221915953
911112289
1091514960
1425998576
982211006
2225394749
59863914
613402156
1269601292
1727081664
621273565
279732796
2305786115
127522281
102248438
487025253
57090399
1194924343
329924799
272118047
462359547
439918038
377590727
376657629
386516482
255917425
274045941
360145712
182899885
1213881488
2251836301
782761639
482737490
2305448467
980547781
518660289
725990558
119080750
534718503
321349160
2225782308
2282656740
544338687
1643108886
1203861307
859451088
234968386
123625903
1150498994
542353773
39868482
370178698
248487376
536680180
1904650945
229088419
730536440
806424948
1459470829
286821432
726971197
613309580
313236953
184747799
166106915
200405746
1718401146
219165311
47436261
228830863
293152863
321607679
142955689
586776179
18579666
421094227
1919735460
2276289348
2289828357
212997390
1333021400
1359069600
233256549
400047367
1013023872
87224508
1867607366
2276337804
1436421013
2172457493
348774139
327250236
1729746554
631396552
2289551419
489589242
1331765412
1009133892
392644223
248187200
760350901
353413082
1164203570
549670420
24869651
129746620
70330876
486747928
352371697
104413966
2273237684
2279615509
863240480
554130242
293266228
394605708
74266992
2185195514
1700741808
600418533
246118150
2263135685
888931358
573223107
501088032
425746933
75869779
308524224
249287193
40824106
413315691
2182295711
222566071
2232348658
417324518
715812163
401509592
1481859727
2217414863
1703993251
490440581
26753163
19850521
54430133
1694017249
2246046581
1828591430
71803210
235882870
428550246
1142801461
57677122
452168811
25863961
242916261
705214345
823764361
79563116
473384834
180413485
483222772
1648530860
1013848508
139205945
1682088602
229396500
570828083
239140072
2255766020
2174370402
776787991
591820458
37193325
906757603
1561279381
53343608
2218314188
440923341
578897453
925116590
1654050332
218569109
564969501
702390827
66456442
174365958
33194801
254152016
322606204
549304456
1272225018
521732022
138753057
331006999
580049665
2161180712
58627169
157721252
1940372660
282959173
288415475
227378940
52705068
428596438
85640991
197450324
247179046
2258150268
794696209
37659909
35312366
12561012
58020123
61620663
60297964
926613727
720001578
150121913
237110773
518652925
765305558
267959463
229442371
97976429
272986012
2209427346
364772803
28967283
1510304755
327587636
897498685
225094551
230195488
1502123059
88313974
65879020
409125199
622272020
196556138
359378282
533272385
424158789
433641533
2203954267
2210155374
369655176
63985625
429667653
1951115023
914168762
15824036
54309135
548708357
370419704
228916638
160640914
41573712
1544635850
136820647
167415174
20720596
1381764504
27649489
2227983348
421405043
73126235
80581419
242434596
413581799
313236390
179519664
578571834
1027384476
175104994
191262848
128529048
1952655006
558070150
95281795
2228336690
438490379
742101356
718019088
585749870
276118904
478454703
244105327
24399778
609453678
440097169
244489743
1016203922
503025037
23220692
159577990
287904827
2213961976
238422173
60352791
2163986417
18066350
57323565
1962458870
1627382502
1725328074
372774757
106316606
267859498
265513962
31111435
1540522591
570161813
1657839332
628337517
183956228
317953892
239936028
253645951
387145769
50267445
1618568688
199607126
271103775
49647999
302278122
2187974522
407292871
280021443
20020169
827216780
335226769
278339766
105623355
309726357
47435181
144728993
291897646
154113120
135234195
470464693
195037162
489217231
534720385
1539483715
264721757
60914213
272038361
2153421665
142867744
1303318350
225946987
724207003
237520374
1460496746
289628424
513167623
236009441
158095844
484853451
1853138299
505099730
472375850
275482512
218266418
7714232
234436474
1895037505
53967851
68207007
270403703
1467019926
299236793
2175081750
1389492222
596779768
151209074
309012924
556051340
310211210
704528556
544520993
151100248
384731020
241805136
1674135482
402373083
1952607823
1408168254
1456702884
534809538
1523031264
847990038
492108746
1043199282
742254054
1190459761
249935979
308348067
562877050
20782557
416103708
441229833
1564965241
271099028
164898632
137033628
1913572358
1409157817
1625681419
1921374230
62889148
431705037
316520721
67731059
240810283
1079692891
180491526
605613934
311958674
898891814
365453770
2203997799
409815880
47534088
285771848
318604804
776224920
145300608
136559298
598547306
109616217
954342966
274533977
525809672
287364687
436331071
1537179864
1104593256
559011442
595286277
1604275722
602729054
364577359
392953655
1460185758
275694980
86022257
1641612506
334938289
203934532
1819493418
232820350
234833051
551498728
2207821104
1071493598
48838057
1495164962
1063646522
1554123708
561917167
53084198
187466116
2184595288
806017272
425685333
262785614
550521302
1432765272
1386678326
503346037
760043790
990393690
228143356
960254928
730704420
297082760
1852476097
2193511727
346488929
537006593
241720058
212919383
272042605
220883623
612195316
64865089
75324165
300241578
554233844
300341387
16479119
22195931
297880854
547160372
545309707
974098544
346206146
1288546657
2194076540
408887189
331838281
20868332
215394155
1323055362
1587345456
1960298030
83770697
1643523192
254161467
1599381175
1267432610
577991892
396589361
329116977
125609323
704672432
55178284
240348854
24783800
327303057
436027345
18002786
85454181
354791390
1576309128
33078955
216833153
992904828
42673661
1719646644
948415609
1291231682
30144524
369482765
61315415
223847564
206139116
81757278
196236053
1399494930
786197083
31225889
295072308
293164368
397081456
184865200
33180930
518806063
269011823
456021826
1682831624
379325914
1131047568
1978617421
439413066
274433244
974012136
92994318
469035048
1453477993
39735197
398037193
173280156
589638527
354863947
277494793
1038035168
198881787
477204491
115355234
33843985
624709871
343899568
211599844
1603779067
490939580
540045606
161973452
591802850
232390831
157023757
282419969
233701005
1959242430
378793831
16616652
403499930
599480465
966620012
223521939
202284197
455030116
274908675
235329286
624943742
303108259
217141400
76945261
1570265839
231168791
291907527
632004709
214582030
1338729889
269827653
505559353
22014081
387876693
525654766
394328880
470870502
55099212
743526325
248774660
153146461
269014415
758271012
251263909
164121847
91314775
631120452
398340161
424507713
88526690
1342175694
866223348
424370215
42188428
351045720
342418939
716529631
958509926
401416514
227077791
273639857
18085162
394799220
92524226
432898200
401933101
1619930719
1602843936
531200899
157707666
372764617
121857941
1223018713
329296253
412983136
242188512
569188791
94131170
160189368
55829329
271981866
23340911
130705524
445002965
416942708
348288633
210819577
235606021
152793941
1564134073
363102700
623198156
108401529
489522729
333604578
186202019
34259850
235960160
46732227
225840871
593162272
797879310
261433674
150178926
1119896432
455377205
51427425
567487830
