548556779
130278252
105688052
256651428
3386600902
635123740
778882057
3388410460
2303351288
3371920739
22023030
20478716
2402497014
14741250
52196137
1547838528
3294301053
3214393899
25728193
1219515175
307473307
95685725
2212554618
388850360
2252866284
2829821241
292354083
19725644
2985917306
1415678594
1868925908
1241263495
19371346
2303259258
36346494
2524825386
2339388896
2854902001
2329006532
2826284929
583377398
2493407430
2276551987
1013105528
21285557
27924685
856471832
15521075
116867280
2800364413
11824072
540812894
14172171
2768055348
36511031
37861434
204832963
2734923320
2557915058
2385659558
2191109263
390731779
59257007
34552656
127910801
2611946058
58389962
2577076094
14589511
93473293
16172894
274590281
2178012643
109732544
2308609188
575932743
1565839604
260907612
39282190
232160423
1110167586
200434844
2252826216
147786817
1908083293
2335386721
1514480461
904391540
2375288959
54430133
737477204
14085070
50753411
16061930
2177797945
15201021
13649002
2187906247
2293115336
56564230
1205804958
2342928961
2291922591
2284945354
48306404
16098129
1727453592
109434119
267324132
778427430
1060997204
532462950
146978606
8779352
149706579
2233154425
785811277
363210621
2169023419
575655913
1222964702
17856025
189319837
136406719
578082150
14485018
561297215
1425644274
405033226
713648564
2165843324
266223488
14043142
124531889
31936449
1949299478
489046545
569734172
23561208
1065549613
41799721
223529798
53893339
95363183
42558652
43848067
374378875
476238744
77829137
156094303
15166857
1297496473
1390245415
291824300
601697103
38372813
1040758742
226691837
394320303
1599539828
1602694842
199737585
760065560
514806103
22737278
318053222
269700525
621835593
320210499
1241433806
443206410
35862569
468527632
125695429
14206865
390763447
313939160
378272434
945527959
62183077
1411663369
256793538
1402183777
1235031679
1330457336
100074798
15755223
27234566
1321702316
48695135
15276911
262365030
322643721
782615960
259050470
16906137
52133120
200634860
108655269
14324284
21774246
7431072
466062053
495517322
33279328
39694489
130902749
44732412
33277722
32624460
93244606
16656236
730583318
103130238
11344702
237409428
615157718
113740810
608724203
202968305
479856619
17814938
295513152
87198154
633471246
36814136
319770079
384182912
314758565
17042078
137410173
18089292
229711796
20406802
107174526
268297887
169633285
423556756
18284047
27143494
393254635
577178402
20142273
285658202
29575969
83987145
230944453
13784322
5762302
562328466
232194650
390721007
124237063
768562657
8266782
336124836
751187245
82238919
29726578
496047389
543876839
180273692
212299083
177005581
406014990
26616462
563832086
17424053
74599038
58756672
292530936
40221991
578473908
438802417
216793572
30005585
135589569
617133
492806249
19767193
56685979
14897792
267305037
85906238
15496407
19734832
14162706
228586748
386869663
20626694
91951516
480029149
369574945
427062492
48966898
82985064
123858892
462075739
11388132
19843630
15757880
111020569
18735573
143086518
87569989
70575645
17293897
334147483
14704086
14738561
41592143
210672830
297719472
116877838
208988759
325138382
8953122
233171532
293116923
17221246
223560830
17061155
183548902
46300208
32427234
18622869
163844242
95245460
59855448
2139671
82336717
32372834
24223641
30104882
161875426
20746250
20971256
45373841
15862891
19416598
605643
23864373
61585596
16129920
9780512
19313995
47459584
137836269
171221404
164353656
145753059
20444825
16731962
16087177
39259078
32615991
20746400
78750014
37732219
46145761
34222024
31461371
63837338
59221014
57444271
115963709
17047208
21237486
19399667
21950630
16629477
22462234
16817883
62417016
15154811
57141013
16112736
19581702
14834878
7973282
13280902
25593665
21166991
20982894
14115265
15854998
