21077099
15704971
27905510
65264272
93963456
20265197
90746363
21941177
53411158
18157065
20503926
9628542
33384076
382373824
185960851
3639401
109642073
1428882980
30170815
243873031
586969334
20722320
81700833
53919109
18572452
20810335
22458458
606838476
16037051
406688835
14879434
237435487
16312486
739809170
635712800
469885689
244259766
14148802
2978962468
214112621
3142945801
2290842936
44257343
16153839
16910746
20600091
1083851426
580299709
151767507
487942988
287547999
68461211
174654182
1694040764
52529345
32765534
10483142
44796045
252494896
2793106577
2872054597
17813980
21592385
5745462
17469289
9763482
87612710
17455195
29450962
200272426
39193481
14914613
23019003
143621769
69103442
110974198
74130577
1226217224
1411257175
441353690
16536844
43230234
2165153857
129679132
169970643
97327765
14188895
297042983
2985430255
15956067
64257956
14057743
16211742
169222815
474339101
2916876618
1216069298
4466581
513884395
171302653
25172355
17685505
1594256965
18481728
16250929
95297779
82749412
52422878
300392950
16312576
427475002
586198217
17230018
436266454
5943942
87532773
373471064
85426644
3963481
95731075
17874544
6604372
388540227
1135512301
31127446
16157855
85131054
18172905
15931637
59130623
246789163
23330612
11855772
2115091
28390516
18559380
41867944
836838026
72564346
249050928
15165493
18774477
6039302
143141524
18034241
2188931072
14090948
11911082
40297195
16913258
10140
16152163
253536357
208442526
599632006
8072532
484649314
41474889
37803666
13267072
140844060
1581850604
19549830
387170537
337242615
243714602
248837857
35108294
555433957
356606989
20737911
5743162
28140646
16334857
15110357
11014272
15281391
624413
25053299
20562637
19546277
67358777
16184358
15134240
25534090
137195253
15295503
18161602
146569971
1581289837
2477802067
2349160002
239964092
487030881
21704792
14216486
20700365
35169661
65733755
19928703
30855079
31183437
126146818
221270075
14887211
12834332
30142826
8241232
17539413
32359921
2893971
1630896181
27000730
824157
9692022
15964196
15865896
91225807
38902920
108470102
284304554
24898822
308350555
92624601
78736148
14886344
32296148
126146207
969508754
1375526088
122389904
173612567
52463915
69613737
259164296
584550174
545487350
17407824
116958357
373437924
531599133
37528928
721573388
394338044
974198828
78631550
428872967
17378574
459799785
14540264
17433998
26329195
6352012
54450184
230611723
18459483
613937142
107504277
17369227
7563792
197978686
385544032
2363147946
829343966
838620967
14270650
229518069
15854730
827495922
16608336
4345931
20021110
192995488
229271939
256664942
412146250
21960929
162187799
267921808
1514440494
11856932
282735852
16457400
86141342
15008600
2471516070
347599287
116880409
357599984
352048945
15241599
28176387
411268975
424068984
35774727
52351071
314044932
58550415
17134268
14304462
562585357
91690528
1569770976
17916836
64494464
17076173
419997382
1634157764
1876900399
420006601
59910734
39589819
73527999
79038301
1708068721
14481365
2417893369
373604983
1316672252
36145854
18620654
2267241
2365158265
132278906
620742728
796716343
850078261
23407415
36367971
62396200
279158718
436911040
399701666
437092941
321120635
526427575
234997523
555254717
154473424
21253742
59568026
55072633
143454744
163633469
218669536
1624027328
349137313
1669988136
938461142
2417085025
243419708
27973546
893602974
19521983
956763276
341250146
1579182835
539732451
17108221
1529169336
1921537580
104638313
194750628
44744034
130878688
1532655480
219907129
1466035633
9640862
180913337
1641924980
460699369
58896612
2342339706
598060279
241964676
2303751216
2347049341
14892330
369102008
389155497
369633643
19936820
21406041
14967143
24657506
35652651
53286916
69898513
100420381
201766091
215779435
215883312
240003840
261877537
350597282
360945163
365797302
381664207
1089790584
1597472876
1643892853
1684234034
2395102530
2395726226
2154128714
45831662
422150704
7221
183008734
67237527
22570224
15423869
77081218
2176738226
113514650
19951542
1698962838
10081112
42574718
814296602
285900556
269424403
1598907878
44513878
1924098218
108474241
259953357
1689410534
19299726
12561082
28645968
500199249
378749192
2163559891
314082472
870285050
26281322
915514734
232268199
243271477
213795411
37666984
17078632
90484508
476193064
15173859
93423589
17572475
255858570
495486267
566019038
1491330559
446539807
1623581762
394055038
16465385
24972827
2992751
244701234
181419468
418444977
1952344837
1634066785
28576135
66369181
1074480192
148529707
7334402
29442313
15442036
452758461
72487558
58613044
21005767
40367336
48356699
495344865
34176154
282730483
198934787
271723158
778352911
1152267792
67143433
1007427595
47160314
124087958
43211075
621441464
1686655794
1706128824
1618250575
278776049
106537954
1320536318
1674473282
1706061486
1093090866
1339835893
1178700896
1653973885
12125832
1708516686
51345866
1329934561
1606631874
17681334
1583642803
1671253248
253738051
1365085326
1621678376
329025685
752100463
1636486615
1648309885
1686045558
1671561595
1671644136
831887047
1509389371
1618198993
36736943
1563862536
1618017846
1633581782
69523846
1633906632
1488526939
1526365140
1603185624
14329880
409446843
327155658
1418950590
109696374
49459666
1070177605
290268173
106312034
160946337
161023696
18423137
509645509
558468876
143652251
836256588
76459927
255778962
1544559110
341251022
9785952
356001513
624332491
98225576
22681393
1468122278
898268708
356621371
16637461
1507251889
797932608
17612720
1480484899
221895551
379218962
1345931581
467200647
838562820
23083223
19439718
122504871
204442549
1486090399
28052497
1486031972
1452690620
308751479
1450007324
1465363350
14447126
41305559
919373695
19706851
156651229
121623987
28176886
1166420300
269531852
230858372
60500886
109121357
222218135
360167138
39659684
204503119
28374202
1983491
141056781
392866925
43960627
61009451
18655372
18344457
73808046
15514266
159586103
16399949
14062180
1380300366
615443591
35773039
16812787
22059385
72878707
17998609
45564482
18319313
220533855
4129641
1330457336
45565185
73181712
19674502
27090222
599454226
22559078
163162704
845743333
23619397
44134773
18597375
31619261
22931893
341670530
21785215
21675256
127917675
47276713
2996801
21248962
33719856
48061607
16558796
1489691
1020058453
116341480
14209062
50660534
448569955
16367286
251892709
207885367
164397041
15892011
435978700
351157948
29760007
26792275
271586770
53429839
14985228
15101583
103065157
16343974
15187032
16001827
385535253
8736882
21114659
15773025
380648579
17243582
287413569
238843647
115710058
331816614
21268897
15446531
15399512
22771961
19185333
16892481
44688778
115705583
18023868
322603418
13368342
69596351
91478624
34713362
6519522
386138275
16109501
232235048
20150502
16954241
19620420
115979444
20733972
8069572
17071048
145430523
1032290077
340110708
544662433
14379429
874916178
213769399
52880327
304202187
94388823
27786628
595909420
377821683
57852257
1018626942
23034547
23181333
147790323
291926120
17091763
54606467
48865431
503312106
493402667
263938642
371417030
607795256
9109712
12013352
34485573
15185451
1273237111
113135271
1260366252
44219857
163559269
21142764
443394259
237859361
46892132
1159372542
974708869
151684291
176922049
403676245
520341709
432789473
436905494
1071994050
500704345
25397074
1228526078
17474017
1169652012
34430522
21840484
301251379
20416406
79190576
53853197
6577642
27308256
14927843
139695871
38530157
18036062
196279268
5357812
15279429
500012905
785032
21948470
37710752
12133382
19725644
34438597
235660300
113420831
21918310
18587431
20182089
20778387
262543492
23055689
544517731
144927688
17820399
4170491
95431448
46176168
27261369
48647966
1434251
20402945
31586980
46470122
13213122
216881337
179699448
297556877
16297568
33142966
39355413
121561250
151295556
26578338
72326864
14702929
29501253
15939889
51594473
15745368
131144091
958784407
53161721
23974217
11621822
1059194370
19093649
175151923
330567322
89052543
16042794
18622869
17625554
130649891
80678758
19270216
284756662
125547081
230760164
34058102
459943056
57170795
106588948
28583197
32359545
716433884
114938007
21590299
14657786
776893195
50094108
266964240
21417288
27726303
76761966
87510313
52474702
339332911
476256944
357606935
16160352
222953824
15923226
612021842
20508720
258885469
28279637
18678924
22642788
76707735
861811464
185360823
141311466
16716721
607534509
13492102
20596957
46795961
23803265
15808765
16581604
1140451
73190286
168295477
9207632
40532762
109612550
439549149
19074627
219135514
23222559
28764456
27901418
868173757
50055701
733751245
939091
30249306
492330892
22891564
131387085
248805950
570226745
388250702
17792622
406632310
351778031
39411843
22730159
30354991
607856488
30780335
155465937
73738640
21429103
59357565
584267027
44480630
783086442
533676705
157690631
353489777
234415805
14849562
325720329
369143034
17626551
466591274
714617040
27745330
349142169
551040108
394199189
71627462
325814138
372575989
498863526
73708365
459784781
27679171
41178510
18148567
737826008
577717653
61306578
19741417
28948067
20290519
31003985
16135407
38196399
250010900
334873878
731231340
604949797
49700792
27993391
569244581
69004966
735846612
21870081
15473958
16228479
111203949
245983319
19074004
553136036
31300068
19041354
362207240
19364819
326255267
276603014
370606971
14261961
609431304
18424289
151682694
576650437
107184104
145788734
30970382
61293362
7319552
235730725
49325537
113379316
431385079
16213003
36621512
61114114
59256823
21983925
25455739
120145555
18004919
552814447
242539525
19024407
247293595
322658287
255571625
365827561
498144170
150861920
51241574
7839892
261074207
35059712
309975660
2444931
13524182
16249259
15723290
14345062
22376014
164412502
18451200
55640472
40102035
1435461
21316253
16006592
50325797
9532402
5695632
362197387
56486952
435175078
443297726
247799772
293012979
104662796
18920998
46179233
16555985
41488991
151164515
294270520
233765599
89843524
172788180
54643600
142762383
16369783
253813562
319323976
257859500
117886196
24596887
18916926
206017526
66259130
27571535
248801839
50667179
143314289
237627239
22834216
289625066
145781306
15711444
113193523
235202728
86158995
228889375
199553243
346887558
19470446
245587865
238313880
16016698
59926185
19731509
31532083
197940788
19960900
123157078
62882514
21374976
15263981
20017870
24710812
25458792
54327581
325001316
6112442
114887629
14352556
114870386
17327596
111517935
91449622
2228091
247477909
382295194
226668044
59378077
154573594
22660941
21220931
69181624
236486752
423786433
47755632
33726864
15736557
24773177
46744791
45536687
19416833
86271665
13862172
22240612
29979814
83590349
16469809
57411021
408777266
369693924
41267682
120557780
214336667
24668317
70442821
15535860
19416225
34968878
26548315
21629971
16441600
17071143
225226797
14739442
52160722
31280510
217160945
30692099
21789288
23105781
213087097
13731312
6332292
1175221
6277502
106794809
306527400
16192333
36873922
19085493
21282353
205870273
105281551
155572186
106291885
49060415
87818409
276101472
248900032
57741304
8953122
46702525
106538921
48754487
40296036
204458046
89792919
240843880
61013838
16135536
319446589
13196752
17687524
14075928
89593573
18058118
17325982
61281816
175624326
110817238
140486684
17918860
14480397
14827461
44177383
16669075
18001007
98237295
188841757
9513912
20795944
22090303
55138885
90728698
150793102
15840909
23043294
19672182
285286838
16789970
15764644
7713202
14372486
15989554
116909076
171972003
136102218
9660502
25543682
25144145
6327532
40947767
182547580
23144045
28752021
134807747
16072058
26113394
19771382
9897392
14465607
18918483
19835035
39392910
38077338
62594937
12733642
25708013
13215382
14828787
79797834
18994204
17222678
130617778
18791763
810424
3004231
685513
784304
17732153
28669612
37534994
34862549
16017475
20479813
19319374
71876190
50432286
14513611
36686040
75140782
68525199
20928192
1268381
106516018
15238932
17783212
74244760
17824680
17631532
9630082
45019295
15647676
71619021
16538903
14498713
796742
31930982
21610483
19489239
71294756
14499829
15164565
6433472
6860232
15880642
7309052
11856892
17990493
15110431
18949452
14159148
14662354
7400702
19658826
30823468
16438248
621583
27867017
23484039
9300262
4970411
22685200
15108702
8839632
2836421
2768501
14669951
9411482
14224719
6107422
16973333
819800
612473
18665800
759251
14173315
742143
15754281
28785486
19701628
1367531
788524
11857072
7587032
2097571
4898091
18635982
12528
16017472
20466215
21728303
73147282
12089102
14208465
22582220
21912364
18742360
12796532
966091
767
79758023
18510860
53086294
19712106
5402612
2884771
3108351
22650211
19923144
5988062
18170896
1344951
10032112
14434070
17006157
33792634
5025281
21245863
28163914
17002185
40273898
18036280
44705716
41429340
17270262
54684270
46219304
155
666073
9267272
14339319
96846736
6641652
8491
17462723
18713
14274132
46706256
14760755
16827554
5357612
83658013
18068507
87011147
82654654
19802879
3935601
14940354
19571058
45708902
14125938
14517538
93957809
66148592
38076664
77587944
16317567
22537119
16689061
17009124
20205776
37759594
82949174
64584927
16331065
15441623
11306582
29403375
48454740
17625473
28872567
11616772
35623652
17220934
676203
3943871
23830051
44777959
14956543
14166651
817462
257
63491431
73564616
18652755
19947998
58589978
70489839
74840006
21431131
41877671
34013662
39662494
125033
14211605
16114437
41073372
28144220
16016427
688583
1877831
1767741
5489932
18954848
12750422
33842370
41980825
67457780
633
18681934
10615232
76975791
41044471
10926382
11656
28186908
21258078
73998319
16553826
16150669
11861602
45762442
17811617
41418040
51916936
75129857
14533562
21136771
23176531
16523747
5389812
21045659
47509388
16814398
1199081
19720656
16039183
16739704
33620284
41035022
65058892
32842391
31483878
14764871
15360184
13536382
11360522
23555651
13254222
25343414
15330834
71256932
26161472
9931932
26427495
54664373
2694621
49528725
21012049
67819221
14823488
13520472
30930928
44769565
14646251
48850408
72441936
30057436
21453771
19373253
72357379
8492632
15962573
49468991
29685436
25348186
16189797
36781202
15966353
9933922
72279716
69689255
16679305
20398450
26928635
20557244
35090705
27805581
19052302
24615166
68832909
19463109
15210645
17685027
24185215
33248393
20492613
50848248
29395567
57538368
22717238
18385525
65121880
18662742
20777104
50842718
34397144
65415178
30552597
38869078
22242514
27788679
71730792
15908610
33592722
35403791
26698658
71966417
71399159
71914756
52566779
49717936
34423859
16348368
17746582
29880152
49196062
15393432
21236262
20844077
20756714
8828802
16831572
19512796
7805322
31986649
29453572
71466801
2172
46724265
17092916
17875171
62647115
546513
69721641
29936598
44267531
14581602
14677919
42389136
32535143
68065460
37796506
20171819
45636972
23626961
14869968
19159450
20521300
55864881
18217251
14199487
33424605
14694903
41828246
26349885
31064493
23670349
23522623
62132928
28078513
22181428
33492551
14256093
18192818
71228681
71009752
42893380
16370597
71258350
37784890
40031287
28059625
42697195
23018373
48495653
62475822
22806358
19954207
6385432
861
60162376
71024290
34484069
71160662
15358984
16832435
24346022
71111487
24789510
11468272
65025024
17634965
66450049
65461668
45009915
18222526
32353085
38214247
8019252
16458045
55976002
16534819
21728424
14332618
70996000
24877669
51933984
59769050
14482615
71052638
28886206
68567552
63001282
29519606
18785238
21193112
54204707
71058362
15347799
71000186
16538064
16868020
38583898
14372194
22095165
17718867
54316298
31551517
19990561
66426251
24306921
34465242
22472291
15654638
18792858
70026605
68156578
70788117
67248066
30846951
14264093
57473046
67250392
15459908
14751651
27690989
66504921
8857432
16477005
16064742
14324572
22861909
39947886
25630016
16110870
18625703
48627501
25156215
41080868
15566804
16794489
49115667
18401107
42166992
44519989
5820642
15502008
24115895
55426341
70209420
21216651
14987335
21538741
32535546
22433432
17070121
70794907
23568990
70844300
17013995
28621779
13697
28964848
36246590
69122396
32970868
34350419
41864961
49530576
30806429
41171153
23393636
70528403
15201647
44678024
25114769
69896975
68293061
30412512
61691637
22791513
56502227
40893948
18775412
19721623
70484688
20837625
16017221
17568842
69300285
19169107
16512226
43954117
42700583
18008257
21501934
67947700
60455969
68631527
20588914
65430351
30024169
26632316
35716947
26543113
27369123
14744507
41942888
68691152
54783087
20334274
36200806
19045481
15147519
69149755
27554915
70448780
70322120
22621844
14121522
29352303
17730921
40962194
49481642
36891526
49138671
70538454
22901011
49632730
46844037
15604916
14458544
17032530
18175564
29934722
20108051
38366639
25863149
57995671
54488447
12921902
16582073
24212955
29054863
67321989
1004061
23664702
69841024
47003386
44732499
70120554
32882702
22715122
17104123
25998660
17353016
14307116
5305632
14505897
17009336
17602585
30122660
69606114
65903783
70326282
48317601
14233154
57957158
70087678
23269510
23242527
16458281
20844090
65823150
42501608
52392687
23136472
18528595
69440018
28028980
69163407
15958241
14727437
56047346
24720722
9585672
29539718
17093960
27254972
43662011
28741144
29646469
19002254
15911572
18922453
33774236
29436858
57537569
46658897
19519796
41865658
18139329
19457732
14262180
20109275
32582004
43242471
61969113
66627793
63769462
14578762
30685277
33292362
34987155
27014473
69926403
36824444
19663967
14630040
14072746
61712018
70041686
52313599
58634263
69957693
24064634
22962086
36236703
56928647
16887366
20092276
33201534
49509209
37538561
14147755
65583197
33004163
43565321
18319059
26689284
33595521
27191925
21247760
41808731
49816211
10861802
68996129
67449725
41310474
16957334
36266830
18045185
29791355
64838456
63373351
15417967
30098986
17240365
25244306
34159190
23720890
27788876
54607786
3669911
862771
3819511
14775550
21716358
21270457
14737294
64571233
18427709
31392745
22218117
42933653
68360319
22276978
16871227
24412938
69269289
69449335
18164995
69088381
69255678
69158964
23239724
19159536
10086642
48695078
23296103
69773563
23988268
17076492
24423945
14974422
69652833
7260852
19419442
36254837
14689588
2352471
67976391
21801982
24975522
17953896
67722164
23477590
15180860
62891347
21109756
16670353
67962493
22728753
13530722
17553287
58682262
20301721
65189953
30042805
66868017
68563255
67208418
25332594
14089609
18456602
61050096
27195641
66625150
44709518
21636767
16278276
69052658
69010869
29771450
25891323
32754473
67422828
19777561
30356415
20146657
14796006
35147244
16368397
14901690
58789854
69415235
19327921
21158990
45177290
24155151
30970207
49427759
14875084
67962888
17158354
19843175
16195161
17141472
56242639
54715922
18055362
18959129
20039551
41865904
46116453
22091171
5450112
43024990
15096991
69697385
53918965
47962005
68518281
16562183
69758093
69371606
23548819
42723496
22574464
15556383
16345427
14195859
16424762
14482388
45013409
48213517
57412874
39695891
40425262
15666874
18523512
36815401
29195328
69705262
22489176
14505156
59848828
15258353
40442724
18692769
14356282
48217544
52614387
47463589
14994640
66818412
50406326
20683980
20968358
17088410
44002067
43562217
16727430
69144680
14326522
10270572
47559234
69451998
69506464
7379202
42109426
52212494
16102482
20964960
68720629
17183918
21757588
17422164
25545024
31586618
21946709
52365250
18890480
44281839
30887811
7474642
69178542
25436723
23203307
17399344
15167662
63655201
2874831
6182592
6836322
62934720
63477573
14719662
25550453
64
19312573
18745464
69165787
25145138
35702257
623213
46174000
20278813
16043
19550163
17171675
16868740
20600024
31765327
69010873
24276915
17454769
30758727
17889970
17059798
14926615
14102335
36135238
61241997
21845494
15301694
49487087
37695994
8584
19637425
10632442
14750617
14397251
14117904
17852401
28021827
15163418
15927845
61090622
59576657
25768384
765
21114935
32156433
56872769
772681
28700695
20674926
15725515
61862963
66472542
747083
16224459
16531768
7865282
18625427
20920377
21438237
20201429
51573
14160121
6556922
5974052
14365368
15044760
14997726
11615822
814090
17992258
16703774
40819818
60837056
1000591
7497882
62944463
27001271
43135168
40168339
3619381
49889933
15438913
14800303
47539748
12889252
18048466
39374947
6819732
7138532
49880172
14087183
14670054
14399910
14110654
7445642
15798871
8008442
55944417
35355820
26168773
35271417
19697415
23989491
21540725
15649159
1541461
28218602
2363571
808627
20724105
9549942
61643289
45262763
15810881
33978449
17090522
644093
15946752
15356145
22803482
59890324
36511031
11381132
25143932
1648351
794340
15519999
9166602
13029
23176276
15741926
14413370
20646277
14370358
22221547
18216985
53763175
818489
17947944
7455152
31184183
7512602
16240267
19034656
29173114
46606702
15694061
6204
2025281
55980120
15207240
16906137
17954519
32131194
21666896
15692520
58164334
37599455
21348681
14116654
16476763
54076363
17770818
14537850
28222035
11810302
15329554
27115798
56235953
26608843
19418459
43727356
15211383
27824875
21380052
40812882
40756338
16280890
50463344
15067045
48871486
31285982
19737399
54356940
41764193
23232204
55012469
15526596
9313772
28366407
17938055
20945128
3249251
21727051
16862501
64393
14293310
5424122
10759032
25139056
14124272
16786960
14578232
51510246
42587487
14570738
807095
5688592
16071491
19162458
21954271
57046863
673483
46615498
18164420
17446621
16411438
57382161
39823815
16289752
20804580
14246278
24890145
10653482
55184301
47720546
51997021
49836619
29506291
14871172
15214270
6392952
40414579
19946098
20896976
15252359
20207956
16431823
24207733
46566188
29853739
21984509
21256490
46993798
15103695
52993754
23066185
26899729
25655004
12535362
22319409
42236070
16056365
25778677
18765883
20109780
17554712
17203566
47702836
25643855
43284084
14690813
7494552
21503254
33950355
20960208
24492247
17372256
19733342
30351457
28667469
10751982
18433115
22515274
23552159
17005207
17803555
16458462
19848377
23550035
17054565
15518139
12624712
18433252
39062482
19808374
21381547
15393168
15992301
1684341
38049972
14529669
7168022
10863742
11110552
24617439
14289750
16120133
46443118
54331763
22200587
53436443
55277015
44765268
4138761
39002655
13452162
16031984
1307761
8487622
52870458
52869254
1059801
37732123
31003
23863449
23855321
20448698
18988002
15774889
14768168
14858160
30275911
16242016
24980246
36303200
21579611
5482582
19467242
37014098
17450147
38468610
22000337
14277341
4641021
14434063
14347931
39871581
54211164
21055382
14354806
16701027
48519989
38348981
39063166
54573060
15330576
17773441
34801753
34548183
25107294
14411738
30534986
16443393
20967771
16297206
10448802
16216719
22790428
17035051
1205631
8740002
14643331
14902652
16648322
20299517
19729255
14823184
24642335
28785827
9648652
7456262
14885549
8771162
15473211
28859130
26886095
27193840
15396053
27109019
24266406
11178782
9534522
14388275
8859532
19106325
24909802
1196381
4800581
48904145
54736177
40656662
22149618
14063540
2902901
1647501
22069915
52866677
16847994
25469474
19456669
18837487
28479630
817386
6330472
10433
17358318
41208546
22265714
52631520
20245682
18224349
14911278
16059033
14600124
24151032
15640180
5695942
10221
11957802
6210462
10168082
989571
14622568
25071215
26121423
18237711
12849262
46475007
15267559
3549331
16614663
804358
40875530
32510640
10232352
20818801
14471342
9252322
16355411
48088063
15670195
17345021
23203636
36098990
20418158
37979018
9733502
21937305
43367359
21466569
14414630
10621002
14189106
13133172
50495738
26371221
50158116
21318061
25690402
27531485
48155110
47790669
50423990
19259058
32920194
18183102
21684539
23556945
14328066
18798319
15332793
14327577
14368074
28020297
14154272
16213490
14982315
48836822
20710226
32423136
33971020
48715652
853671
15672036
5242801
16473220
27443744
44756549
44999681
39117486
45707239
46770535
47722965
39888753
41627153
44437814
18042635
13763552
14269430
44149300
19248117
15503979
34741439
14991920
43174323
47943706
46744965
16162149
11447852
17643379
20012041
756475
15853073
20997254
5704082
46852946
15459552
14755306
14534212
16028129
37226256
22270503
21267739
20552937
22462270
19280086
26440567
46853131
8784552
10214312
16286875
15550671
22129280
25756257
18828839
29004601
10541702
15677242
28037631
25135956
10292772
22027992
49793
39791296
14074856
37714344
37867088
19314650
25328663
611043
17348618
15905103
16534753
30475681
16564101
14376519
5015281
15395087
15810303
17910893
14871538
15106843
16447639
37587253
15619883
34133333
36137348
11134252
772626
12663352
10020232
11691422
14790966
18583722
14173084
16470129
35574773
4093701
15191468
11178592
6253282
1401881
16490125
34381878
40091507
15916280
36019258
8232602
41691521
14048901
17717287
15730467
2065521
5639692
14675779
7408872
8163042
9017382
19152977
34212052
26614342
14325655
15988175
18444662
15985730
4386031
25447330
24608680
24047612
43920155
21312378
22642542
43294226
44051995
28438034
22584849
16369269
23903862
758185
14109075
7238202
26553135
10964822
14878425
18365936
16565260
17400407
14148963
59313
20876653
28631509
16539957
26585095
26673548
18554022
681473
11912872
8406952
10355
14827129
37759047
19002481
19552739
10228272
17816378
7770342
17957434
3817541
7570912
6586662
23173338
23196748
24385948
25167771
19267262
15676610
5687782
40021786
16680078
20408356
23376171
30725017
41082239
21097943
14138232
15459963
17608730
21885048
30028471
25043294
27600561
32258518
32349994
22433795
17880989
26106309
26114577
10886452
26102005
21388237
31495836
35165542
10072282
35256177
16119703
34852805
16425066
26991886
36900887
37263078
33586334
32758961
37636250
39184377
28235842
38542770
16169290
21252222
24942121
39859394
34649088
12047332
8844402
15774131
18586467
33339596
19105618
34171351
15443907
16482536
2530411
14804598
653623
19254782
20550872
20346956
14334532
5730192
18107882
40965357
16917649
19742246
4485601
5717882
509
8940282
14262818
9527242
14556737
17276704
18013825
19494787
14619715
26892157
652193
14161981
24424732
36180323
21807663
4210
1366401
23851340
14592723
22848564
14345566
14435891
17629860
1468401
17044832
18859491
10760152
25375420
25375098
9105802
16051560
12417322
4816
291363
32628749
18946182
12703042
13889472
32306730
12127252
17173775
23148647
9845802
21987741
16545596
12245632
39342600
17708270
16755977
37512560
6426662
38385306
16723980
30350372
15345633
16089776
640893
11699272
33657099
38538015
18617717
20546902
1055671
18310778
6779912
20778012
17003765
28123862
39342110
15681098
11348282
16586099
15772318
24583430
16449742
25150883
1010181
16588288
15965246
9476692
14100237
15693493
19079396
17899109
32036992
19740640
26395280
38636561
15323486
21523574
17908607
20630746
25235198
35243928
21272105
30116941
16009540
18055737
6577492
17531739
14730554
7313362
855
21769282
37917164
5911972
38222521
16729099
5971922
21782733
38027802
10880202
14514804
38023861
27029537
9084572
14881939
19765901
19997113
20843503
16343600
17384426
10203492
15228931
16358565
22443311
9667812
619863
1652541
25183700
32332762
18887735
32746250
13234932
14360757
12844642
884301
36153634
25444905
26858764
17137418
34710630
23559165
16228765
35849190
36173611
36372083
36425108
18332380
36648385
21219410
20352349
16235220
22430625
35162357
29922155
22670373
33837576
34011379
37721962
26090882
78673
13566872
14602259
8173782
18228026
17436916
7322342
25590489
15325201
19892066
14392064
16002973
15248727
690293
17641086
17602996
1286041
820585
2218761
15654804
14187101
20235354
36623
15650998
37651662
36388506
34139306
37769034
16618180
15788078
14707605
16261116
14631598
15374371
811350
35310127
1050111
18058741
17449749
3513571
17153637
1577581
22576940
15292065
37011077
16517711
15987295
15057943
16568227
16431371
14505838
25162215
30313925
13337322
14845785
15395435
18510489
22097479
18359815
20436059
18058609
19789372
16458072
14949823
19300890
24988895
22363
14813048
24223641
14385232
7083
22099427
17912494
36218435
14936971
9356832
17471979
18244358
14892637
19662223
14199378
14285194
16875221
14434619
33584794
21618869
35414975
14124965
8847052
19658936
5355722
20602394
13550362
14998358
17739961
21664279
14618194
14500374
18822640
1866731
633483
15061360
7259302
17242349
12307102
18101713
22677790
13341
17601922
38203
21311443
6546792
36183
528
22267645
17192540
16274815
8192862
18027614
14763565
33661612
13930412
15519633
6377262
15865269
25757430
15860467
27716789
14454605
14397843
15136189
15655179
16268304
24407244
19387386
17890550
18790772
32721139
15169564
14217286
18198603
19459649
19990511
18081496
31564696
11810892
32078497
17069717
15682644
26607712
18556563
24999538
17104612
21689675
23707883
33535943
16690576
33530036
33245400
33311230
16250577
21470214
28642373
32217896
23286738
18343739
14689428
14585103
31651862
30433249
19685525
31455531
20142806
17686945
21714232
33407038
33333952
24568850
15448928
30491656
33357220
23534513
17297850
25176513
27084802
28526167
33418666
22737243
33470995
31075207
16891087
23977394
3547171
5271891
694563
16778147
3080761
762204
18217459
33267001
31310538
21920195
33412134
24942570
17334713
23905220
15651607
28876261
14511995
31345739
33393861
8215132
25549859
14764451
3722501
18922611
30860233
32784324
32313613
33216511
16781638
19214541
15964474
32251950
32917826
30516935
32902064
33261884
17802840
32883418
15029288
14529342
32819163
24600872
33214610
29761075
32678902
29504535
21362691
25968373
33291270
32939530
32411191
19007700
16288026
33328783
33227313
24073382
31515502
21424180
32127745
14870411
22840930
33244853
33237956
16677746
20941817
17155297
14323417
33039481
23311675
27716022
24175251
32414357
33138914
16278748
32820000
26404548
1753281
1091571
22029291
7006532
18641827
24813978
823525
15469101
16166496
14547546
14587670
16744070
20602292
15780561
7860352
17051066
16026783
1174241
19077435
14871264
19301214
16827905
16674575
15716419
14142505
16274324
16958125
12337072
15000375
9337782
11998942
17220190
14885734
16063762
16028003
14624523
15180852
9641832
646893
15777728
10755542
15174477
12685742
10874882
661403
1198481
14515799
15827269
12648942
1976841
17004618
17194349
756443
14811732
9855242
12435512
4229391
17833833
17843
5959342
14612704
14944735
82243
1097161
1295561
76133
16513997
15109693
17133897
2032411
12641852
1484991
3217101
14176607
9780192
13565472
5746452
23783753
17029640
7433772
14115912
15731368
15224941
18641695
10570292
14216054
4628121
8962882
14165980
1899161
15859033
11384102
7592642
6595682
23480093
23516942
20268333
22802722
23145378
26249909
17843913
20109973
15383116
17074440
16364536
11771512
15689503
19086456
14412533
16297707
14601733
21200171
22387220
16373202
18944490
17889713
10454572
19113374
31519510
22055109
18646108
21010214
19805496
23365014
18313747
14331688
20522862
16295662
21982720
16442457
7344942
1524841
22476321
29232999
20366678
22026637
14957835
29100243
22535018
20030042
15445610
15978475
14416517
9051622
14174890
15301800
20490774
16539815
14802008
19691240
6273762
15455702
18794520
15603234
7902052
15666380
755959
19570810
19562390
20166569
21959255
16247623
18714754
22871103
23922282
16190898
19562228
21984089
21310946
25527966
6125952
972651
15888829
23079516
17906632
14619527
14606079
20248885
18171927
15928034
14858000
2053
20713061
16561129
2704951
15993054
13179562
15245975
18915579
15866188
28675653
22176112
18327902
813777
30294369
17034979
18217418
14416109
16541868
10054742
14651414
18998006
14120507
29885622
27706595
22229790
18524127
23494941
18470556
14984917
30986459
28686788
1455381
15391584
19077521
21269031
13699922
15186862
18399532
14539142
30468842
19421880
14433095
13261092
13639792
15384997
5835852
15349653
18255220
21801218
19808176
18226927
8681312
15937762
18663234
15925885
19815434
7696592
14445542
14083251
17776189
16636919
15652483
8965762
29635987
19671858
18575345
740323
14922908
25864886
18451366
26680378
12152402
20452105
21250891
22398988
18966908
21642560
16830636
14066680
30744829
30342830
14834184
29818929
14688076
28910622
24930820
27395006
16025098
17497205
15536364
19636306
14118029
15729017
17637299
21990661
19520155
28706022
30712334
30694513
15564408
18558899
21417111
15940893
19833091
22455303
30692483
23598618
30240793
30701905
22141505
26180117
17568215
27114704
21002622
8742172
20040653
22709812
28210066
25784494
15997949
798007
18302938
17934889
15070548
19077779
17060529
21988645
9701722
23276096
19792064
19814076
18050279
22086908
14170586
30270150
26885170
13787132
30327836
26212438
20859662
30260665
30437526
27694456
20571209
23258634
28425571
14087110
19544823
18208768
30640294
18694599
17222055
10693222
25647131
29849331
17146445
20465231
20739292
30607376
23126091
21818737
30540377
24848519
29628643
29151037
30285542
30488295
16324373
14531977
7269782
29292492
30010762
30020573
17390390
15729105
20044582
21546475
30334648
29047908
20799844
30609030
24771318
17190682
24542257
1444471
24431287
16173077
20320197
30499450
29547402
13225732
23119103
23541218
19358075
30408852
17618307
30378226
14839084
15496465
2886
14502205
17815715
18064047
23319543
19903355
29098810
2776801
11240512
16269104
16865468
30340726
30298581
30542576
17975926
7592422
15948458
30566019
27658064
30305487
25107669
15612021
19581547
22336217
29936806
24723681
20813480
30346993
14618846
6319592
20403910
14029562
26162368
22727970
18940029
24342796
30280786
21277898
16166839
12389792
19299751
15456404
19935836
20604725
30049631
30108687
27924593
16246633
25374660
20914245
19310266
21823890
12608032
18960861
29637757
23556061
22695521
19502001
685863
17491001
14933211
27350374
30208549
29913149
30080507
18314171
23730212
17416081
14940104
15834292
28775834
18406252
28778881
17089564
777311
12850292
19753517
22175468
5763262
22175936
12409312
27074082
17881937
7516992
14938016
29848821
29011684
14945800
14028672
26912036
30259293
28751191
30269256
23827477
29285787
30115697
17295274
23523728
11322592
30003842
17216220
30093256
29740044
15736903
19629118
30188948
7742482
29992195
26550724
30019333
15272294
17132183
9128192
16477620
16913085
18065288
13838912
30060837
30100195
18835789
21835491
15655066
21771736
28379795
2058241
29841884
28276899
29551813
25233142
16020281
26613536
16408067
21124839
17481203
16724361
19327166
14459952
16596280
17023003
28450815
14522522
27977493
18027197
30175734
17118983
14141667
18157068
22819843
27501974
24253163
28705521
14907794
16306571
25349404
16989027
15692458
30216400
23406887
22067013
30007906
19016081
22797686
21743707
16476546
15598346
23445419
16476977
14258740
17866174
16534825
30008760
14182465
16755850
23677373
25548879
21907880
30094680
16900119
15501406
21777580
10604202
19664432
30012536
19897928
12742022
24958386
29250571
30096075
17721546
14959522
28219186
19308180
15282371
14560395
21463151
21330293
9354652
15103393
15192546
20863166
14478499
23733674
16817883
14625242
12292722
16981836
17216233
11640962
9520862
14558063
14866137
2030571
5377102
21315481
16663663
26642006
5009591
15954012
17907612
15250460
26526586
27138727
18050814
17302026
15237434
15889481
24507348
6267962
18754272
24636225
14839458
29644841
16351242
14210845
29925083
25052480
14651207
19694040
18029950
23998466
16657321
27811911
29516275
26467682
24855732
17373600
17685757
18804430
29622680
16763430
16927621
27009528
17854163
14372633
20398351
748903
26552910
22172048
16031727
22729905
29481067
23255472
29472532
21634693
29426256
17746790
28444084
19317513
22088847
29661568
22018488
14804589
22683601
14454969
17198125
19109948
29086299
15574485
18203752
22191585
28903008
29902430
19993345
25151232
19423059
29331454
24957978
17883186
16556262
29493114
21066233
29566186
29557194
26926294
29820529
27984567
26822166
19948186
22800595
23718176
16614503
16983657
25002325
28923837
20563343
21107926
24806287
19737358
19240433
29421468
15718363
20775688
29120962
29810269
29208858
25231469
29158276
16632110
17389683
29291664
23526189
17292844
19082979
24356573
27849208
28624442
25753199
23629354
16339175
25797556
29932722
26298888
19754546
25752824
14118865
22597352
28930760
21881222
28292282
18568387
15836240
28751080
22166464
16250174
25636718
28848238
29375773
17955660
29534034
23699344
21107950
17574951
29892330
27361518
17746034
28403637
29284180
17441443
15015156
29865733
24293825
14967272
21990971
15749948
18031125
22001577
18594703
20095255
16663060
16645120
24056531
16441998
15838770
27793886
25078454
29823308
28529799
14200687
22269093
16580750
24944509
17393463
15014717
14217442
17448465
26839431
15589026
1491021
29641020
21737912
14401050
7939822
21613939
15023153
15746598
20645563
21329943
20468967
28168001
16096620
21920811
27913076
26936326
18630685
15726086
26960921
24644878
17479309
17447336
16693051
15175095
18701067
20675140
14968885
16394640
5347202
24081678
28166836
29138571
24010364
21707078
14117985
22697683
24199132
15180733
29394443
29021944
19714480
28003462
26816589
22047361
29046787
28809411
26357858
954801
27021851
17567388
16616551
16634191
22608714
28152020
20019656
17952714
28998125
28708984
22449723
20487333
29096408
23879043
14743422
14133368
17105684
15120344
17654954
28828258
14304483
28852683
21268322
27813613
20290457
14016612
19775548
28880831
27964986
14952510
26023801
23783194
16573745
29310516
29275111
17399153
25191129
16538183
26782990
15304145
25519347
18994101
25511339
27111053
29013799
17910829
27853390
16892654
20813112
1876801
17771945
2666851
29290476
21990221
8963072
25782362
14281508
19954080
29163778
20104308
16995207
28948715
29150921
21856440
15088655
23803966
14414451
14572940
14279357
6099542
19983817
22379100
24992304
25489884
15798182
28388417
14168361
17192815
19294464
15885957
23769648
28581930
20295063
27785321
28873690
9772962
28458199
20868345
29298162
20969071
13417102
18724613
29395598
19564397
23797945
25310335
17579567
29161681
21160512
17738477
17178264
21814727
11551792
18735502
19893527
17539875
14232760
26454661
14968421
19634557
28510801
21117624
27601577
26157149
28705801
27806228
28935679
28832903
15173059
21927545
29306743
27933132
13766382
18280487
19844092
29094285
4451961
21725477
27928356
19663934
19056844
28827236
26556548
8795772
21584001
21324341
14167658
24938358
19010696
20561762
20798896
17519510
20796613
20811235
20722385
16247920
4119741
24382468
6702612
25122893
11391042
28611029
16274517
15350539
28630079
28806195
28496805
7304482
28357021
18068937
27802649
19353378
17497080
27688743
26394258
18764018
24502293
22160887
22106079
28801695
19594641
14643996
25480532
15980114
19873056
27761633
18720522
28349850
22381937
14415861
15111486
19472593
17453880
10402002
18444967
21843045
27472337
20660442
21104987
28240460
21105061
28731300
12971772
19802971
27910711
28685419
18114876
22184329
28740856
28603627
18493144
22819661
10980
28738932
27863406
28348803
27398694
27986589
26950529
18158392
18250300
16845580
27685095
28627806
27702297
18810982
10718502
15140125
16338130
28843673
22463541
18607276
27704402
19387377
17128761
24291896
25589494
17892247
23279225
25158692
28426035
27921148
15171664
28508102
27050090
27871651
14066010
19679428
19111353
23684133
21770558
25393700
19498496
28283500
23828821
23685953
24602779
28066973
25904543
16893971
22050417
19739208
16261679
25221345
28244106
26948570
21734686
28584554
21422375
28550568
14458551
26880915
26070503
7353822
28740748
19213051
17261953
26397631
14170152
21288526
18992724
20724917
562513
15951229
28256415
28485981
28092308
22859238
20933739
28056691
21859563
27950048
18189723
20285090
21706275
20549414
23795063
23657994
28703020
24091742
19583657
19359767
14396546
22239891
9322022
19080705
7540692
22680292
17606830
25224325
16584448
22848387
14328161
27698584
28251291
27348603
13150892
22109737
18046973
26282946
26426789
21780865
25536137
16227643
21174038
12654802
14148064
28298012
24823606
24213587
14634581
16408088
19821120
21445834
23833
18290874
15484081
27809038
25977157
18649340
16659229
19556828
28168882
27591921
15161390
14691556
22829217
28848510
20194036
18950057
19724348
25395294
18567397
28667121
17869267
16048396
20711495
28724788
9640912
21433017
19626611
24126450
27720044
28743868
16565697
26448252
19006915
23893235
27718077
19271520
28429516
14252957
2401291
25582201
7586722
15813244
17044599
25049347
14164931
27887606
17067216
26461950
27145394
15740477
27451122
21096669
17167147
28378430
21072250
17846296
15014025
15350258
19093025
21385954
14193608
28113561
28756721
28652236
28466430
16482821
28489518
16167120
28711403
22479716
25249744
28581068
20698390
18826208
28181063
28231927
16093720
28329052
27965846
27992302
28274151
23321443
28738817
24188814
27076189
16954960
28122696
28581797
28197443
22458231
16939297
28391567
23284618
22414871
19681758
19707828
20895924
28651199
28367443
20933016
28504156
28643937
17413367
14620959
20749030
27419440
14364211
21885957
17680417
15404496
24922467
26636858
17850161
20782596
28064524
25703305
14205022
19769591
19617370
15162962
26449365
18748812
12403852
20560525
7097022
14360468
27694805
24704211
17031595
18140659
12563182
21024360
25901477
17964686
27586145
14959078
15342219
23223637
17925728
23087639
20586703
24921674
27978840
21420602
23916513
19213132
20643650
14079909
20952769
17977551
17044886
17196823
14982743
7109022
26530930
27815021
1241871
15978476
27911563
14721187
27225989
24778851
18781618
25579064
24321096
21736838
25017436
17946440
26762692
17447953
14630134
18206671
26689703
25254414
26014412
25828804
24704567
13261552
14392233
21367729
15357816
27071983
28017324
11816122
15014883
23685788
19731868
19154011
5455382
26538586
22239158
15484092
17017615
20267919
21551331
20320022
24867074
19948832
24187941
27462865
27733651
27690220
22443250
27765242
27380762
15680024
26729740
17892036
19275568
26117389
23951431
27741614
24264914
18379683
27436134
19235655
14958083
18634085
14476170
18876846
22513728
11077552
15947471
18545492
20888847
27142380
27455479
27675114
27458983
14644465
27371815
27572161
15381868
22704560
27210200
15813119
18277624
27619249
17301274
14190905
17468168
20776867
17196706
27450502
27446455
27556905
21064891
27525207
25628076
22696928
16398881
25393802
23646620
27053080
27339729
25172316
11258682
27297243
24940904
27299655
19244571
26407578
18745624
15263092
16876520
27319134
25329401
27071369
17172369
16260228
25290754
14230034
27594836
16374912
23634586
16350159
18573001
21811175
17435580
26875133
25468817
20512053
25076546
27640702
16417568
27493849
15633461
27586366
14411304
14949761
15897388
19239618
18575813
15152239
14461140
27187218
26971355
16658609
19836772
14630974
18324934
19912627
16643701
27368166
27362804
23069801
16658202
15372258
14281533
27401408
27407712
27247544
19373808
25111311
19670388
25859790
10017642
6214432
23535848
19613514
17378219
27344823
27347950
26983716
27312902
22816138
9628202
15018352
26354101
25001272
15972806
15615159
21248182
15293853
22425639
17267391
17688422
24605443
21174239
18931299
26050467
26307351
27188538
18876483
27284203
27279413
27293154
22211579
22993439
25860529
24887308
24106749
1089851
27286962
23158279
17929038
27161832
984641
18733949
14067410
27010731
26560610
23215119
14691845
17765599
21293209
22217869
19974061
20020952
27074912
27040070
23918921
26484255
23128024
19165231
16484635
22525957
26838144
5347642
15446699
17046503
24868672
20809636
27145088
26530008
14610858
16703058
17773879
15426458
26828306
17671550
14436418
24245622
25614415
26951833
15233145
16100610
25720792
18510362
27038524
19724631
10880812
27052364
20194941
26627623
10955092
26261972
18946669
18958933
14563953
15225169
27093089
22222296
18218762
22981746
18746360
27043547
25217941
24519390
25710923
24297980
13257052
19242789
17594359
17232931
26586532
27000152
25635187
20024197
27035922
12568642
25405148
16255515
26610136
21262682
23781117
26953603
26951960
22355385
25300422
26941515
15101327
15949585
14810356
26635561
19243059
22588557
26623154
26341701
23812839
25220054
26373257
17365654
16928385
13458152
19710556
22327740
22580578
21557943
26775187
26817749
17702453
25853846
26945377
26178737
20894973
17563121
15936291
14544759
26175783
26904381
26657910
25124970
26118409
26812246
16967032
26566128
5945702
12402652
24102232
26880117
24773821
25357184
26880932
26867369
16025392
23697661
15605830
21921231
15076041
21497568
22638845
14286155
22849921
17370376
11999902
15877421
14096369
24973612
25781219
23766113
26787237
21734784
19999971
7933972
17289866
5566092
14290415
26779229
17028015
8743752
20626879
16543060
20170281
13739412
16043241
21533392
2847471
24033823
1772741
22303547
2797491
15683676
21040668
7045962
24774838
20528401
19930622
8036622
15283008
21837261
22954839
25090753
21894441
26434288
18540411
21477523
23289718
26431171
19394212
26346360
23073692
25074986
26204674
18317199
24507412
26571858
18280913
21734993
24932461
18898837
6480682
17079514
19724393
814304
15239021
14641182
25839408
18354685
15170079
8251752
24628969
19177043
24401186
22871117
21916985
14336677
15121520
15516959
14433072
14045824
22030867
21144947
14134037
17912605
24959190
16139049
16081457
20264383
14178883
10112352
19248396
22288131
17417859
17459808
16635492
19602746
26597133
20579470
24101224
14240213
26622769
23876308
21613760
22217418
18704523
21393453
26649072
26631272
14108509
15590279
15590279
26556385
25041138
26615176
24134555
15899573
26153880
21729504
14664530
20211064
20166640
20531247
25575410
17812436
26536475
25122093
9739592
25938737
20278545
26619531
26547331
14274482
24307318
26372736
21808507
18726662
26564881
22966268
21145350
15385529
22025021
17530542
1403261
24196869
17036854
15953279
20007522
23840895
26583131
20284830
6667372
26546165
16595837
16349332
25661971
20564329
25256763
22532784
23953095
15871917
22039126
23999841
12255352
21195026
25273638
14344773
25281419
15928422
19858697
19083363
20678831
24848106
25972425
16747304
25301251
26488277
23424483
26214179
23628148
22436884
24657560
26113844
26435124
26351001
21850383
24198356
14961506
23255023
15654413
14894013
25473945
113963
16065062
19579228
18230322
14663704
22444698
18957846
15603320
15627479
18219621
15852295
24362769
26159983
16912739
25581028
25591367
16818512
16827901
18637884
26252167
26192265
14424445
21747993
14789316
25650438
15008558
18886090
17671589
23043526
22746322
21149217
15314416
17066992
24908352
19996031
21077901
26333909
18353944
26354819
25520252
24609747
20015250
20826699
26414595
25806582
19690822
18593462
20027150
15117512
14845822
25547359
14410574
26150512
25635926
20752677
21323761
26133144
16651550
2794621
16535885
25198294
18383469
15988941
18363255
15147261
14469805
9646872
14539213
17692869
14166533
19772275
20763965
26186349
25657285
26052745
26167493
15029303
23032421
24352745
15717766
17143684
22848498
26199239
15303003
21541805
26180901
26197220
24497691
25775284
17709117
3822771
14424943
14736220
15743601
18165715
15318733
24084375
26132059
21214718
26156989
24447643
15222375
14204183
16250319
19726707
22984215
14071249
19174312
23914798
21365269
24500320
24917921
16358931
21052079
18336549
24973535
26162518
22310202
16701267
24610932
18949187
25751938
3339171
19989138
2777641
4903551
18506744
16816712
25799600
631583
20939231
18559378
25803114
18312725
26057323
20031862
22135326
15123375
23735797
16994507
25706298
14501798
24384952
15240516
18673999
23737528
15101232
19855260
14424949
16579300
16033993
17707250
25781464
17086215
21275774
21266732
17291372
24174491
14955905
24907640
17460722
15710384
15275109
19683338
25987826
15146902
25799076
26093397
22491155
25130027
26084979
16563957
26102955
24227311
24540826
18653411
16392759
20854910
24381685
22335242
26111537
14429258
25773712
17467862
20964606
25788954
26064671
11571992
19665312
14095663
12997712
26009264
17025469
22072766
25275729
22440330
24966357
25854901
15063794
25962164
16228482
20611981
15359222
21700536
7745592
20162766
22576296
26028745
14331452
15011384
25628094
15222011
21593087
19433334
23267408
23622657
19923873
19944896
16453675
4540151
16527805
7480172
16296057
17751795
26033899
19023319
14065898
17924595
16150565
16846200
22171144
15204943
18433415
14552278
26060210
22091557
26058428
14375970
21600576
25323034
26059041
9564442
17758302
14379871
20743049
21978438
17644871
7861092
17473078
25870643
24686127
23322775
10884732
25078038
19238145
23038215
15633539
19262716
16355799
25176282
19374576
17728592
25932409
16598853
25933742
20832626
22273416
25830318
18213062
2480
14763077
16060532
19701158
25892670
21713393
22123215
25788760
22445052
24707973
15814059
25782761
14718877
22381082
22365717
24678755
23168047
17943753
8441602
18160821
16078089
1955411
25736708
25706953
20467920
18775070
25251145
25004788
20965767
24841102
15681402
23911672
25189642
25741389
25719560
24294855
20857663
23028896
20713947
22110452
16571275
23387634
20218670
6730952
17849675
17550409
25760847
22158078
25733349
15731907
19216970
20473084
22816052
9909542
20236537
16032665
24293946
20385569
17640504
20688709
17558991
25666224
14511951
25665295
22956925
24927647
25406953
16009795
19525566
15865925
25659744
20481608
16829422
25522187
19809471
22548886
16761854
25644911
25647600
15740526
17912866
24143668
3145921
19951038
25644674
2557521
18367412
25588018
25622606
21100866
15751440
15680847
1458461
22757921
21834050
16481718
25607997
16308310
15227570
24245649
14804558
25406937
25593916
24998336
25609055
22506408
15996830
15779913
18101009
25239452
13095152
25592400
23826227
18231787
23342500
14171297
24031085
18812572
18204823
18701984
19101093
20418530
15967393
14928123
17477007
14399196
25532575
24267671
14335236
25570192
15925947
5442232
7581142
23256483
15651369
635463
14352659
21334541
17127100
24637847
25356778
21815972
24500422
17354391
14516032
17264863
20270950
16355450
20144948
19952601
14665555
23144139
18083627
15320771
20172067
1968931
25509047
20353953
23189508
24723642
24806921
18775790
14338159
22043595
16997048
19588024
21842779
24458015
3283321
25451765
24015075
17397104
16573251
25457250
15772201
21634232
23867246
11347122
9921142
15846407
3829151
16343608
14506253
18393773
17853760
25231677
24780053
19945414
24223016
19607932
21411902
17145870
15698319
21508407
24382614
16340327
17528353
15910041
23530077
17657364
24996318
19781469
22922231
14766242
25375180
16050313
19631946
5519532
6752572
21350854
17004051
16529058
22039600
18757638
1359561
20537366
25241109
18155441
22827038
24751845
19319600
25340594
3094401
15141534
15226010
23840463
16853450
16813877
13145802
22372931
11754072
25311239
23489023
19730232
24841697
25059193
25151773
13134572
20757036
17195541
23003139
16455862
20430077
16207474
21647849
16316986
15249874
5193341
23394793
16866978
16129920
14522546
14437962
24025557
14608670
24858539
25191371
21934402
22999513
24210482
17142868
25220524
24814405
25204027
18880259
24998207
22272095
16715910
18243705
22219933
24471687
1569091
18710207
25136899
17009394
22604103
14247360
15310582
15705669
9932832
14630688
20465219
14763
19848467
16976648
17324724
7115572
17701339
19091535
25158980
16208307
25144440
22816027
18312845
24101049
14070025
23090391
15616989
24551898
21236854
1672511
17907136
23031976
229403
15208332
8395142
23716690
20758754
16273350
18061719
12161522
24695095
17762733
19963765
15523881
18756275
22806880
16302090
24947549
25110070
17801749
14436820
24755664
25093522
24617462
11622712
15572877
19736294
21428988
19411195
1117651
24951767
18580543
15317879
18079092
9429452
14347282
22868098
21812969
22830794
19081136
25098728
21170877
25105493
25102769
9214012
18421857
16658594
25109130
24200072
19303008
24407394
24984385
23799394
15190816
13049452
21960743
18737978
17505323
20695995
21635549
25030555
20666103
25039362
24959839
21522769
24928809
22670147
19801582
14456044
20338652
25042962
25033741
23876317
15853929
5934132
22530207
14129299
22044343
18554534
15082214
23146276
22842926
23704137
24906781
19639808
21067292
18929719
17929683
20911592
14296366
15818676
18625749
23633876
11713582
24927196
24552522
18004455
20173282
17314996
22985744
24841110
15669476
23439347
17139674
16649499
13669
22544159
16908277
15224469
18094499
14117191
16914680
14619120
14518898
16739724
17605855
15388023
24902417
14098802
15518644
20782673
24721204
18089220
14093742
15868449
23211293
14193133
9608502
21879659
14944241
17833735
21065937
21360339
15840147
24513934
22723602
21552178
9857582
17709401
20144439
21303195
19030929
17015042
24661412
22137443
24603257
23677377
24737352
22364969
19679945
24485135
24687058
16951171
22191543
9726472
18208368
24296047
24842896
18808797
16338432
24659645
19253863
18490398
13148912
17062478
24704620
15877042
19638690
11204582
24899246
16517685
21991598
24858717
12712752
20623125
21635868
16686622
24711251
24843893
23115183
24244304
14343072
24019576
24192787
18558770
8181872
21780402
16102208
18418826
23661119
21038163
24422671
24836750
24844975
24885416
14829281
18318447
21167698
23146925
18790412
24592320
22360743
22508473
24394758
20843618
24664313
21642404
24388487
22268837
18038703
15518170
16820690
22240535
23520327
24844543
14197670
19134443
17358750
17998521
22374815
17080625
23733155
23415089
23514809
22664078
15678933
24831268
24500907
21447873
19667456
24650346
16025622
15944875
21862494
16909240
24648846
24807935
5844682
19948632
15026861
13192182
21911655
24795591
21518208
19076724
19562368
24270761
24800815
17420456
14714769
2260771
18446555
15619034
23786610
9078442
24761434
14483864
23611269
17937014
15361648
15431914
17158492
24759181
19082263
10189392
24190554
17088570
11688592
760
17585296
4708351
17140575
13400292
24655966
15131197
24653028
2186641
17231770
16235206
17974587
21263087
18709712
15676259
23279960
7976712
23877473
14146939
24578815
5393192
34533
68853
14415328
24454123
18917949
19941966
21788835
24589388
23488005
15885266
23130633
17273252
24585353
21923482
24614211
20953485
20736115
24608023
14048894
20733046
16045264
13845302
23843888
18954434
22313488
24577254
14382630
22516396
14820604
24564131
15433375
17538641
24474697
23347147
23413012
24483512
24564168
22111894
14922622
19731052
22509548
15504177
15023198
3851311
18960592
24110695
24502894
19822823
6531162
24523941
22032173
24476039
24515079
18432700
16463481
24380278
19759856
19697971
755067
22278349
16400769
1268221
19053042
16221725
24418826
17171908
22713732
10058552
14553404
16840551
15184804
17038090
10109182
2182641
11388132
23240692
18515870
24388218
15680383
14253109
22539209
20353325
13255552
14775009
23334100
16401847
16277559
21200935
24028000
19203302
24371411
23687810
18738494
23998693
18457292
18568922
23075325
10768642
23159230
17302271
14318727
24303865
16714359
24399159
21444966
24226308
22800144
18962715
23543820
24379618
23181200
23733713
24370450
15856174
18480921
24189610
24391238
14227511
14161504
23388612
19131150
20259438
15240081
14806841
23555906
1075
15203930
17767533
14500974
24214107
24334686
16277822
18297453
19920119
20641880
21465179
16897364
16030061
24312208
24299216
18730407
24121468
19589297
23002088
11412892
23579042
17434350
24281278
16365448
24249102
21335359
21428871
16213561
16272376
22181971
21498761
24256927
24289021
16079126
14504545
18293663
17818403
24183817
24097134
14218955
9316282
19034299
24249525
24288246
10134942
6295922
18713666
655093
16328263
8797792
23969203
24232742
24212070
14598035
20201325
23675563
24031055
23977050
24231182
24234112
24050832
20219800
1294231
20059903
14080953
774644
16690175
23438560
17222916
16050268
14035792
21338870
21103659
23995748
19758622
19755002
20317002
3453521
8169772
17964225
18932402
23360493
21395560
13153632
15290951
20531320
22268155
22417171
11830682
23575534
19739226
20429284
11189652
23559059
21552791
12086192
22389198
20823532
23363928
14410189
16138477
24112936
24140288
20657092
20658432
18586848
14803838
15901190
14683278
13121472
16144167
23270572
23797901
14651201
23028411
16982040
22501157
15128457
24116139
18127957
24113377
20731580
15535892
21678157
24102950
19659367
17261378
20796451
18466689
21926976
23533662
23753935
18027594
24084981
15870993
22812044
22241559
23900996
13294602
23964173
697803
24073579
23264881
17806664
13784532
291
1729051
22850352
9980222
16166611
24037724
23972637
22055617
16733078
14189626
23949568
16352498
17448810
18734017
16151305
22073886
5804132
17391433
18237314
23489431
17657771
9273592
19729064
18503011
18558151
11035542
10111722
12999422
16531576
23875971
24021900
19544612
17361749
23654040
12315562
15961727
21167586
758608
23781637
22527768
14093690
23983231
21938945
15342992
14276152
22526613
18822485
23825303
16729017
16970032
18465149
9629202
21291539
23592918
16428387
66393
23972186
21569248
17685638
15693074
23803168
23817352
23955712
23928506
23391527
23870343
14283008
22950960
16441318
14143903
14117108
17812993
22795945
17105059
16350177
23818286
23980414
7545142
12493102
8215672
15160542
23916673
15176133
22747289
23918974
23919176
1489941
12648482
18689371
20745313
19574034
17495459
9896832
14939981
14432237
9499402
13400
23874130
21545318
14258462
20278682
23892637
14387542
21921108
18378801
883761
20511325
23862735
763381
22766559
22884162
5433432
12434582
4902991
19826454
21504396
18326325
21640426
873411
23173791
19219799
1299151
23538129
16800369
15607405
20104539
22525751
23625465
19748073
20713247
19253925
23782357
23257499
17241642
14213395
7852692
22807694
18256302
18907463
20576775
23782389
18978953
19169258
23386113
17193919
23795635
16002406
21252968
21903212
21604853
23662601
14911245
16798517
21041553
16264796
23801031
15907360
19318377
778057
23773279
15702895
14286667
11522352
17639797
23726911
19006089
14056661
23738775
22754144
23312290
19725855
6289142
15565623
20412350
17934191
14370400
18156040
15182896
18940612
15047665
16563587
23784886
14236457
17861292
19669207
23787619
20680338
16655044
14586009
21673871
22067136
17833500
22993697
16043118
23706081
23713038
16268135
12436442
4791
23658944
15495026
15642557
23710454
17145765
12155962
18891807
19824935
23544133
23558375
23021456
18370418
9579652
16425762
23679858
18362588
12759502
18379651
16832676
16259173
22741155
22526204
20562788
23380897
21715274
14974963
18377261
19164165
15292277
22537742
23645937
23679343
23655551
16991614
18784376
3229781
23666301
856101
19216794
15629559
19424591
18744562
18600771
22447271
20742748
15691291
21765872
23611345
23635447
15290878
15304803
20609297
23625983
23616345
22016684
15611585
23616882
22860048
18035738
20082415
22389257
17875122
16323979
14530147
5253771
20245775
15668015
20622213
15237525
11413722
15868796
20822328
16581837
16031650
20301396
20666652
20593911
19982815
17880546
23611114
23441557
17848787
21416578
22647508
18995140
23554030
12466572
14942346
21644660
23444312
17752611
12053622
19637276
17691257
22609343
23557591
21464818
17802647
16506011
22717384
21699900
21813688
21627428
14795891
23562767
12860602
15388978
23526260
22863404
16225994
22746815
20819718
19843019
14975370
14173894
21320715
18061867
7986612
11539982
14668751
17999411
10648962
22599523
20752720
22545288
23245625
21699154
21561830
23481445
20485656
18354318
19850000
10168462
19119965
14570526
18519580
14540280
22411331
17821603
22389579
13216392
20295797
23486471
15799415
21249843
22116423
20481232
81123
22847499
23461033
20667752
16302676
21763011
23466460
23468544
19875548
15919628
12792652
23451944
20693473
17369832
22541140
17489622
23447175
22891556
22682062
23440494
22768679
21076511
15062740
22473016
22399758
4411051
23310542
21856354
14121146
20139233
21457209
20954537
19334138
23409521
4893411
20200379
17715144
23404150
17900736
20749410
23394646
15660396
19423926
23398344
19730881
19042254
22904913
19036850
17074187
17746082
11096222
23380534
11048902
20805517
18503389
22881754
23381824
23364501
7716092
21974226
22278303
17162653
23360749
14378112
19672026
17054868
22299523
2689921
22980798
23343834
20785940
14303883
9052542
15768891
17725140
20785896
22466872
22084396
19780544
16807330
23123864
19297013
18067520
14103624
12359712
17262949
16648441
23287762
18772160
17710740
22458738
21556948
20335149
17505425
20478132
21272944
23276645
14825377
20935928
23279129
12742212
19377997
19035233
16371043
14314062
23123157
22951310
20579817
17354620
23150074
15393639
23227201
23094151
16252641
23220250
21918727
14188514
21443390
14778693
20754164
19125470
22878040
22686103
702953
16575850
21232264
23067355
20609302
22100659
18517541
23174754
18621681
11190702
23168565
21830081
23042393
20318077
18497105
23159867
23010587
21469580
11671812
16597773
17331894
22593515
18676087
17514359
15165118
19421822
15110255
2710761
2860101
17049438
15740583
20000626
15640651
16400913
9491292
15767619
23105368
1554631
23102503
18367757
20280828
23094056
15823113
21500137
12873382
13911002
21682161
14357985
14870476
17781165
14751097
13837582
22837640
16206806
15477578
15792122
21280456
15039744
15922363
19553521
14986864
21905054
19168235
23104091
19304893
23066993
18121539
13398042
23085947
18484170
22941885
18392065
22992822
8795862
8333922
1052101
16019983
1574421
18830866
14458472
22978844
15866254
22820425
14685772
14138785
22823360
19740592
19669828
23040137
19158228
19628007
16703625
5581932
15787961
21161617
18763551
23031940
23033984
1399231
17887657
17877575
22963606
14483814
19739286
22729802
22078675
22415365
23013379
22868718
22965747
19207591
18403614
21834629
13800402
3328001
22669988
22815663
15521149
22883714
19718903
22663089
18756509
16135883
16366772
16444027
19480140
17915557
16551493
21052344
14128938
14223082
17400456
7773342
20791157
17432974
20757961
22851007
19925371
15589185
21286406
18588116
18754301
21822353
11961532
17582589
14125775
21713693
21499611
15354468
19133866
9406452
20825217
18029055
18302071
17004516
22951035
15196195
14105238
22506852
13776722
22654699
14525763
15780166
21990808
20990445
21945329
20213150
19207448
15746769
22833044
19487344
19775899
21477292
22486752
12638132
17795921
17384343
22905046
14569869
21741603
1470301
20296298
18790117
16340749
18261532
8528642
14680167
15579328
22885768
20040199
756979
712823
9601512
15921597
18314574
14837709
20151096
14196935
18190448
15429439
14308228
22791576
22883848
22652774
20067354
16034755
21237820
16461663
15966559
15057693
15149978
22808685
15967775
17979859
22809627
17684283
22812643
21881296
16511942
20746988
14353087
10196452
22821847
21821758
18624791
16091288
721853
17882867
11770342
15623238
22667866
22841140
22578612
14562765
22561457
19257536
22242298
16136276
16476547
22809707
5564252
18222963
21317956
19090870
14260768
22864416
22803766
9844902
17430018
4041801
21260955
17567694
19494522
19729631
17397219
18152647
15726306
19928816
19367473
21726535
19298686
15416187
15142654
16911747
17548095
21
1183041
620233
22794790
22271530
22297549
15252159
15829144
7651512
16834962
7831602
15746411
19604480
17953151
15738397
15865878
16556063
22755569
21381839
19992109
22660197
14205876
22745664
19983667
20957114
19349569
14451261
18612280
19323467
20121783
16229738
18110100
14498784
19412785
16297675
17264354
15424189
13486102
10984852
19903402
18021498
22694674
15595028
22424979
18042783
16217821
18198399
17055642
21728970
22734677
20695122
22105142
21334547
21972652
22127307
14195666
22723759
17353280
19107253
15121861
17949462
14537742
16422754
22218880
22711660
18305433
14750107
19596867
16957953
18416173
21703945
19409373
22592193
19612630
14552082
22704465
22548796
16396555
18661224
14104259
14716763
17528562
21226133
22558909
12491732
18083969
14397037
21747217
15716509
20655019
15418853
18050476
16051548
18992997
21042593
19024319
17096419
22686739
15981419
16635697
19593954
17800404
1428281
20058174
21260248
21104004
22675524
21171793
20812734
22646150
14920863
19724536
22172615
21989089
22551956
20821555
22662161
22254580
18699360
19014712
16366423
22654099
19747807
16540019
933291
22065128
15393337
16682276
20156740
7444442
21766746
20000754
22633846
18980024
21008494
16122315
19824693
21986569
16686561
19341895
16923899
17349353
22127274
11911952
16219502
21252131
17062357
22599279
17893556
16554059
22603062
20608910
18812301
14097951
21068040
14529929
15199539
22591735
15035754
19383753
17265499
15324314
20072206
20716033
21976651
15934340
21544842
15004732
16816295
15070302
9922122
21838278
19274649
22477678
17764720
18991758
12804312
22564749
22565466
21672615
22085631
21834392
18781432
17162524
19917273
17562014
16901643
16941646
18752967
19885339
21036151
21736388
22543886
21213276
15320603
22546083
20430678
17542133
15980289
14270563
19520522
14849725
14670055
21670781
16061848
18537408
21542081
19841704
22148865
19924913
15906214
22455889
18168108
19778932
20742854
20275306
17070475
22546566
13176202
22501749
22273789
11898752
20526855
16211713
19891377
19768251
16723921
14787606
20608054
14668120
7621482
820807
2150851
15485441
18645376
19789551
4560601
7002642
14306368
22506644
16553058
17631634
17222077
16961288
15428227
21955534
15972180
22106696
18392143
17933818
17922476
16103584
5948092
14098551
16743245
14776983
15109859
12171222
17800106
22332083
15661214
18208965
818340
19093517
17655497
19010417
21525693
13132902
22346684
16130905
22435693
22215050
21803309
21336290
22425303
16351347
22402572
16193943
10786452
20108445
16474844
18891869
21579219
2384071
19617094
18505167
17214791
1052961
1536811
22230274
17194831
17725674
22117854
16132905
21233828
22008721
15464022
17008163
14565621
17237240
18252527
15704012
20471995
21984763
16640784
22337897
22371569
14564745
14254294
16716663
12300952
22335923
12754412
21609630
1054521
16934763
698923
18658855
17104558
6003302
21936217
22298552
22069302
14198061
21812347
14769239
18836824
14705304
12886762
22225845
22263867
22322158
17748048
19014107
13887352
22295832
6530282
22105236
20651046
10861282
22302376
18105473
22309849
12688362
17743153
20699064
22019994
2895021
14993191
19470947
15434884
11097342
15816490
19325882
17279508
15063250
20834067
17862067
18410615
20028142
20971132
5609552
21970787
21837707
19460222
19310538
22268310
15721643
10951092
16255015
21892299
14630644
21612538
15428624
22239016
20605124
21114359
1338871
14393250
15360189
21964050
21312794
20836084
16609571
20000314
22221212
17883289
16088387
14232791
21983579
19394188
22212128
18179687
22200913
21583627
18792612
16045250
22207946
22059171
19945609
14530685
22038534
15182772
16109637
15765560
21155969
18901025
22090381
14469949
20566109
18013277
22075600
15933682
14380807
16582734
14925887
19784944
18733790
15160677
13134892
21061065
22166882
16579483
9722362
19352516
17886986
18167943
15651545
22152935
21403204
20910822
19777822
21932890
21894794
21286371
1076321
18690595
22117373
16522584
15195148
14188350
15071659
18595167
1539471
22106298
16577903
22111958
22105778
22103303
15462865
20318127
21121961
22101633
22055635
17244161
22093775
22095081
22093833
14927411
21324807
17352497
17801606
22090238
16243927
22085838
22087985
16277010
4553961
21856449
20397221
21047353
22080883
9134242
19723111
19189064
15288344
17537662
14605192
21128016
14903537
16160051
21117784
13351052
20029818
22049160
21053347
19776547
22053054
16436687
12719632
14398241
15394528
17338675
17468585
9836012
14332565
21319801
17345110
20536157
21260034
20562459
15603601
9506582
17365208
19781646
14648779
13225432
21672612
15639642
14176237
19593431
19097741
17476914
15945791
18768067
21384071
21976757
21968740
17127751
21985030
14935913
21989088
9925172
16662659
14172985
15941714
21979372
21279223
20874102
19956471
16061312
21959585
21914212
17381903
18701086
18580879
21781565
21805774
15826119
14940553
20788512
6396722
16421477
17418386
21938354
15077354
17918168
20180415
19731312
18809812
20685818
21426130
17166894
21912412
21911219
21155801
15856435
18787897
5802442
21905345
21907182
17825871
21488601
21904217
21212288
17974216
21479445
14591906
17008345
12032582
15849752
19670160
6649212
17043356
17953646
1359641
21303384
17138061
16020751
19987606
19600922
21375713
7517272
21578759
21869155
14627353
21864648
16113331
20445807
21863902
21861050
21863002
21442873
21845770
21361968
21842281
21713356
21656357
21541526
15838880
15055948
18792788
19854544
14049462
21253018
14282996
15964457
18606767
17101464
19009904
14376953
19995055
18542697
16470792
14236523
17556493
21467314
14875165
19958801
12345222
21829681
14660096
15840579
16100855
20733756
15864000
16529971
20299504
21810659
17855209
15274938
14333521
20112971
15399083
21670698
21592216
18312161
19569080
17497773
14944055
15908615
21173646
14079938
15855565
15758751
21798994
21410779
20363229
21702600
12946892
18088746
813512
16412758
7887652
21217247
21551490
21091954
16153365
19346806
15959545
17957694
15089533
18243739
17922183
17310753
16120665
21189101
16473209
16188991
14074839
21673919
21741478
17002830
21740090
21740857
20417054
1540791
14213563
20334516
17341768
14708814
16467567
1947301
17453317
12496212
9295212
879601
14085911
14893801
5488492
1053801
16403053
19876467
21362103
21729502
16752675
20742461
21723673
16633150
15716517
15698085
17093085
21658297
21305239
14679479
21715446
12573162
21703165
10226672
12675902
21698678
16131687
19882500
21509989
8410432
16458756
16034193
14144524
21273998
18175057
21696013
20911434
21692094
21662327
14878449
805718
21660543
21115446
14246001
21658273
21323852
20845319
19620374
21173828
15380196
21669454
20077105
21217406
10035362
17306424
19772931
18014872
18513221
8570392
14944471
7270862
21225451
21367063
20655335
795649
15171297
8525402
21630311
21614814
5948982
17374659
17699672
16266804
8187802
17412953
11894412
173283
21527408
21607519
21607917
15267423
21241783
21518089
17095918
15786118
20445241
17518524
21315898
10057552
14192922
16620141
7161172
19948401
15628888
13142132
17411352
21531741
21575827
21566744
16109376
19601633
20553104
19634922
20135307
15604575
21559699
18318003
21201942
20887299
782126
20339732
19527209
1386571
21322888
20563281
14388420
16360589
15022914
9840392
16366581
16783374
14269864
17859748
16995077
17982817
19941782
21525933
14860952
20322274
21422673
17298474
21522460
17945847
20959851
20566128
780419
16781066
20851784
19457806
15446722
17891805
18933832
17314524
15688546
17281288
5777222
19678499
19702454
21369950
21472149
16079889
14768759
14875315
21289379
15919069
14056632
59213
14267214
21444785
16066982
18492735
20476979
15993333
14435819
2273241
4804601
16535563
14124281
19011374
20737459
20353156
21140827
9356082
18683734
15072525
17340034
20730872
17463907
17228408
17096050
18419586
14367176
21181107
20827719
5485142
20284450
1591961
15397251
16331414
14871496
21413247
18655124
21380157
21405143
19605384
16061953
11325232
21399288
20497855
20207187
16335636
773711
18919614
19227940
21382336
21299511
6231902
19343938
18085143
21373071
21372796
18971751
17497195
21372554
15696571
20326085
20730385
17479361
14768596
21369527
18680419
13791002
17162738
21364948
20778778
18758675
15321785
16020449
21230480
17474531
21249893
20988405
19003532
18993395
11705282
5531452
1294151
21345541
11489102
21215074
21257296
21346398
15537585
17802310
21321911
14788135
15066744
21332496
15382996
17865759
17821243
21332993
14366034
2009991
10289442
15724930
20756391
16455033
13184782
16442550
21328006
19368157
16516483
21262309
21138770
14052179
16380382
21071785
21020365
16143986
14897906
21298130
17881632
21300966
14912309
18256359
21279936
14752784
20188142
1584821
20440296
14519987
15153369
14247155
21278387
13301462
15808645
19271583
20077497
21228395
7546032
17467725
21267130
16728074
18361351
9635302
16102876
17898459
14721306
16456573
18259190
21217654
21252178
14872965
15950715
21223908
20712554
21239304
5886382
18654631
14166473
21215254
11163772
14079928
20691873
20415753
16372181
14562171
9042932
20863084
20007263
17086082
15529733
20026273
16129851
17175407
19660740
21119327
21206351
19841129
7455282
16702657
16310434
19469438
14983659
14566366
20576806
14441986
15065156
15477328
20927322
15920139
21171158
1613581
18789002
14153129
21178125
20898468
20873135
17369354
14415941
18746547
18733385
20453905
18588014
21176696
18694684
14125999
1550851
16244040
13418552
19741669
14736412
16110753
13274482
21144910
20569045
3249861
21138615
12220552
17917912
18456365
10498082
21028357
21149153
17090997
21160434
14480618
16495010
15362015
14690004
21158792
18177957
20543671
15770223
17876645
20207558
21138768
18301465
15624861
20975960
19136302
21129676
21146211
15035912
9082012
5516072
19446747
21139995
15087056
14287094
17802746
7520302
14552913
19259628
20895069
18308831
17499595
21018612
17009186
11640472
20255785
19563014
18615174
21039560
19970867
21034036
19252723
20924723
18637798
21002870
15573246
20932769
21033727
21079012
15018362
21070353
16292715
17661265
16997300
20646972
20415941
21069657
14122876
14782518
3819451
20648204
15047453
5777582
17978862
5968272
16583629
8769172
20936577
18868044
21054951
16662627
20946160
8336682
21047433
7344912
21046964
19838996
17044981
15691154
18272494
896801
21038963
16747322
17225143
14941163
20349872
15368960
19358626
20977407
18992839
19080744
19269197
18033109
14825313
15613149
17314616
16318071
9632752
21000406
14941078
13432592
16257639
21019865
14910135
20875002
15248833
15282104
19780893
18529766
15380863
20709038
16931656
21000570
21002746
15227246
16111539
19774923
20992851
14877167
20827036
14972186
19299688
18213483
17099421
20054731
20790129
8470152
20840542
18902603
15922570
20841273
16993933
20457425
19638115
15685893
4916651
14061527
10191
19415444
19014663
19014392
16938773
14073696
12504442
20965309
14177461
16203586
16164520
15744118
17232386
16012783
20964800
18584186
14344786
17105077
19905268
18301985
15941955
18160270
20757477
20680465
16454971
13971802
17992453
19796950
15678409
19358014
17167144
19632010
18781170
15572565
18265656
14765249
20795586
18052709
20897048
20525971
14098555
19740735
17822514
18071473
20495853
14111066
18842530
20295306
15185440
20767624
18749121
16626528
12580592
10985092
20263794
17416221
19722998
20167716
20536003
20286164
20777057
20626247
20098164
17103514
17493361
15574964
5628592
20610329
16889636
15774395
19344602
6149912
14610824
15372487
17743015
5381732
7570
20953901
8220482
9146202
20949685
11136082
15458694
15689653
17499490
16301127
14376874
17137477
15574305
16102452
1305941
1186
20858991
16190021
19152887
649673
2062801
13046
20933913
16264716
19512562
15695393
17734936
20834682
19805060
759926
758073
19878117
13220032
20730083
14688905
20832613
17875421
15759202
10769742
18793796
17432280
2238781
16593833
20823753
13510202
20856231
14976960
14519041
6609822
14359201
20857584
18157442
14190709
19343291
20646050
14262785
19377862
15577606
15449985
14849729
16939148
786741
20475807
20548784
19367533
20833883
19805914
19630452
14455851
20745875
19571267
20823740
15665910
17653609
15753046
14319561
15379366
20609308
11435642
20632946
14694705
20322425
16406939
16263456
19661022
17006399
15447075
18525002
20807810
14193212
15222743
16715753
14996788
16383126
20750624
20533351
18037806
936451
20600084
16133856
15921756
20717827
14576879
19939139
18939448
9668852
19418659
20726731
17297279
20708570
20711898
20713978
20736477
20627395
20718328
17306906
10235272
17497827
13453642
18775467
15374247
19852316
20617830
15300020
15519608
17839096
15381258
14165549
18273586
14495309
15680747
14423418
17714991
18743717
14735581
20638909
20211095
14247521
20622605
20597505
12637122
20662207
20660862
11867612
10487832
19556313
19527597
20088510
20659873
20524156
16116625
15626067
8979492
14794257
18229245
19779992
17658978
17854820
14589287
5646032
16588327
15199422
15937533
20642650
19765647
20645912
19634279
15367493
9288432
14041192
20351919
19334625
19058946
20620127
19200530
14371873
14922847
20513285
20604669
16321231
15890781
19555679
18538489
20596216
14164054
16411663
17078673
19088651
15650107
15385334
18814787
18936532
14432489
20638372
20437257
18332845
16027546
16686009
15857131
20100018
16637681
15627568
14336948
20622593
18828510
20638400
20586461
18898359
20635078
1500041
20598079
14878485
19105270
20338057
20354356
18852691
17677016
20319989
20299124
17519349
15105606
18454532
9805322
5871672
17516060
20417577
14766200
20219585
14596776
19560893
62783
78643
15486096
18965211
15356190
14301646
20563471
17360768
15604074
18300921
18497789
19723671
20025987
3060631
15373471
20184723
17459437
16438884
20097362
17847698
20530471
17526502
17074152
15055813
20531870
20261556
17879602
20236468
14750962
17410687
17378316
17113349
9627502
20285644
6952532
19137142
18496361
20261529
19208683
20024928
14438607
18898315
11398562
19568661
20279825
19796501
20250148
19603341
20175914
20175045
7136152
20175660
17070572
18591970
15256025
18273575
14254408
20544434
15161789
19833757
17891327
16373878
19473742
15281661
19783734
17718497
17882738
14114324
19727761
17843053
20534210
18137583
12956682
18619740
17482990
15660393
18804537
20484971
12666842
15182661
14711959
14352584
17516034
16881387
16454414
19982096
17325841
19594968
14415346
18874231
16360871
16834901
20217625
14810823
2137561
15695468
17584354
19179357
20500615
20499324
16609029
18212079
17860806
19850069
20421081
16907722
16125223
17957595
20295371
20428170
14891492
20415761
16223277
15381346
17532597
19543128
20489130
14049526
15224681
20477924
19677528
19111994
14225208
16476393
19594764
14459119
15169467
19310638
11327122
6304662
18043332
16007446
14209758
20466311
9097782
20464516
64543
16519175
11507782
17895820
20336527
20458103
888
16672626
16974303
20402425
16929386
20418196
19301611
20174209
20442243
20078070
18290323
20058280
16224273
4958911
18002296
19362341
16314928
15696448
16633828
14838518
18790073
18520852
17944744
16441570
5658002
19402784
19285824
6784782
19621360
17926886
17459208
11636022
14100771
17493663
18533766
20341003
10275512
19299784
7426632
20113072
14137119
17701276
20393722
20215572
19296086
19819798
15591225
971661
10022012
20102473
4192041
14846883
20215399
16639012
17408066
18112970
6016962
18399184
18578073
17567335
4012461
20028484
20120874
11942192
11018782
428333
14117684
6238012
19447209
17965843
6297942
17806846
15590176
17391597
14976894
15194817
20263365
15311369
14305372
14482890
20071945
20247740
16063337
16878156
14351829
20174627
16587261
14401242
17857546
17226149
19943174
16711401
15455643
10921702
1654971
16492783
15962610
16026939
16872256
15084950
20120346
19303091
16279025
15695595
15865260
18333484
18103993
19056667
14057422
19818256
16631466
19735630
14186729
18032187
11098672
18267076
8226872
19860173
19046644
13460252
15752143
20041135
15065174
18191358
20102895
19244147
8797612
20072751
17980579
20107081
18410676
20034172
18845153
8618302
13944042
18656821
14322299
15490471
16894805
9567972
11178612
15525528
15728564
9945
19091280
19054681
20044445
14665506
19939243
14603980
14709636
14128843
14061849
15088877
15272960
19571632
17197784
14924307
11286642
6797292
18923517
17599837
16898020
14335774
19946681
19680000
19935302
19711430
19075891
19945654
15174784
8283082
16874694
15532849
19810320
16129595
17028478
16728279
15936426
18512858
16370416
17904392
7332022
14141455
17159111
15950966
19924350
16305316
15892339
15661657
19934481
19942100
16951914
14438794
17907250
19897786
19775920
19913340
16907393
17546004
14862077
18195374
17759490
19845112
17686306
12084612
19891670
18572640
19700428
17103965
19886481
6364442
19223230
15675138
19376907
19878933
14267698
17444369
16499655
17571934
9726252
17453672
19125764
15447479
19001043
18970424
740883
9955112
14089010
19797180
13649492
5120691
14993921
17548829
17119713
19835846
14981943
19092015
17993906
9480732
16477874
14677330
18617462
18027211
19840715
16125506
16696862
19317508
9778882
19783661
16455594
14933262
19833101
14540912
16523266
17088996
19654646
4484061
19829856
15078736
17907009
16190612
17602290
7497642
14350069
13123682
16634508
15792532
6238782
16166454
19016419
14348622
7822672
6917742
17902912
19791395
19798319
19793122
16797844
16249219
1867981
19044634
19783503
19688451
6696162
8775672
15507004
3570351
18922446
14482163
19636983
3202121
17880024
11013112
15013657
16005120
19413851
15743861
14746398
16579346
19085337
9289272
17068191
19681134
8161232
609593
14458660
16686993
16939170
17050319
15122580
19771446
18683120
18243212
17663880
16342134
14667209
19243061
19652723
18655891
14095809
5838402
19174640
19372678
16933943
14538756
19012623
16375307
13957392
17223089
7880102
17476670
15695588
19736598
15900566
16795328
19618541
19480027
15634395
9762682
18480257
15202507
10449602
16545079
14356068
15932492
10742352
19548393
16795389
17295317
19717023
17053587
14181225
14517560
15989191
18951324
16628805
17299324
12345192
16428082
762336
18492970
19676323
15791454
19367064
18237139
17499577
19633024
17644172
15947360
19439044
16338648
18650093
889261
17906734
19013887
15771803
19564638
5644342
18671467
18258453
15529667
19564719
14737171
19417336
19665761
7799412
19672966
16627030
16637296
19458648
16130814
19612839
17836273
19670897
19628460
14616050
18061284
12141742
17551399
19629947
7863772
19680480
19674434
17870328
15855686
19557401
19567905
14548772
17394073
19327788
16477472
16960531
19636810
15856030
19641363
19350748
14422436
16359066
19518813
14808749
19093030
6333502
19176429
19003011
19578431
17025970
17993496
19387955
18788816
19635496
14949434
11294982
13304022
14567252
19357297
19476859
18996181
18697114
15017750
19603969
17954130
19554334
16690511
15327698
17372609
16441666
17521340
19574893
15236689
19422361
19040179
15499221
4423711
19082313
12423822
14273729
16335872
13360812
15363133
16766511
19576974
18504603
18875082
14239737
18111544
14337705
9830752
17620296
14552888
18050616
14438417
14218842
14572033
19559645
14335243
19329572
16016553
14067728
18217084
15862936
14342563
17541719
42773
18209291
19304520
12862842
14199707
12853502
18894932
19484696
18144430
18841897
19455373
18079860
16426460
19522129
16043263
14133
19313521
19519963
19453803
17479540
19462702
14417327
4937191
5408802
17757038
19165584
18441470
7629832
15993051
17878863
16820569
17397180
18180138
14564695
13448482
7304302
15347868
17837683
15694650
17011474
14564603
16987999
8622862
19482017
19494887
13921792
15952509
15447862
19167658
14241906
19276918
17876407
18998260
18892099
17727523
19403659
19223112
9909452
19044015
5376372
19366531
15739820
763764
19265702
18149843
15885970
18301979
14230759
16174852
15983956
18279135
17581800
17150442
19434905
18147756
19432986
839321
15384171
15227235
14537249
12865852
12685572
18210494
15384419
17790071
815548
13279062
14364149
19181056
19059150
9508922
17313371
18491496
17831464
18408306
16547450
19385163
14090024
18304612
17565303
14104260
19156536
17525171
15614716
19348870
5990172
14242499
17903691
16303621
16148229
15021048
15460781
19384247
17566266
10450
18919405
15374522
7866072
19080071
792907
14423836
16428100
16136867
19376188
18517910
17524698
11101342
14483347
17076843
18337007
17276821
18494510
1429761
19354810
813513
16992059
18601216
7420052
9512822
8229472
15650252
16158240
16337445
10723392
19326462
18788755
17016004
16500618
816754
8375202
9964202
18768420
16807436
18243452
18741571
15569718
16471084
709313
14213399
19328997
15074776
11962342
18167019
19281030
17382360
14813410
14408493
19041966
17820804
19275115
19310684
18219010
15851811
19314845
15842608
19093267
19193672
17163156
16350401
14695642
19294698
14305575
15577546
19296334
18905612
14209619
14861914
17786395
14106410
19300541
15571950
19303257
14315132
10817552
14677943
19274489
19038014
18799691
15295333
12682042
1772941
1445451
16920080
19275126
19273433
759541
13318332
17749854
1590611
19091637
8984102
4260991
7905122
783214
7846
19098743
18656311
19270192
18422652
15487886
14377567
18039291
19264741
19266806
7402662
19261737
17589034
19098657
18957805
19212457
19094436
16566023
16288154
9464552
17467633
9641642
14325188
19224821
16911497
13228622
15258603
17992979
18823013
15988093
6328852
14558211
16020307
18759499
16031631
18767699
17165012
18737768
19222536
18583771
17131798
17758551
17526481
14235990
19208795
4561341
18347200
18171765
15826407
16609080
7387402
16908562
14219707
15149442
15777960
18360854
17689577
16335545
18923451
18076740
12667252
2467791
9461932
19175750
7165672
18640054
18629197
19117143
16191902
18826062
19030081
19146639
18858254
19109225
19165900
18471363
16003539
17301536
15202546
14172859
12634042
16541366
19177340
17946250
15800764
16675569
14102989
18530662
14447672
18121244
19054495
19083178
19118457
18367191
15685147
19137272
14049869
17744473
18045493
19072434
17785882
14335211
14098860
16931939
10507782
16392266
11002602
18597548
14820793
14630318
18175794
19075173
15117710
18579162
14559573
10776202
16861749
17046320
16992445
17445501
18567596
17322530
14118608
2569261
18220635
16746580
15301220
2884161
11141342
17429593
18951641
14541708
19072971
17819395
14556331
1327601
19061967
1378
17667163
17448963
16819468
15840471
16047386
16730360
18915343
7626802
15070904
18247991
17972846
14904260
19036132
15135244
18396070
16212086
14624513
18369983
16667056
15639626
14769823
18993312
17904152
18443163
18819733
18006146
14566281
14301757
14526709
19021504
15667029
17155988
14455553
19011153
17919912
12472722
15793007
14620003
15049979
18962820
18153420
16034238
14691990
611823
16117386
18617492
16960002
9557302
14334442
16266326
18728832
15854573
14834506
14717513
14437914
15012486
16404893
18978263
16054085
16450868
18523942
18968937
18968658
16147688
18731015
12926542
15482536
16276237
18956902
17036451
18807853
15471507
16101084
18816982
17984002
14770840
15722566
16783977
18954170
15800496
15075740
1191541
14469444
14874135
16828061
15150811
16803367
14536168
13130412
18806126
11783712
17005984
18889896
16086061
16826457
15165390
17175577
18829520
12589972
17604965
17675012
14112169
16246356
17094350
18730051
10152902
18914938
15935177
17637321
18919273
15769042
7744592
8289572
7310232
16896672
12957232
18589039
17521877
18909869
14701580
12283182
18463480
15183205
18894079
16489986
14912972
14289723
14425900
15976697
16223020
12131392
14208737
5697112
14587928
14105487
17061754
6978342
14793196
16997090
657863
17532107
14081766
14365084
5768872
774096
10865472
18858876
10221362
14300586
8912652
16406695
14451968
14446849
9267762
18558291
760654
23803
14267444
16000699
18089544
14240003
18646975
17998295
8634412
18841085
18814809
15794050
17069427
16107454
18029775
16825198
3597921
16091920
16673052
18349695
16711026
17871519
18794387
18783433
18220320
18232010
18647921
15973293
17264406
15666366
14369812
15063079
18384217
15995760
14090674
2337381
17073325
16917772
17369560
18631073
16303044
16616863
807970
15360445
18134480
16580086
17058103
18602300
17925976
16446196
15733415
14245378
15998186
14617635
18755855
15232960
14522399
15447441
17222625
14959969
9275392
17904314
16353783
17164204
15804196
18781445
18781360
15768940
16935729
1443911
10952962
14373036
14084454
15694305
14607448
15197493
14232962
17954567
18169827
17941459
14401286
15852510
15169505
17706421
16680356
16049671
15962051
15363671
15343402
18651671
18261628
718763
17223014
823860
17630841
14587985
18071344
15175158
811027
14085740
10728762
18302858
18493379
16323677
18247597
12055292
16019871
18748145
14241296
14230805
15123640
16366671
17411147
18157078
18742647
15087011
15506034
15769327
17009251
9205022
618563
18583823
13493302
17271198
13373892
8495182
16198396
15920855
14139371
14156583
17848235
18226951
7884982
18199977
14316232
15952629
18734516
9020432
6319152
8716442
17613369
15919864
14846142
16931514
15619161
16751509
17937954
8730502
17981293
9584962
14539331
14110996
811377
11843462
16264063
16446960
3284351
14313721
8557
18689180
15081149
15745259
2124861
18660398
5441742
8387542
18676162
18450898
14901264
14402132
17206667
14559745
13550572
11270992
11302882
988491
14818333
16291786
18664891
16311676
10329052
14746915
8519092
18598103
16270181
18030899
18258395
18275805
16307076
14847359
861971
18653350
15393042
18495473
880101
18036322
16887628
12
13
20
2425151
14131745
18573900
16050807
8170632
1088411
15692987
15302364
15006571
17772540
16229536
16896099
15626008
15118405
12750972
17810735
7325832
16585828
14400217
12193342
3684431
18624506
17523734
11151442
17886692
14669290
18251235
843941
18574819
16733981
18285171
10042712
18598835
16397776
17078375
1586501
18391959
17217463
15802457
14471282
16251926
5069861
16202136
10362012
18571016
16174854
15705516
15439395
11190002
14102969
18585700
14591738
15818410
14345503
16123984
14362791
16379264
18552838
17573098
18577892
10234002
14644885
15162304
11324712
16276457
16954064
11274452
15103698
14199023
2873
17377298
989231
14389132
1930311
12520212
18544410
17080795
14904437
15028403
9442882
17082419
17409240
17237610
661163
18511258
8446492
10252962
14513456
13804062
10362622
16538210
17424794
18537904
13900252
18195607
14319762
15013678
18520569
14128849
18141183
18467466
18453782
17797249
14996123
16650724
18462458
17248537
17967380
8277562
14753792
18397102
16091355
18381457
14755800
13394572
16033567
16840698
18313938
18451688
16574965
15387411
14804898
17518197
5490392
15014582
16000636
17745865
2523231
14950583
17246703
15784587
215133
16471324
18202267
15441539
14246088
17787566
6785362
16360611
9946922
17334303
17424008
16973875
746323
14666232
6822392
3026061
16809648
14150137
14405811
15088380
10986652
14858053
15605628
9394522
15380449
14296053
17596014
15534381
18393651
18455572
16907121
16788197
14128472
17850776
16471275
8725052
17059731
11607942
17093617
9730672
13745872
820251
17786785
15134782
14741979
6114122
10755302
16668724
793091
18441863
8292752
14447274
16268732
10987692
611023
18428899
14708543
793025
9263512
15224867
16931849
16787306
18386412
5273561
18416345
15355926
14514827
6017542
14338860
18392493
9934312
14907695
5417132
14824213
18394497
17995229
11144842
14632661
14340196
18003426
16895135
16116608
18390729
15021099
10191572
13363182
12796402
4620451
18173004
18173004
17862391
18366013
10402382
17242874
14141069
15163466
14142441
16165721
18363094
17551265
14318411
12516772
5896002
17243913
15770846
9307762
816653
14562431
18319800
14572947
10861352
9626422
17372906
17770150
15990429
1295571
15839684
15680596
18316772
18184199
15334467
48213
7734562
10326732
16532409
10218962
10400902
15922382
18097208
16100173
15653574
16272976
16375404
5032021
16001574
16970099
16450931
15717677
15347405
15691738
9637672
16192147
15766549
14840069
14125899
15087367
16935523
15247161
14208721
15790927
15681992
13303562
12699932
14067246
9717222
18246391
15033958
16377431
9636632
15641893
14712063
15586272
5691492
10546372
18185586
16874728
15063203
15354380
14987008
14850713
14261000
14875490
16644421
17090748
14668070
6141832
8061132
15675013
5772722
14476328
2020351
17050431
808185
14355142
15756105
18279333
8383592
15912026
17457788
14708533
4215801
18095160
15336083
16440108
15594313
2241921
6359662
9731462
16353824
18183885
16915189
14940481
15119566
14264410
10861022
10106042
14192333
658163
4087691
15937289
17139098
18009610
17385162
14779748
17974314
6628702
18249621
14835456
18230738
11113952
18191991
16143407
14431611
15335327
697593
18080532
6193182
17998216
17218639
7702192
15565115
16829798
13425732
10423712
7751892
12885862
15035340
2939361
14553073
12044602
16014113
18227533
14288275
14914864
14309006
15985341
14337820
17392856
17432264
17202870
18211501
14254652
18175368
18099177
14111577
9151112
14593039
14579279
16085007
5052541
14947379
14334551
16739786
15276400
17655693
16880051
15520271
11918332
14701386
14128602
18172909
17667293
14619429
15754970
15922545
10050382
16585874
18141466
4541891
14308014
15093092
17628068
16644438
6224432
15169833
15010007
17305280
15537855
15341917
14236683
14626565
16560682
12526
11781142
16000618
18063381
5793822
17365683
787595
17966977
10348132
18131947
17299154
5845242
13949702
17506070
14406659
18114769
802093
8395482
17070113
898491
16672787
16328229
6796502
14585409
6540142
6096642
15142281
14173840
16973143
14855926
14998161
17668455
16049430
17299972
17969108
17259281
15382522
18083070
16371210
14222925
14819311
18062170
16675882
15036089
15327743
9625082
15741365
14174772
14294853
15201467
14263740
18028917
14995088
14194616
5946652
16167957
10954822
15486055
14667638
17502701
17993144
17529383
17992757
18049616
12371632
14984915
17400155
17571681
14222271
5442642
809600
15039925
15703578
12182142
16288653
17525835
2656681
12144232
14709795
804640
10253
26743
14149627
5513142
5667002
12702642
16550142
15679641
15100219
13190172
6612782
11178902
15220324
7339142
7946572
15965143
14142059
12189372
16539573
1315641
14327983
17824099
14499861
933081
17295772
17942214
17290821
15198844
8535242
9572192
14516139
17751509
17299061
16116263
8157392
10886522
75533
14510659
17150450
14904201
17579948
14683010
17021779
16701777
17968687
15024864
9009502
14110710
5570482
7010142
13115142
14428604
16180224
17980185
14402300
10419
5392522
5692542
17795275
17948322
2156951
17401708
13117252
16370562
7116952
16619702
14454892
14172862
16477291
14778480
15209134
17869560
15999856
3936
8025532
17088178
15638112
1573241
15484705
17913105
14995838
14902214
16718387
15257533
14361301
15700171
17514945
2305981
15486672
16905119
15159600
15840588
9175942
14363071
3362721
4959351
16166047
15163993
16051471
14804980
12003622
6329712
9861112
14402553
3847661
13148382
1424681
17768442
17681834
14679090
15279308
14495726
29283
17829274
16038854
16731449
16004053
17067635
17925633
16813943
17932677
15108566
6750322
17942693
14461731
14757661
15266443
816899
15799205
13206842
17034816
16353982
16337214
4278201
6273552
15373201
17465075
3272851
14736356
14812726
15518796
17919022
17919245
17919269
17918663
17918679
17918704
17918827
17918891
17918909
17918535
17918545
17918561
5741722
11696382
16463179
16713418
652033
9152472
17908614
16630234
17633046
16320448
16422753
14559196
17837070
15159590
15727601
14631559
15316711
15033653
15841877
1289321
16297720
15768977
9950562
17868042
17623568
13637312
7490342
15380717
17184494
16117318
14428637
17820493
15636856
14896386
16580189
15839955
15032862
17429832
14555081
7808822
11484502
11063552
11679892
15252863
16205990
16375003
9874902
17242251
14424135
15077606
9526312
16683987
14590975
16205746
16873300
13406702
16400938
11336552
14134243
9867372
16319797
15429550
17644460
16518258
6685882
9093682
9091832
12228792
14500534
15369140
9640052
17628493
16813654
9190662
11376662
71903
12811952
14136479
8070462
15133989
11636142
6319982
15108092
2241411
813286
17831450
10831692
12843842
5359782
14677751
16933383
1308181
16747084
14052325
14655321
11948892
15007878
6487292
14315812
17505445
3451991
15195732
6987882
7666352
649
10748492
15041768
1706621
9554452
17825891
15346620
10130122
17788557
5410792
4303181
16821896
15960705
14518952
14114470
14289254
9359802
14588757
16899559
16838854
6368162
9544182
6781652
6195912
14356557
13911262
14328083
9509942
5490762
2898661
4792591
913031
14793446
14805828
11071472
14927129
12371202
14850719
15289230
22273
15181091
14650524
15344948
15778923
816248
15448063
15359362
10241522
15607785
16188231
16227947
12409342
7524622
14471197
14897491
12325882
16420854
16374144
15985211
14718082
10630
16017961
15988556
17243213
13883182
14215727
10220942
15483734
3145151
14896117
17457833
14232995
16599558
14776082
15680356
5879952
9208102
8661412
12251012
14188526
17059040
2227931
9080
15308919
3536451
16951279
15946585
16197518
892651
10672402
14296460
15951936
14293032
14945780
14859204
15727388
15959918
16722074
15090512
14203462
15312496
15937965
16031509
14163016
9678802
16480987
14629418
17379685
14124777
16207075
14592263
14156466
7114842
14086337
14604508
15625100
10740312
15812719
15666453
6353132
782336
16374678
16243978
15012291
14339454
7413302
6425412
15292430
15429360
14477800
15464360
14137105
17193828
15346898
8943132
13140132
17686648
5259391
16689570
16593544
14339474
5131
15237014
1329771
15926872
4189511
2056341
11758362
17024367
7133312
16463541
858051
15634938
17712765
8559822
15476212
2576431
14236505
14509370
3337441
15103213
8112832
854221
12090122
10114262
9038922
1327271
9323742
14652503
15163428
16240979
4126451
14248740
1340521
9225852
14875415
14834340
14633147
15705025
13709302
10255192
6192162
12596902
15443294
14299551
14995126
14956888
14220995
10001212
16161176
8861752
5444842
13397672
12845302
15945370
15019184
16579810
7408262
15899221
59623
14899922
14038252
14386150
15615817
14263
16875483
2726341
11108112
15912441
17323099
14178674
17482976
9533692
9676212
15224563
12067732
17036898
14714968
16586604
17369078
10221192
10221272
10222282
10222202
10222862
10080132
15955754
17705810
16148602
17796018
