329845934
2716951925
977112482
16634305
167023123
16902181
1098360060
42878710
2698300332
588945477
4854761
2375479933
2885707365
28166619
53068416
257448646
2458293230
1915336519
2410897969
17466375
18240118
2997290738
15612251
33388399
60390943
4010261353
2843111344
3490249632
861765444
105949998
1613329968
3293981255
551789117
69386624
210530552
715411856
380943465
2808236856
17033708
4017926399
104103880
133899193
3263621371
24156244
537640807
3253955786
3195146013
3294745179
14297863
2752442628
82649603
14600151
65472521
2283792517
1334806249
29281762
2497644805
135251922
3341887011
3016704371
239126045
51670354
20621761
57742502
152671801
15039436
129315638
2207606742
2918039183
39606379
2957967597
29130296
423398760
880940449
3443726472
3236593496
3192592879
40978356
3862261109
2794372396
17723643
481124951
3153966701
256900512
2805706372
835988010
14954902
223242732
3378782488
187528849
1021843368
15290381
104100848
3241592646
2483787140
1690738135
2937255876
1699020560
56388224
3107986683
2848259962
58666763
18073918
127654794
19380198
74550977
80069355
13521702
21399588
301602560
447554747
635404458
2849945551
3084154546
541829780
2656813977
138236532
138798211
927719113
74706277
261992443
249575340
40454242
2753456771
729684324
2485907113
19197509
1433306666
2660787824
870958770
423460935
3360665921
185898176
29473284
3072374349
1670983369
3306442826
3430025416
915331238
3034244121
430995737
22756947
345673106
44491851
146616565
313324434
2817241
198934632
60620405
76966092
2797602696
1713971425
190960735
44609605
2238730818
263143550
20253600
102633160
3302504669
295710712
20963825
18619647
130806148
2722015274
2830215260
1934214655
1636184532
58851725
98186330
139647610
3012947553
136162042
2499536634
3217969031
2423327466
474075196
3077386620
18463884
18426913
21925490
20545040
39200738
35803593
53689588
348115541
142093641
633995796
252694478
26829176
3329927519
336165225
27453762
2411456959
96796920
181597239
49925428
1947016902
1329024559
28610770
260472941
15231287
21352507
203930546
374015376
135945569
1960998554
1933042237
160993298
303940308
47503235
989666120
82816882
109398452
2904988139
119460363
19866138
46691793
1960962288
46698421
19618568
18586800
2716842330
3349866988
15467842
2236542690
46046503
3244875551
2391602148
1024244078
794227
1252373064
2837521268
1912110522
29735775
35208567
3240274950
3192402548
3254055742
3319153379
344642691
19270250
279086425
1012320451
707654204
431849788
752162378
234413416
268491498
69687111
14813804
1673491836
18476766
301987426
3365332126
707119819
3241953975
3319484314
20448039
3331601777
75751891
3360787875
2161930110
76893502
453585647
78620039
547709514
331228486
386770863
40608011
1694939840
16349850
2740912387
17644108
266652760
413672293
2953939556
2288859205
49740960
2459478132
3107422791
18804784
14563953
989657845
2190163140
2651988398
3121539546
1934329934
2445447283
2153719345
9202882
14858550
186700511
791670
170556614
2307624325
2393533334
17824843
84055680
585573270
873592850
963120535
2729731986
184985946
9288112
13721752
14519349
21182969
18310029
1468140559
38840421
424507088
2474820182
480854759
133169256
248626671
16040787
3012976330
304489921
449002854
2561727164
2314904520
169193457
1276270050
71421846
18682950
36380763
18197477
37605443
392718842
25531700
2888895350
18974506
2485458836
357155394
1376556194
916593974
486064418
49044100
33014441
2914580629
20263560
124735488
80315611
725410208
382584903
2915980918
18987933
2374721209
2894129039
158237219
49346841
73186491
374341390
2500029541
2811143226
360789357
1122502634
1283037218
1618402586
111701670
229385617
13076512
123854583
19638674
131362254
84383845
49527829
30249176
786052298
510915157
77030604
2434034546
217329034
68799216
339213689
17559270
47820195
17839580
783440136
2559201936
76035233
16146177
87027153
553966466
84858636
29450569
3253860496
47574831
1283694529
2817664746
187990590
3291159771
586277175
160206871
371307160
283711814
18026989
1383311016
728352992
2653905158
38955407
1245106813
3236565574
598481843
42013553
948488467
2577022448
1096210890
128054852
20884817
2258982157
58629575
909184910
27364213
3239280040
17607716
78418362
84768611
18893579
545128890
233175663
21164266
3110598310
151190464
299342126
16074627
2596836636
2548815006
29193584
85904704
245059814
282256478
47735407
19311403
3018704329
18298682
16120736
19866236
373059134
992132156
18619112
17056335
42741784
177237948
839198670
26037034
11818782
439559774
179093899
42134410
2815408383
11086372
138285632
6034992
2980116455
2230151202
72083921
3131662216
116486513
519900465
2150956357
1482015468
20773801
24658939
1970820295
14955144
60453038
20711514
15134782
42793960
16430640
40929930
392044008
2396888677
26211488
846709908
2991519797
304408169
44692040
14124541
2204342798
31883719
58238725
21481247
3248153308
6797292
767936412
2516078544
145062108
41044925
85969070
14926004
2241428113
29206056
200415607
511200126
3053095853
3024205816
34291670
2953139213
210522936
2491375854
2926637179
14750348
267774883
3018924263
3009966860
2844524556
10458822
2966382183
60998641
10427102
2424807881
596821203
3063876957
570242236
305652634
414478228
59148047
15523587
271050823
2011031
20408593
2543321746
423545628
19309084
15931891
9151782
1446685248
55085068
1897397294
38282454
2250599796
1897859720
209663798
2800041946
409341961
580984686
30290184
15369997
2853419613
180091701
2690050543
2474256654
1074466633
52885542
311613062
17065799
377579620
2433771378
352538333
20117992
827561155
16383461
95808333
14847675
3150682322
2222692323
103502090
15453144
495651057
821409122
2967662663
142296497
583777820
2292711115
347550951
207495308
128947971
602937502
2547440224
2191079366
20914207
17066838
634780216
189271700
19747132
818049510
2557
74809221
23917469
116763916
19071963
336073924
77947545
3027173564
300012060
1528220317
14847794
117666048
2226208183
743066845
51200602
277180242
166951898
748414452
110613454
213663779
2745708278
393757140
2923344250
51899921
18295289
29489300
532511048
480049675
896685049
1060946510
1870073576
1455195492
584837011
2240942538
385985396
1713417312
509459216
1634210364
1544275620
15069827
193936020
22426212
61150150
43988067
373030121
2761257289
17055162
2966527019
1180627544
3055996953
2518026300
162317442
55441964
27906186
103920193
14962437
47262650
90977040
358602019
28517422
1262751103
26094126
3131142095
18672535
205410030
231795293
1481363954
270472048
394111694
1217220542
156641052
1103780004
275663333
27436100
164046774
2996563029
2882613539
20284834
14956989
221460294
44624559
17087992
39952775
399483440
15771056
203158229
19192943
833071
14813827
15058596
14569227
308531452
154016912
309755530
743763
17414957
291
5025281
744463
64716375
20546889
282756951
1665389017
1445665562
101806923
2162697578
3072193723
19313500
366699866
73437080
70971351
2401415383
22496173
201400030
14208794
300193472
40698929
1907803009
2924437942
16385117
12166822
15708205
1735241
144605149
557742068
7712452
32839908
16703742
15081182
13455092
26237612
26493482
37707571
44611294
189500117
188352302
32521696
23981659
17372379
253706351
15220491
16049194
77245124
47107201
2151139585
14171560
198483889
1269972008
323674841
10544092
718047601
31799864
83638324
336162539
27041619
22552167
44962010
109585259
177180626
166818534
21327635
109813602
355447207
2430917342
24735785
15569236
130689522
227384097
17446359
41169953
2554222386
11263102
16134540
408440808
250103509
119802433
894057794
534563976
18068926
108286674
36740214
26525599
68592846
14663358
6280722
483302252
787300813
2597742306
44960528
15103213
19936330
17043455
2429611236
17193794
260672276
295680421
14478703
198639504
77114394
22145868
2463176515
1568540281
6872392
10408582
39573025
84319703
18458170
2992631827
321299775
27353704
24317232
17593208
15125585
272191367
48699398
397373006
136234435
9860682
760064773
57878571
770301666
16582070
897933122
751861268
253597940
2396572632
55647028
29737742
2655079123
2520999920
18619651
7905122
621583
44405877
582199192
740865080
277135779
17623773
53785759
36456345
41414815
14519903
83601032
14015762
19611094
54613421
239221322
2498916260
14094570
2736244566
218145659
231497809
7363172
2208401
559956166
1584223374
15066876
22620173
53234546
240809519
12894322
90493283
10557742
9973582
30600531
2477946732
75274608
48459531
51428039
214272214
115103086
21279340
2891391166
60049728
915119508
38670441
2891423524
2910291288
81947660
18721517
57150982
622437626
54680395
403283301
191578420
17074868
40848717
287829078
21773691
2933747201
1676828394
1018207584
20167623
476700973
393033324
13920962
28165790
16148602
78890502
28113651
2601806369
85935707
871684052
580299335
60705754
431587477
24963332
30779492
44938068
18925187
2922878285
108669948
80354667
60308942
14128528
1196008423
68768975
25002538
250113191
795663
868637460
169954618
17936452
839891
45756881
25616190
9534522
4312721
14763566
12852572
30133564
66420051
15982120
79546465
40837900
29864564
2875031589
18497195
112198848
9038392
191551530
270440825
323382076
16495231
13629702
14512622
113963
15076390
334940237
35828278
138100324
581907862
16943509
44343992
17513500
107112228
18024546
176837327
14717050
896384784
41131434
188831365
14502537
156727411
301030040
2905721536
14090245
78100510
163559811
189244402
1670707770
41910536
1424091109
2174450946
56375972
21613188
347858497
141621463
495095399
582859926
9445082
215986132
18943897
69648081
1620774595
46768880
1380711
14284905
283624395
226940811
377528527
14569371
195840146
91942071
2893971
573793399
14147021
17850785
2153510910
252617018
18294737
18911384
402295384
20822287
357110238
60392412
38463105
148577275
17354555
2612623532
37661465
58509201
14273894
28937654
729194929
151562486
33057154
259613476
2232948787
203831076
227706227
368970737
54223242
16644993
754556
22535726
839321
8596022
823102
107267818
16943688
79543
60642052
16249213
22330739
6843302
2844149048
46116456
16816193
23251100
330419153
113658111
397450344
903102410
98498777
126708720
214975484
231657017
474662932
14072398
36093693
42609957
33042238
12599552
19383954
414399556
14562685
224765197
12460982
14109159
21817647
14342000
19830618
17307429
18994444
126410058
1949106596
629967407
15082919
23956621
79289120
423695887
15438213
18530209
262589969
2669821244
302285697
1563549420
114201048
2253956840
14422050
369145698
2456853716
1529244547
1345401338
1317763788
1372279680
2734386246
14370402
2306431604
2591093089
163695938
522418269
20591919
14065217
14984090
11069462
2384071
65403660
18771740
52761222
146900965
1468912225
267283568
14174897
267908574
26541456
29499583
2317184695
2518515180
354960089
22972613
89989163
1608854442
1705567818
1650420415
14909726
31690585
543560090
8693062
25301970
17110946
873482612
31945778
50314372
413354646
316629602
339613727
16049954
23120076
10005212
15711951
66780587
75049601
19732466
29336816
534396003
116511848
18944153
207505157
15359864
153813467
13678662
14539324
15426758
28404601
262940517
61001779
227830751
835463838
286430864
104211492
422725849
1364657870
346647095
51189940
22609103
397618261
2250938569
16884750
37341087
28122432
16334085
42650103
42651013
29750108
238297075
32512000
108394177
66769267
14051115
23478246
263850671
14228317
13281872
745672716
485338649
23871787
42052057
22825992
28661001
25074920
1040297118
22055235
49383389
289376224
11581462
16435052
16813334
52433354
19543195
14162990
18566782
1623111458
202631628
74543
568304412
7453012
1585
15492359
7277852
193030139
91887730
192378760
149612713
49678771
20511208
378082711
159857571
73147282
5847622
6145712
12590032
15287395
15938579
16311483
16723958
19538946
39788858
62036251
117467714
149577445
152581968
156303065
205692244
15460048
16684965
515833127
372548499
490769311
138797734
15210530
40138802
64603054
7871702
39600478
40944822
21590574
14085849
32400414
476731128
22012149
42704972
4787841
30937524
259725229
22281788
257104745
1265324029
107597895
93734432
20770252
804537914
317595314
789969122
427505132
136962066
191130837
107740210
14734548
404785574
972880790
2431659626
30076916
32892677
30702783
297634125
44936786
762267686
14579728
115373306
17163203
933572617
12796592
17730328
14499048
13999822
31460878
139096566
38106867
14909877
14563023
72998401
16159736
22826311
14200773
40007653
142310647
17401169
1353871
71322279
30876481
16011628
16477387
14395666
1577241
1062731
66878381
368103469
106789870
182539117
11171002
3021611
243908160
19978041
22860910
16693331
52511835
15449070
25467007
14527970
14797045
26390322
14212551
9898542
19203429
51286078
18000505
100284732
1969286802
106071399
553729228
58561993
39847685
37776670
951850226
50939705
15346319
21429357
50645383
15126388
155351336
6535212
14260608
25722218
10202
24266406
50885929
50393960
15808647
47586577
15827204
85480244
48523167
138157935
18220070
21814854
14245720
1098351
5874452
33562820
20283434
20101824
19908809
18939525
17823230
17635560
17528791
17029534
68852717
24889428
16222287
41197692
17126351
16049723
17713799
740983
14782267
65562403
12512412
15017284
15692087
115293517
31571468
43764123
23142051
48787628
47401069
19576326
82364810
72553509
23803664
21718070
32083265
19389668
20180244
8724862
20774514
13982132
19540483
110896007
9337792
37614126
19306563
27663215
18818329
34055918
20419431
16888115
4503491
18927821
20629862
46534439
19573968
15208558
15396948
19274167
19689898
19781658
19734656
19595172
19556808
19378989
18903282
18694606
18164823
17758516
1535551
7177512
80564316
26047468
45122406
45448335
54383839
76025663
759512
709003
26781113
23657271
6074672
7139982
7157692
744613
72809879
23616643
23023343
22877300
15514562
15994577
33038934
33870607
38371838
39490701
40900843
40074445
39509893
33573035
31954644
29772588
21662434
15907057
15690115
15129294
15076796
15041845
15003820
14967171
14944233
14815704
10039832
14250239
14565170
14645793
16581929
16512750
44743102
34030973
20331024
20232583
19668487
19539605
17747725
16426597
14719523
14676708
14601310
14321009
14169415
14076718
13879482
1291271
12854152
10694202
23198032
10839222
16165428
16440234
16663246
16847211
17290187
19068865
20969391
33966077
29758844
20778540
18291483
12565662
11294102
19172241
18989787
189843
18761960
18481868
18422904
18297063
18053
17768392
17646865
17635797
17617144
17557292
17442339
17384082
17230106
20874573
45907554
14142106
14330003
15241725
17594431
18452707
18890819
24879112
40904048
57767837
8998672
9815842
9338642
6237332
4644511
3161041
22535034
16841257
16001462
15244533
14632806
13606912
11739952
45559806
17570746
16494036
16150806
16149017
16078605
15344264
14981005
14328024
15110984
3636011
4401901
11003202
14745915
73433
38272937
28752679
2361341
18128193
17807092
16129717
14136246
14121628
13253882
11665282
14542020
16639580
22223512
21066928
18564286
18112363
17858890
17451816
17067971
17011771
16005254
15832293
14851897
14561838
14026072
14224879
15330336
16424702
16639331
2205921
2273461
3633291
7463292
7447522
5881282
5552822
5476072
5071511
24183360
16529046
16516310
14710377
14562612
14510165
14509654
11667452
11841802
14149403
32965807
8238842
5384342
45718934
34919745
17577115
16666454
15874838
14526680
14403259
14279980
14263015
14140467
14111788
1133571
10223592
48380884
38475642
31173194
22873424
21772531
18479506
19933191
20218354
20436158
20673456
21049139
11021582
14254932
14888704
14931854
15413825
15634751
16283876
7823562
4938691
44513002
44209197
34716715
26369269
32072021
32769126
11709122
12098652
12472262
14237384
14326090
16416435
14430575
16427094
17497883
17959771
18689991
19600705
23476637
18959785
18218724
17546952
15310220
16145206
13088772
18412928
2770721
9845202
9706692
9388262
8158432
760692
75863
7446442
676063
6712942
6530432
6520472
5408622
4968621
36258910
30522990
24085478
22347032
20291186
17324539
16656237
16417816
15354468
15119687
1468341
14548783
14521096
14352773
14264344
14231773
14181505
14091309
14048598
11799082
16343659
13100312
19310851
33612317
21645497
9747582
8662922
5414162
43898764
29712710
25705164
11717152
15637243
17146534
18837030
41148303
19428178
1945921
19772120
14068858
38247927
14855969
92116069
16534327
9716792
818591
6090122
48785299
44682447
38316847
3248221
32240992
3165301
25286763
18839025
19013776
19180334
19400678
10234162
14187406
14290086
14906421
14923504
15056540
15853074
16262197
16366946
17647646
19356110
18168148
16417798
15416671
12696972
1468151
17768235
15008449
14828906
21239049
23825350
13348
14454391
24910297
16120846
14335016
14065452
16654368
14343314
8729522
15174216
