2838329579
2422331743
21731636
185402175
473212919
19767193
2478762205
124237063
2804039000
577178402
1075839398
2650779276
15802980
1486627501
38530021
1927293582
15072657
14584738
614845180
376155979
466914285
1040758742
14267832
123582098
201239379
276769468
1519183848
2147984755
575655913
375155521
16172894
16549460
95233492
27924685
137460929
296624994
127910801
299779812
389466979
29347448
46145761
118577485
543876839
495517322
18735573
22462234
409154376
26817726
384182912
20688520
212299083
17793440
48306404
12340802
200634860
107174526
55403536
305676879
262365030
260999369
98395292
700118168
636570073
17944633
215420646
388595556
183548902
439281831
293116923
14071166
214815656
62963
390721007
146978606
314758565
384494715
20361904
45373841
41215558
235893096
15173146
332607594
59474697
16852067
78344516
386682375
223560830
18347808
20364954
60913514
135589569
29726578
58366806
87569989
17402097
33279328
171221404
35304791
14109167
15154811
32160273
19313995
16629477
36814136
82336717
14458327
15496407
20444825
