1260994465
117575438
18951939
703451222
167192219
50219508
48098248
158839106
78241038
605551469
27896191
15068860
24272129
201776644
297858185
69898513
221153484
761163
707362213
262740655
150281740
1250322626
399641811
361545784
395280676
15674474
16256416
20652877
74531288
211208100
45464436
43202658
3303293865
9376172
18540503
21113166
15865042
25084660
287453334
2982126909
257796122
3005697435
488620840
19333719
23645988
2573157846
94215105
187990554
2897041157
342918164
28644174
955221
88975905
12193342
10955762
15840194
119506909
16041102
270525724
22781840
4488
3926861
6730222
21266194
57452656
5768872
16399949
38586850
599611634
801311472
15953279
6123762
54613
14652452
14557257
14129984
820585
17820399
2874293494
18931678
18269124
24622734
27261369
23859832
66016697
66454861
350393278
252184453
1249842902
94143715
190342145
424026459
18003186
19427976
21072005
221465055
377715343
498189324
211628482
24926522
23393212
29525822
485414654
17600869
14940354
29527625
201738137
1227998718
16017159
288182463
40572050
4344291
2479845637
54203210
26588937
21420418
214312348
26044294
16228398
13928162
18855108
22321602
950531
2450043698
116017186
355250603
2411539585
17198424
896221
14800270
15905103
15987690
16246929
18083070
18637396
18949452
19785281
20562637
21212299
25053299
28140646
63141999
91478624
15368802
126164853
14454645
86876958
1180301
8855582
6129372
1871656560
28651851
363368593
1481347717
1872403464
112735591
78648493
2220371392
1561509624
423766285
2185
19718279
180840144
2305428572
118452542
2155649270
1013827207
374356748
89690502
342504406
115569081
161023696
134891395
119166791
101803450
69797010
66379182
52272942
39796874
37687633
19312432
18136692
14928734
94129050
216481402
222315304
236842868
258458683
340613443
15631792
224180296
2168938483
41976927
18889548
9753702
332012070
280244794
876278060
2203391322
61068878
53732896
234540332
707828913
197456650
2176998871
1299995892
54868360
1962367513
1265863866
207285967
369206130
15439395
12816492
33389513
1411902361
147783132
129962782
1901344706
6199352
1636590253
22650211
7744592
16379018
29546945
52070270
19079396
58550415
75052666
361342191
47321029
205864193
71294756
252763592
292929561
254117355
21619519
267921808
282735852
342072272
23970102
607289206
158426909
16031927
169203819
18646108
41634520
26487169
16129920
227837742
269852626
1729979532
1601497884
1705794840
15728161
16931360
105915404
164827760
376696953
189180763
158658574
48302030
42501345
81381301
47448886
194505099
18025377
21481343
47455112
274699227
255689417
569446928
235891694
49969533
23330998
148653311
151058995
238519301
34240147
22741371
268529448
338355113
288755234
283022885
209546064
1708344379
36171449
1588486417
34585085
17393196
22062980
46309783
58316624
28628850
182824991
455288410
19697415
18839897
9465252
21600144
87969610
26536479
138797452
114598171
125347954
195404421
95090412
96444937
22938645
17498493
73779244
48802204
17074440
450941680
18812572
119829799
17134268
27901418
17112878
23635356
37344334
33514869
22676390
21258337
18776942
56312411
205392468
11856892
194005659
25521487
76988818
98247788
157217115
14939981
19877186
17158189
45607170
390985197
316389142
158414847
191922531
16303106
17948947
115485051
165511377
25140900
28221296
113897988
19316817
35859588
112508240
34036028
26053643
374149064
135177506
250446648
19777398
15485441
238849368
134846593
30332638
126491326
190318706
1598729431
224061353
14774984
596001581
59865276
15432330
288336783
75298742
264618255
372992377
334267972
1470190386
195864514
1347424388
222876742
34781412
18794391
64643056
226348151
186159060
838191186
390517851
14247287
19566062
39545968
807891774
56714261
19041096
131053239
18451012
212038869
766203619
19885339
19343674
540060226
55064554
156262410
42926854
1254646819
28242309
935635807
119714092
130649891
248746265
64468575
236103419
78935044
15292233
874278126
7660072
226475070
35466620
248631816
338764525
53000691
12128632
184073246
15087011
776663528
57036054
9130702
200949207
8862532
37683414
14326724
119146152
24783836
1101265219
19077617
981532928
157745644
1183406323
20442025
1023199591
30810544
551280788
17444281
1158638582
1110621967
1154969257
1154989675
16659530
15040939
818776368
257933992
539258763
36830769
19714366
86330674
703808448
110754329
77019842
14689159
63240797
189896485
21415998
47231307
1765131
45865400
8068472
142486166
240734425
6931262
15078969
313559940
222953824
15222806
1093090866
104929447
14074661
25019638
524304298
70895150
87511389
42727018
347263743
119894631
736840885
55404121
9507342
18587431
135676285
20476151
66805055
211873672
29353254
19994013
256121458
17468313
18430345
20692060
17220066
23633438
26424329
776534958
122557484
19751411
14935251
478020215
230956498
39096306
16872152
19699794
28562317
246481013
306705581
18332190
14080610
287762572
14529929
9692022
22745840
577453189
601040431
71349174
35090042
9890492
24923175
314783463
12608702
32262202
428635978
19367815
19698410
551483989
20512928
40539779
349859290
24211697
24607532
243030753
81845615
805276508
332876560
121871047
71627462
16482504
18771370
25745651
51263711
390949134
8461972
35225877
21108916
16711043
22214469
215030980
538444775
561405123
619560015
237514094
61933964
19135435
18249102
58834557
158314798
255052255
108471631
309210897
33240252
35736743
978437238
30329134
991996831
906704156
15858975
579995383
766929900
80716991
314102894
267922945
251149501
14563824
57940094
385628203
18345986
29401359
20935798
574807922
515403346
213444489
196134371
88851341
14080982
318849361
476036449
86805828
191736549
988927418
56400518
341814428
331999904
465934668
359537956
15093018
467843369
632016203
89839556
20178419
20563733
16951381
287535483
22892319
818490
87118921
162797108
73547872
17361599
619754260
86270307
58560501
18220175
258532185
521138901
141596154
767432077
778780994
619974637
612477542
711482478
141602063
339904117
965454786
24143987
711442201
618125860
902319222
252501946
599744219
602939988
601620632
592524562
957225421
536248357
535446258
534826112
979625292
618875932
983228635
606868931
282060205
448411940
959835660
88501901
52534584
50137443
259514750
974216011
14528306
979805191
746119621
969086144
965417166
46121789
974888713
978784747
17881816
486029893
20813045
609157162
23605343
562412469
820898784
44283569
555915528
130960357
111866614
14073266
3718631
100143392
4170491
30078212
103655804
399670310
365529311
538314980
19248997
49960240
38856791
19811479
131967946
244300155
19080491
137480382
28214050
297556877
24405147
18326881
14085662
740216334
939055554
22084186
20608910
443164352
17878842
20971676
43553
1401881
822208873
14182101
23655084
5391342
12612432
250434323
301144773
17466668
46157660
139237227
305723585
948988088
46233993
382303104
16871384
237509103
226182259
85500170
946111374
26548315
823627322
18576537
22498170
117355729
86275077
390822710
170604406
17006804
24618161
43898545
84370522
314542577
800527196
137924437
412786051
308432994
374734681
319337461
15668875
185722900
286990857
237784492
62052619
285491707
363127669
938443152
359282528
146400051
16017996
217682034
15865896
23840585
26985345
41351472
23055689
113113388
66945859
520416450
922642434
626120917
939053647
939129020
337754964
939095844
937199298
939049508
939135799
939217440
939175291
938888366
222776460
258738613
541076667
811230716
252629056
939212954
92419202
227580907
269959695
933096085
225870709
432149556
416154887
314193526
939114534
515537401
905583116
394209400
926737376
496318338
563558403
454147690
382829644
72508848
273024893
47319227
315927268
244254714
120671620
939058220
610722264
200420537
65041602
861187939
267818919
712122564
112161782
635045029
18769597
840951090
20744669
277891414
600760829
717865861
34332016
14152680
349567651
289376963
445017597
17745853
26226279
1103021
583859507
20811190
16581604
28163598
166990746
202777395
349221525
17997467
21882576
727423962
43018238
46595631
14955908
17092777
93290976
388688351
162970202
90120973
461758228
132955370
155620016
275272403
122218791
154314000
26098345
19539731
757303975
819999
370152417
19949151
322944234
15897341
43425975
121165704
41272328
35218566
551458376
92544987
22444140
317513264
48932115
382086150
541712460
463999184
111937991
35263956
284764592
49074629
176480719
49718283
373078372
69172251
726898034
106186175
71161119
244817784
451626612
188990503
50037799
606566032
244287360
19221303
16541868
61011257
914767849
31309170
235610841
198000806
42145896
19170880
390109437
421156909
34399522
595762470
78385982
281227411
22164438
781048476
413514582
155061631
37757296
73244279
403543450
77893674
461681102
20342218
366830562
7009542
110299836
58290199
403759152
24560888
467048848
334993399
291910836
69682753
54809349
416667533
36212441
49867018
106325107
511404025
21107950
34856328
169298718
23811682
127673453
305649251
27331694
53442922
71888903
21698487
71707889
24101967
918231744
23232291
624168449
48175178
284782326
623998022
65194184
349822136
14162740
6042202
33111056
30739456
17052800
447868377
367902240
66603713
48167435
52196205
34417758
17633657
46425134
611434377
54184963
288730262
14085981
192543318
125826651
171567324
22674471
392268618
25448459
12364322
26067145
19352901
260005550
765846228
66145799
241339500
135549931
20637313
280514431
53138838
46455155
35309000
35170676
71831870
82142442
80525871
74017583
515164105
19834403
55338739
44928343
18754272
356899291
143986509
29479859
382415981
330681425
115396965
18618769
16868686
136631660
16252784
198964028
182398325
139801704
45451836
15191386
837506203
437956459
14460241
279306536
15391930
2267241
15418628
93942374
19558672
15808218
209814743
15574534
18991321
77888423
27333
33426913
253251887
19674502
239874171
67801014
192954432
131941249
21689701
22429979
15693692
15984333
4207961
47399375
21353251
20002475
40277679
82984939
37636667
22166136
112769225
21209333
68534653
36832252
37534613
7452872
311128362
214693898
17906193
34657491
37669435
15335534
607465817
17632148
44186022
87148957
354412754
255909424
776411899
20404279
864609228
16563573
824157
16241563
29878813
154555588
30038266
182107650
17064400
26559909
757569230
146504742
7745002
21087359
18531849
25178152
36794296
14133760
51188253
30478476
41591898
436852214
38548612
23989985
14469461
18053253
17243582
302716548
343035046
11783502
13023332
22033805
3032
11489
13062472
13436572
116060961
810424
278211420
794407190
28180607
34916206
200596433
56784601
287248013
19079619
14550005
531898306
529591144
123300331
19166900
27421678
31155225
21630311
11709122
290081566
365225968
72873410
70435204
15473958
54993272
18401869
57778499
11771512
21251668
63004503
28412286
706095235
226631680
130076725
96711247
15573174
78841096
78842678
78813862
58033535
124952225
434127473
543958182
35398550
12766522
626987582
380329513
181752712
25267381
33686261
34981934
44243495
30210357
24629042
366800080
54461632
12007872
257338042
545503583
236022441
356478159
718392715
152118096
18495990
41438029
97268247
80966234
561987800
742563
39085952
308471205
591981595
401989810
495432024
29511034
285059293
244097711
23197119
351187141
397252150
28210960
417983601
377785450
379179284
743944616
379783130
33370759
436086134
600688052
30500349
17578851
103170861
64912366
147351237
495228523
395640448
125813072
19271744
44081772
26713564
95681845
271719403
24040708
217938160
32084321
25766058
22576582
30312376
385159436
487014013
752232584
218544627
27955128
18904722
500264216
36753271
603952910
15336950
94392708
192749587
784828231
17638882
90755137
729234062
18425066
215970924
2247741
309041692
74584032
81861587
14209481
76295423
17688911
218523739
355565919
334824646
66453122
36985024
436449416
508769785
480889120
563148631
378658703
347522431
167980106
75693075
589425352
749706721
380452732
448590389
213391476
83426571
21784211
631110221
759663452
30221787
366288111
337857007
67535820
461447704
764553560
482365339
72876362
382733064
22020614
322609482
61296340
78974080
173910815
701912642
349876936
25685954
131913659
379313675
28560479
369914465
382168120
47348140
19077137
20543606
583132798
31219443
747594428
78838930
474905615
259008712
249775623
48745346
575150838
494607890
39754225
18559803
14246801
53084582
105444112
264513240
297280062
36166600
55604038
18350448
71383553
17202919
357650733
150060272
113268736
246983237
27512619
741718993
541906054
308098505
411040445
628489605
335362551
211033052
35779129
79345161
66230663
232627725
565719608
258527911
22953546
234774514
51563148
20344621
802576196
465929497
21096570
570827198
22715303
574485583
58130427
20337278
94414042
23150206
47486156
705582252
447241751
16821211
252794758
19916238
194778505
23397915
60835673
50138369
68578835
271726939
22891326
102507603
246511815
14173682
197868529
247182528
98658482
242143439
19421015
98075745
82724369
280745223
807021788
71331660
352463048
48849774
492423476
17544498
106171879
49811632
19143677
637284079
41271900
635640513
20576032
379455667
42660255
3221921
78305786
126688739
49099361
570127050
474498421
700775641
48017881
316216298
64090343
778724700
20267475
163567649
587145450
751901275
361665587
469633595
95963257
258339909
43531914
34627140
83659000
61058363
19315260
14633875
276638867
228386843
583525196
119433286
21274637
55567369
457923760
16031921
94621526
313964626
259773915
580997146
23947431
575088840
606450542
42326800
462077210
634214038
9175602
235071844
313341666
24161200
16206646
771570278
61782682
728412397
229496462
54991079
613016428
43164131
99613846
178329972
529424143
333026976
19370810
791893795
774887431
495244051
78822862
16210841
111566443
50759438
21611672
22203964
185335373
221776547
364204932
15491423
124634127
24282021
187090157
372717929
29015019
192784160
393432693
15307742
326120396
286386703
134387811
365836255
242366566
39819716
481257110
166538529
179218353
556818121
399240264
139996948
20041121
17018770
20696217
211806579
51938397
16361455
145189980
12004852
346423059
142241301
50394550
582475251
98457959
119382790
390191371
387310234
133594265
230286463
401939530
66328582
351554584
74365989
270978382
50708377
28432280
82517581
25114547
330373787
20542013
386943799
366302951
53164254
263251357
20780965
175926954
24404024
91410401
366570261
118309336
53624813
450561130
445318161
125523670
337676988
417902758
40294258
184568733
423945916
41403253
464132417
334881109
314260116
237323489
601451754
59501098
31048041
225624552
15160640
220266778
110821846
109351168
751343599
212769942
192719576
27194414
447611647
43919070
46409946
735379232
173329245
304820025
292020584
411097940
758346426
342727244
43249574
413925900
146139991
69769956
21230480
213147751
47252712
21265526
71941220
293021942
490644288
59567851
28685202
372822257
167558392
26060377
22444727
188922204
322939893
185694654
132698610
89869735
234465665
345373182
112477030
291763558
19090351
799279850
56293678
804968352
291365712
762096368
75094137
778693260
30769327
182166115
242601403
29591763
236998068
87826783
21272239
446756697
43412564
50441480
388599676
294763153
294351158
117063132
539325012
60601537
80236872
28648061
177986404
35558655
45874204
254706174
54242327
166801505
479717154
59527872
321496037
25796744
191596043
389427057
41385341
213679526
805328108
31282286
300860107
34845681
289330894
298372279
176958955
221614619
24279161
22987006
111184415
25732730
782997103
20534687
569236570
32161651
18385503
31052819
705152168
19242662
492541160
52466488
60930130
54389059
144683879
37469111
24581397
31054579
483680843
15243869
120148681
318491114
274031696
249802102
21597815
122205252
96059100
506396040
14787713
37672781
114382211
31978914
275529715
209054717
491754307
29973664
74057381
50639565
299125200
280185946
47512100
218721766
29324689
18688698
537382334
17229428
72035886
435113746
14107896
32141248
70934159
114836733
365217367
245448990
364051494
65694571
548862481
43552597
320233932
449038901
71018662
40174227
234245484
20833365
193027506
257624011
195926512
23966426
358124591
123469431
223538689
113949956
791051378
16731501
454323057
538563744
526632149
25299356
18448384
82033951
366234958
94378996
25656688
45541600
104274211
81736910
201546642
372142108
124946841
458217937
98414915
473070067
461420453
29922079
378009300
19234510
17681451
33027984
340168906
776970056
387199921
138612470
232739652
531523403
402482231
12229172
40976103
402353316
21966831
35411224
50826280
19846884
19330043
18222378
134983259
482192892
90469447
42153282
164308105
20932493
381560749
277523629
51180479
233374314
226404815
26038910
27509750
397556555
421567470
510729672
185210450
73119448
15854178
51311437
259139777
21821518
233795529
352046956
207845546
40410413
386273032
94040599
15171487
41886807
355519466
602009422
178187794
27261561
16100069
607370241
299451101
759753912
783013908
423940906
311013217
58947416
29952497
80761498
20379162
216955064
17824680
533552719
75297677
17292556
802356962
25254236
165097875
17681570
28990306
24693152
636746192
319649781
597657001
290773130
66146540
533660709
241142758
484326188
14857010
66280222
45279589
26131351
68227499
455952472
224401856
20468917
28501921
517120707
20655178
27053975
19621112
20349081
24922385
61509770
292553239
401454816
349660063
347547184
520692665
391789166
126110399
139847909
24762949
14169765
20414949
110652470
439590075
343179400
234746230
258092141
14513082
217660495
72882237
43324450
447945407
207327838
20244625
423489573
66049656
203961786
73131112
205365601
14558360
193595507
180584460
77216955
75541832
106535833
94198367
386505292
331058416
184153602
37126910
21781959
323598666
324603488
15931316
274673392
26960905
163532504
157739327
775998847
30441705
21040785
45113165
804066667
48785721
22040444
208024613
479065167
294063877
147702877
167993518
110862401
15831849
635953203
61787006
91372792
357521496
261423736
221217524
46671533
25312950
215566500
21277224
285602644
260373092
20825945
65264486
14663554
243799188
309214641
131745292
22069613
257441487
231131287
416753374
277309247
128193276
39885245
21570308
22416217
162925433
440890402
18028429
94365114
169849985
226000280
19147357
186928922
15556625
498092783
33813285
44639095
379314159
90547258
124772971
422084190
30950133
187564579
305868445
328080765
371410003
87201762
15853774
35673899
473048149
444938565
38633800
262511268
23067938
260801640
189874616
244826798
541801926
109193836
234360839
120804360
549665631
36121875
136950479
376945537
229341367
14227196
713388986
75597841
45722797
425031192
795496140
69287642
408227660
376939951
42517533
29911197
741719540
116043308
701675550
153613428
291862618
167663118
166637494
35774060
147658094
271054682
184795687
34001699
784154252
249850165
264911521
20401086
37964437
555373111
415608466
585261445
356659324
290003638
360896183
153123282
205439241
21926137
290788796
16001017
419787242
353172054
24078679
72865191
495342834
601360318
64733210
581971753
299923688
545471229
370899317
6896152
600262264
23186291
289096902
769866336
32032824
572281899
402163123
407160709
330619205
352835034
209599737
26320569
293410996
529041895
259303621
61971421
409740138
244169368
17858039
565834900
518529766
185468636
37914176
109866585
93679103
23442090
456024195
446548693
130705672
268702497
312747290
33734311
100357165
16897555
589211608
182166689
298787329
16093070
51343737
574241307
297790349
552153447
384624600
391012254
789341180
19274588
33886909
69318866
34991079
10672622
491396535
211907847
25671564
21946180
22866353
47360386
185804436
26571133
153188642
279662249
38700091
64764858
743837246
119161764
343106949
747808184
240326433
181241591
206379536
759730902
787845938
45024078
115049250
208834358
206659541
126037979
283981514
181026556
167126891
489872765
224909180
40649989
248353870
288647299
720534972
9703722
581378471
868551
594694107
15448204
320353743
633391953
53454896
154537373
791267556
589857213
83060431
593368720
191502777
161614602
220971012
785743682
722581142
49927374
320876745
484922295
251675313
112320594
735510750
353072902
730493700
462530999
504298519
44859983
376940896
103984634
190773968
17945884
310300275
600638083
26112870
73038424
45018554
313011208
81128029
106272855
8171492
37384635
30469289
740637702
25706715
125833887
365207986
476411819
199925524
339950306
130891204
119268489
19477300
269763084
751670166
98058335
46969331
498412748
23009393
18111774
247277350
30414118
528523977
658253
458712394
234412567
21101726
709341426
263133165
602807375
182100732
298673250
80988329
355702135
243466316
283072968
166668718
377556601
476020133
208679316
209092068
473335440
566224425
81037598
35196679
54203456
73239260
77967598
487448993
15294983
88556909
5134001
541109152
260045280
278703033
104820459
496359515
367901817
16360877
70130849
27560834
14205679
254774836
62826532
760691737
20888104
18726975
24562167
45493841
246811996
57348752
33744814
188916172
17474881
292060972
89961138
13443722
2242041
19034418
67234520
67249512
774258589
785642912
259116019
407497469
375912640
22703385
35128543
62347411
15992727
25621768
304687330
89265907
375229789
428450289
16933756
498179514
17402815
581402775
181821946
754043426
188558682
454511802
18067691
347677706
361071717
484414191
17586981
142787706
20374087
263372617
15838427
13621362
766024458
410860101
218475476
352048722
794487301
318789153
394861519
254324178
161723761
385512179
21127681
190849706
24543228
218538865
49491167
53122252
176705268
224942282
404907154
295690525
287445006
346033005
145622424
291057560
36608899
440224059
61206499
193959617
269451733
76612198
49925816
22376884
164447466
261485664
32735910
316110009
119140720
793306855
368818249
132362696
18013285
214791922
54643
300461595
406460895
14066013
49434087
302009252
379521181
148179704
216919494
14612903
403172214
18223943
369655618
23947580
541121097
88962884
19930862
18270363
51336581
21635603
26005385
758364926
629586355
13575602
390817406
18925432
61270047
387244490
372581386
61275020
630773651
27225271
384534857
206377654
218752743
203072061
211892358
483303820
265103514
743288474
301539836
182292799
723311773
67151309
600979523
36157316
60202502
471647748
338422343
317477339
34108145
532642886
569327144
453971812
729317136
275985191
340664629
314421488
479046478
265247564
158123881
84754103
517176365
768369356
97755495
237482411
193880067
392533668
20802652
755730884
390347486
580478445
95128356
43045418
139993742
298705160
26160373
735424783
433159743
59584109
23319894
46573705
77134566
737716484
208365954
20490406
386662062
750087510
96332476
226564436
17913158
83413176
250995354
198667582
12550252
528772511
517280599
17953825
357639732
18906249
514406334
220331653
399788089
88551404
18367950
750152256
126695871
382335466
129668235
340035999
473791003
16127048
41587631
354850303
48758242
18229592
58579546
16518988
534376324
236862327
21524994
38950884
232057346
555962012
20726002
200629634
596278928
15740748
46511993
518670571
24469668
43429796
746403452
45673783
100448508
153526559
130971581
764871798
333773029
14823219
154559135
153588723
26265231
612998306
192967792
22861361
247243942
19983404
167767268
283354416
25642330
217612180
310598823
164554647
86735591
216062241
100133813
570555313
15089462
88953575
612582850
262832412
165389704
727961581
27533160
28177871
625187030
49835740
90767967
23619366
24571972
162378377
8055002
178620795
2664961
146225168
347242147
66040273
69971525
58708914
147806359
24295385
180441239
39162332
348718178
583351026
577649669
702165217
194465540
764771378
174654805
82992743
30928405
250319584
748506912
42900240
23886947
329253401
277002407
40151373
229019559
369655075
201582281
15921945
197549211
750201031
460320386
556743905
3798271
146908773
701157956
318131030
755991799
20940055
635369709
573914052
470435779
217653755
262032113
85183520
35181925
75937574
171507296
262749266
36842911
59247769
183122579
9817452
58646788
148978283
84910684
117234537
172058499
14339711
496412014
125830694
241421015
243380641
53170036
232423087
28550405
581217125
56815391
622480086
557835220
149984537
66391136
789158
263744574
467960576
598342514
747178352
4923711
202342185
120892845
213127895
27901147
26886915
22308501
130178143
196932825
455824771
19635369
523286005
186098140
25411964
210185175
54715617
154909077
439265903
127713147
205049288
23706822
34334978
19503553
57958850
90321097
259488414
458084740
554773946
401113070
740946726
239265930
362528833
336605181
38409012
15681119
27553828
409505208
299359978
377598224
20911483
57943451
284108887
722734634
81596414
37502232
20455745
150196054
394824181
480759482
36678593
367334749
259790447
741908898
374057614
106632551
734703439
16282576
19828284
110801341
176532470
273721689
219050315
25910624
397358610
260055779
163129960
594508639
32783977
754855650
22631720
540978474
107574275
287247672
766824463
369654465
478502350
238547999
563783958
399533322
346630502
131969712
334194887
87210245
318830307
146219879
72380920
59199948
92881769
755888293
19905012
568326357
102476663
505739336
329565948
169885947
53866132
587091524
740315330
595774701
17357885
43129328
266374920
70615725
249562667
39433745
122508632
471606945
226432437
148328556
153669607
185945946
344228643
174003762
94736921
20281335
459028281
578511952
578194811
39580517
106954156
404400847
286200418
250274258
15566408
388620240
41533079
268143525
15172050
72777732
557983853
396381930
39737879
281126643
40625120
108911028
249107375
468118450
15380312
80840007
458105204
483637993
27413515
52759804
227637029
624534581
36597224
758424421
466501554
326886238
79171853
237812322
54096569
173201667
194615369
158041677
192594929
241202853
573262207
67217300
155658755
12562162
620997597
752440892
487134680
593367808
140494260
138869288
19425020
373890622
589205799
341898349
551640576
548888397
22943932
550471148
294405972
381505012
242390016
21081808
33590941
143874022
511085974
251816878
143651469
113096393
132209975
450793124
473364846
174090771
379128965
315916779
376946475
110703719
67336069
383523420
154509441
145230664
49841595
96410703
55170828
26651835
491798554
13399182
729391561
210942485
177738593
294054606
316910129
56930182
25310992
127358057
80383066
404850907
33995438
25198779
424269691
350938394
609738759
16730606
101124951
301596976
406616566
183282694
16516557
40709391
781099447
279454181
30350494
571125706
733601611
606062255
768556184
771223033
65638610
282470850
47186286
401680690
136845268
94588764
383422685
365484041
400074624
741662928
322207470
567075138
748959852
64541290
283273730
777010556
495382516
543571395
248019270
20947187
583452932
373135106
230521386
634157375
55583407
299975405
204689692
278193431
597808381
387257987
34345721
154236193
224073436
21502357
408107792
499592627
26648850
392858972
88324218
769070552
139114713
520488648
722424631
86574856
160718204
25474919
106900980
614498436
58630346
207818951
235702187
288298508
14819030
28618036
15982851
105193666
266200684
115553391
274741914
298505211
775165326
144000170
27534908
110466759
359159075
585447905
63559122
531916185
338151337
546490867
332589579
16830094
567724623
365807662
280557847
19158789
261918509
275194918
251186056
24374985
34654077
37176860
397433605
170431695
620627360
109028664
22439324
7895332
16131906
375421933
218597735
149273648
431123869
72475111
493342381
726618607
23556295
215399984
184917307
105934455
56471991
395952007
19424067
22175337
780430657
119256750
26197076
66252612
105281424
329278217
126887041
627782257
365840238
179139797
38220774
354931850
73895597
36763702
17938175
152347764
413954242
167440333
148456468
143363556
25848513
99527387
36181989
576233534
15660393
42578594
273421659
236982413
17971015
735148532
570135083
320530724
76081636
632351061
463270904
101692231
537788619
15936294
315205750
94927972
457546248
20121119
25624900
268172574
39784925
83483013
306101794
581307425
525750162
15786533
89692051
495909471
463933965
715975723
596590423
416511844
602425373
214430881
445251086
44899619
83730426
49006053
210399196
239320686
451141762
712305728
174260227
75570729
477716726
15704280
8189292
322054037
730277118
241481610
231782351
57498810
762932918
713435720
183245927
770241757
619506722
334745062
376944319
384253596
28595462
131298901
450322469
535365194
619803770
16327441
707239962
260124208
428664684
593901527
24145101
389689869
236506960
56142677
758800280
36746509
21707718
263926377
582022057
426326216
619441443
69410190
21392678
577552873
778821158
97288789
36709231
591891764
73025974
533487341
198992819
52167970
371041744
492715676
778817095
778817876
333519307
224024153
461327770
497419958
577409501
552204529
11380502
26281746
276852339
177945494
270459822
62653954
118010765
38833545
494912961
275189884
720757021
37154934
446355764
381702960
188575426
285409798
38045784
49683779
331275957
260580056
41869067
26119488
227561759
186194569
615760649
272428378
722834533
615785113
284302146
386916511
22907249
16441986
34038165
382192883
30093111
438522111
260817361
143050724
62379280
40673379
48727887
18006845
476957607
239777252
737450550
545137845
470269958
22441111
89915706
398105054
392844391
594044991
133878614
280768745
264575958
373598135
43814006
19196615
15977908
71581408
286781594
596613965
25148192
61033763
221130453
738170671
290641400
279356125
16163639
17004746
16104258
741307004
49700882
342897880
257755229
19427457
614561198
49018375
103040856
399762114
193182286
74059701
15944964
586864522
562885820
34296610
28476259
738932226
739760449
628643658
473403452
202478599
20120599
231186976
105509459
198178569
98493152
86929693
38769762
155790400
323076264
264257730
107829859
55307193
716232205
35745756
273341975
247850161
49506108
513969787
51118210
705301309
23314806
470407832
246128041
16569445
130120820
42414167
15983110
748375628
272913495
119637864
51077129
187086477
15893666
37562827
547643821
27274022
24642067
427641713
229217560
333137481
126523303
16238029
263560602
197259463
567262058
619716715
181280103
96433227
370919405
375206797
121155494
48808972
567099880
277439937
93181312
131904634
254746196
358482230
81178013
89354734
134349821
454435117
416799686
99099240
53306954
124973675
635800003
578860956
46831248
526759019
481722373
276893463
72526763
224636385
18519457
207423144
407916424
587858774
631143736
631165532
283393126
474932878
262737693
458157128
176584396
68182076
230247320
98245423
28430823
154236538
564815972
504380884
16447588
157227906
276969028
119338233
460836342
566029227
613119463
397114499
55726625
188409838
731454660
47801948
373005680
102306698
23051802
89259512
404290868
151124478
124371264
82273623
114934815
178628721
181600331
264319581
706792088
495305728
462589031
129655262
250953067
30849425
560185883
621213181
95812554
577773640
72812072
178639284
468873263
711933504
462801337
183634719
595835382
707531762
133065219
13490622
45187236
35659780
16836872
334457372
142229885
479228310
103217683
555219517
582377333
106934391
588938363
249046620
453325152
112387531
18357180
530881484
307913668
135239066
27376043
117871353
62350866
39797402
67539025
397666655
24482077
61028779
724630045
20810011
35952501
394936082
38639825
193081663
567820530
129334996
273101916
176562687
324431260
320372953
618125713
637058356
45070150
719191303
247537194
129939121
422802982
16183394
78188886
54773530
411081024
42383529
23285504
730051129
71533943
90892955
726875383
34462338
294596045
728402534
21897392
328834052
22655535
84482144
48524143
114978277
58329539
49158836
290456695
421397275
13411902
508411337
517843874
307075566
16547636
352013743
558325529
259844270
164366243
94944176
556373391
20847801
46214391
215550664
580446156
562497393
51522666
444258458
202445731
187861024
25236582
498197887
426445211
435430722
110849892
460998019
29050377
31711088
43858823
74067291
146934498
19330456
62583168
242280418
60151894
483383367
46652149
315502324
16795655
620193753
545736346
622038910
115562631
212417599
109833605
635255466
52703751
38103025
70720127
75024775
54999947
229630335
342930174
342886089
380655049
173587064
304155894
42304448
413320626
51540161
214927726
42243520
79481334
24777639
198885668
8653642
574856542
38548822
313723127
115240486
619621999
525403057
65378126
166302927
618127558
241331013
20152072
745398236
40154192
608250239
66720942
299198098
54799147
588726938
14451752
242833356
535036490
588742677
19072143
359049910
183649340
541371897
207749217
512598637
56847570
183307841
51869284
117628738
25443588
255283934
19133718
20698240
221564204
48127799
566219906
29008266
21111569
460742533
474423929
443144868
20808999
164262493
71426155
79561872
17994350
633071355
46524038
509636970
47374111
63284477
17375007
37081016
236084091
505829690
355265290
193041439
173696535
174329802
127683960
259489128
80637696
135322321
33237743
550602508
44704730
26318076
44202254
723162421
493473303
114423277
315316278
16080837
701716609
207762313
174442999
357767153
107858835
43442691
187897675
43703813
363357451
334980402
635391232
66786345
747306108
606549267
11812422
38076446
309809016
600233557
235326476
28565368
181510011
173679162
386178080
63356927
103792454
137997956
618583433
737531172
94553112
18425593
48268877
239193399
161803573
27421394
751282694
14846936
190860483
546067137
230090851
48237253
605856755
208597586
57876178
94206208
39330574
422202456
139750988
703305930
539165410
14279047
108074347
447998694
205162944
32259755
244976985
539890648
39303182
35012968
25022658
54188232
266207209
21647349
28404407
436696713
50815478
22357257
392493676
216855442
275477699
18359423
55367044
67215072
242910763
520439044
181799213
475198065
707694997
477038511
123866103
99154221
93733159
381594297
55949344
733892016
406790262
32916731
193019188
628644488
61925216
35700018
613515240
94369200
273163401
320517116
21323445
73166312
476801532
274799725
548562267
72200212
637066854
30857445
12923812
237619032
320228767
16910746
250898221
75539726
408505676
148215383
28044374
565579993
719627870
38056048
145211376
211639310
39998000
42889495
20173768
121048046
599428422
283556137
197288878
738481350
154715633
160002856
536890530
42168402
437895198
353463744
119468278
378339481
25347206
16128032
114649521
399523149
595071688
21432579
72966788
734000228
553162922
626132777
168955134
115792183
200130666
632285702
627424880
439170705
318444872
590156804
386329581
15965714
193067453
511645809
16481491
15546594
280686686
53775492
32333293
30077279
179077075
17444140
103985843
137630953
738004658
569217698
625449464
390169426
539735764
245249915
59001690
546744320
27449758
191662607
16893092
283135113
324501787
552939237
41175943
24769010
16955897
135287618
247903672
281718548
41716718
34421877
88991844
618088894
271073808
232732218
38457203
154648949
582298113
287660454
324090219
22749444
332431367
38805245
128243616
398144666
534759326
25986794
567637103
188029180
39934768
20801086
96992834
40045399
251633377
369823331
270979184
178513927
17495862
170741648
20700641
256533756
53972825
48764058
63713096
574621059
522752527
90485191
548507393
718933519
78713879
42109913
448582309
548751667
218212544
201084015
237478922
91449056
184460759
326913741
365731553
20344635
34471441
339514247
750019640
303003154
611889019
22018488
532564269
37492817
86461967
8435622
191002639
228990510
299740292
476134842
16247920
11610082
109699539
612942493
40133635
248309094
22770745
354463766
84798933
28202777
621471605
15286667
317540925
14663465
18458833
156676379
84172004
108739145
29224563
570505609
31345791
64882151
292926593
637254133
105378599
733530528
39764121
46547797
115473233
88987906
339876654
65976714
255787138
77202733
123873619
20341590
546345777
547145154
234402569
388952653
458697809
219173620
63759008
321529237
258202120
57164144
130683300
622263491
305736905
373331421
493255915
25941733
310398399
480046107
53683931
211254604
269969362
344763895
82229116
11663432
24427864
16441863
63706463
29137906
347145522
19391583
17708408
46215410
17178578
44410606
75378537
14376406
134830204
555549090
241182365
52722567
49099554
373537769
30504249
25398286
23442503
522965333
491825393
426345416
15917170
201803053
16112120
588411974
50780118
701734885
69904460
276540796
454239440
502144044
222244547
76166762
551123750
43620520
26073429
249978698
493138676
618109727
22487445
54911009
49485874
173726385
545150728
221091496
363808024
97005387
292992539
16526649
388604541
45582741
72873606
14056187
637259121
143888658
247839540
24895999
265702312
198523698
540312824
21424772
101128099
367965905
35608592
240734136
189663165
15859033
204938174
481017366
20042537
240007108
203031953
83978767
273526335
22029055
176487001
34147961
426698703
104850722
18867834
16394702
473279639
305274567
15659821
74693583
246409964
67086877
369091162
103054708
80897092
29487664
83301296
178028988
515088337
20201422
22729053
628487780
190719938
43961937
110478510
15025385
302240776
13297802
163491404
25533583
258622287
265292759
50070212
123446235
20652816
15878216
112416571
615398143
147618490
24413032
500340487
14978734
27706360
403907893
28931823
172598980
266831414
421289752
53620058
31791530
11131522
235405530
119802276
52382923
113357449
60439824
57695892
103497057
189870212
379734636
602152030
29226377
325364129
51774196
22300470
734832007
488893122
17086860
220200225
79859971
13735342
454354317
317067815
16189990
32129142
533194780
584907485
394260305
19676044
23377856
172446843
16393261
30659269
345644058
258108736
48582610
5993852
140184376
291432709
21633141
22947013
204872686
29706898
41995812
411245133
130354914
53680136
23219411
330445580
16992918
217991733
18842071
127569346
224897700
163091060
562608329
558252006
504665114
59794340
37983083
474689194
563375655
31181012
101099978
545417035
28982186
130921003
353705206
459922417
15353509
277870112
114823431
59539979
230415884
294609562
398927025
636628416
584959074
747368916
23004669
159090356
63702275
735306042
270387091
364038592
95595735
102713718
71883033
53942719
418314841
78316388
463970219
88488872
37513112
318153358
27111518
191357525
17992971
738819164
625532401
609951490
52140933
18829753
216293758
535416696
309654497
467153048
403640691
748626894
74394686
465624021
320772817
401982786
40162406
276588764
25785183
462196664
374794378
306362693
19226166
577674585
135485739
68526408
229946407
169862566
242577651
20701742
550506140
250295256
26187770
263285286
126377449
20257934
16910406
251606311
745130671
108299427
303897717
159480792
104655492
569155012
558901375
198357557
432744417
169171479
260037959
138282850
177179780
49162880
21763889
19424895
33535088
48054738
189269790
578460899
388616677
15434009
86365074
748367598
18885374
443441038
420827917
360515023
35082765
72415202
47394523
20580051
130785594
399629577
16496165
17412208
15358046
465713045
145289441
21065360
511240477
25121116
477000275
35803565
562520497
179034779
325928747
720769062
628719051
278308484
398897629
23988539
14209427
25560525
341769589
595787348
634735488
202193825
131355189
585434740
89566127
25247790
220853249
48440043
14841990
365290645
302605219
200244473
718775642
243668830
342771157
244116044
120432210
339306888
385165397
29099996
25594561
16918493
517047597
365699137
434035529
143456947
272005759
613830298
23841163
16027506
543534537
82270704
111024989
223547241
20541338
232779477
310360292
424922016
735526254
564986472
15369963
98278260
17997341
28207679
296817924
35426119
16723344
51797054
12071362
217166450
22517978
597068429
96230753
62850528
29840918
188084331
37816304
141302169
14649203
304077832
24717548
469067906
180337525
45887164
54978381
476361887
376986524
111393982
553523109
247142969
336100339
430157496
313737083
166583739
38685559
16707432
28180300
113571248
325609556
603348999
30950495
126527212
230059399
28854967
199386375
333653821
43155647
85348928
69930733
352508648
327501722
233667091
144416934
429778078
14700507
17383625
187644857
13447582
319255338
23673708
424412372
531294961
28811503
605711858
637398822
195851031
31990143
251390724
38123140
106457508
380965844
240580111
14195463
555333217
18682864
51064413
51961257
219469833
20928859
26065870
25237112
390901876
57774242
42465249
18020819
503613785
745747748
576391575
13051962
14246261
19842170
701276282
12502802
372603033
401698178
435310491
15868433
92970109
370955784
24044086
330112701
24164338
330619530
618071533
366298645
377119609
203095659
173921072
707603030
352369397
127087582
514550650
168779623
145343433
285786462
196476919
270426054
370835040
401295690
41170121
182101531
115854824
76997832
31053563
57266089
147649517
20899023
55458823
16746493
14552725
14246001
277982433
94369369
110445334
90034304
113047940
96207673
44039298
1367531
101844850
56659146
4898091
6107422
16311797
16187637
433584049
85436197
18949349
13565472
19430233
50393960
22978395
66492948
136004952
61781260
424127411
19968074
19335378
8100852
19088758
234543040
102488708
18809812
97170019
12
90484508
27311044
30970039
62988756
20598137
56413858
119491006
10911852
16190898
14824849
19224439
111441302
16017475
7847192
56679400
183063452
65106660
21313053
31127446
69890262
365385588
279061979
15010349
89457976
18915795
14157134
243324920
113420831
5746452
202159797
16118082
63525135
183376172
232872974
14700117
21788515
14449098
441254242
298777623
419710142
185472995
54647475
735050725
210153051
40907212
591444627
118734494
284013764
134103389
256543427
110542924
26859573
739381718
576710702
18067595
196142367
37740701
376487733
384954118
48057779
445291350
389236722
15458016
127520129
354808885
139853489
146616954
15898828
506533151
236384534
577707450
312813859
18216317
277448461
37462206
48754610
478004446
251451709
504545639
567328727
574752938
710867232
278224036
706751388
455944912
707266470
32857448
116505648
18330498
170231757
483913008
622808001
429217010
200987652
328115924
27511600
16440639
571518016
296446411
497482546
28771131
361604137
554032504
535203001
24790505
376950998
618212163
135349526
603886690
536963417
555540694
343890585
98652758
36324647
68632995
482550856
440036450
547516059
439016613
576777456
521516651
539478212
598020589
156860669
39099160
577756811
583131370
153568883
494683051
636332282
483312477
618225270
597064042
591155569
332887523
422290549
466620266
212269410
38984302
214125611
611775140
16571915
273107331
409530275
124607199
392684648
409513652
258457315
520044571
527469956
197662301
612291108
509599080
263346296
635461103
499909577
341658478
424963276
352815070
701519690
62190872
357250716
387280897
582570516
93583516
29531485
223005324
540922102
376209809
288773930
499350129
182497200
365665899
399715542
233109655
256601887
16614816
333041069
455856615
315439421
562559089
328615839
396403755
62609463
253806142
599706029
192357374
378186248
294181945
150339713
232591674
188755692
80830782
427570025
25606731
429369228
715105362
267832573
312792089
537417038
564203052
175170072
332994705
485029380
456334669
537508352
339215498
615687834
369123691
136839839
181809115
105097717
384566754
36297814
281572716
189122997
307888500
159425873
250878561
557452956
302654783
518937233
615408034
226427029
34267127
380503255
193820543
327243622
85152432
10795332
252161304
293077149
715531525
122771029
395944861
494571385
607997886
38584709
435400890
126205619
501825960
272213028
189885437
475691739
548924790
525630171
467678591
376014531
361959534
32788746
85372005
274155601
248797818
560807780
266726020
418448150
492579107
513879096
712496234
15749510
41367583
15693660
21708203
21883006
335535303
354450047
68987230
153168805
194297785
295344804
738589026
710783282
578179634
17323139
155629540
306862693
553666777
360309278
392653313
254252467
551910244
557364112
146532313
89530132
192659552
394212913
551930905
338513498
246820116
132360148
471309989
587916780
554556182
197553087
503776354
223667881
26537538
308292735
473871453
285086711
493713920
227892485
462181258
314205994
68134207
415625856
314269979
558049103
243480052
142056044
191465038
192993911
183909354
199135149
393468435
275725173
359661415
330464884
576685375
16460988
84338344
61362016
298785229
617051696
627259743
235171189
453360869
555854954
224316501
215258387
438459160
631925118
425988602
602935654
203827751
308667647
619700132
277628203
472300374
570417453
333825737
184722467
193236915
573327635
15335459
385014634
733633813
534346173
202628509
737593548
276044235
21775637
178503776
54860952
126318336
157213726
80800084
636356457
557038023
720498343
318075225
373254153
247470747
333128997
557372020
402424119
329710376
593478126
365156171
250180619
111900543
88538427
324052051
735355783
264920769
593767473
15158222
559774405
606804887
220896525
598909035
737832294
138339021
264988943
363291773
186312684
37987952
629668692
593849954
606344357
551297616
587889911
243239561
505463840
381884316
24993788
57446000
11974992
358301051
23283363
717953316
525781567
34758104
136813878
597327503
712077702
40959428
285271428
198807954
268097011
139553044
433651930
730005505
631566094
420085954
14814142
724714556
723170016
84518521
279651180
34146498
189708116
735554750
554385500
187624546
431269308
546938322
140847542
518583815
366846238
63533704
15420369
283767564
183498094
230036115
443822307
386444922
291416174
89340432
621400341
353428725
398674670
184241992
377069601
130287690
309154378
724660256
420096589
221898261
456752457
31853615
180886373
547749084
369658707
479206718
737137958
428415988
408753403
304470705
250965048
54308126
561653515
16479143
89613364
235742373
173957412
621110959
110734725
492571070
613874358
580546410
612058544
361423028
157349962
16004747
432266982
426492566
333222572
390809480
700948434
205483236
251771144
287337262
59163309
284771975
349222101
151698742
40761772
118797262
35774498
249299874
59431865
607651527
575628521
385195067
197176188
36663861
531938026
259665900
78955305
254577611
20857368
131307214
206037545
14778548
63588123
16986379
188809596
139381982
34139306
288283415
329766308
273192070
705476048
211026064
724291316
35654011
578610921
407967883
160078209
389609859
213359980
237882210
162388777
356283135
272637971
277098053
120332633
167344775
302683380
345959527
498457387
428424473
220623844
81167283
611791632
558646592
65346220
567654366
543366413
209731836
123006233
90157158
336462947
309882355
635190772
26142867
123960005
42231812
557655435
333586310
476081729
116677361
540810536
404914643
52553726
192749873
314111713
111318852
494108784
221926661
492150052
732912661
262783229
264812996
342005945
234792879
376945793
404450625
115655873
243812246
632975334
40232333
285769446
36461277
248374107
174258217
146226320
25193572
708698258
211977910
361051175
233215456
111472122
381163385
498181295
611482200
520931391
367521360
182874788
242857627
547996039
621214493
278693873
619762856
703425230
441700792
117510407
598972220
248882378
113141427
154731863
289845709
567826551
313887077
436317849
729984692
227161038
239603658
175634596
473365277
242050708
585349816
486181111
359788156
212073483
301046896
264207127
408525878
165531364
194358929
378803103
126380866
166945769
150859135
17702118
228157511
373057458
346509527
323464112
230639811
490306622
624147573
454616672
180814988
297394622
249376817
208545469
229718891
114527590
147117874
19168858
290395792
23571296
430327624
301211041
386306003
264874609
620772509
196715484
1405291
625611349
400856246
625614410
244814984
218178607
589000326
588985248
280076432
38711555
193462725
366819090
625630480
295565858
369657169
603167086
26785852
620781112
588896297
580908941
458483835
616743593
148429316
588904975
565436639
601930683
444723200
734735306
21825371
135010784
564105360
725291282
356353551
565280852
498871496
494659219
382373758
291413866
165037765
504266819
223719734
18809826
505939739
136406226
278730367
445014771
448979717
105184487
483475642
195128285
586319054
196903107
9666462
168688027
157986848
116649183
183352294
335959915
318042924
45533750
325293512
28396604
251731121
158893790
383613158
351755282
299778527
280622952
30283442
570085943
138121206
529573545
186350926
565786380
142673565
588905254
173483332
135477776
625702071
79927952
624946865
39153474
588899540
334409756
311145162
625605980
277540688
620856429
294866557
452615404
620858013
601257769
588898448
706067882
625685412
333274071
37276584
417133854
620772419
381642373
58862969
111065236
602877227
624954349
224562624
588983481
379392837
309146715
625676340
625708458
588897761
45391835
588902743
32854234
433152130
729330685
134209202
625611875
729136698
637051756
720849914
99589959
337986041
221227356
153403590
718601587
287285993
14632424
118240432
49385541
339086502
208869272
79632669
34769913
312388888
131412502
588899060
120418412
281281015
711389562
325111173
625627175
175514162
330232272
620856444
414912111
624962206
26059308
15015430
625695522
104049186
491813614
625608695
308967366
57128119
157398659
625607689
347453999
38239546
227294380
625625104
620773649
292999499
620778964
223921246
233972499
125878942
408805846
16298683
211988533
45085556
598074270
620858376
279533762
33677094
20251499
329976431
123578694
135905147
74598580
46482643
47114816
142531596
121553849
337837911
49546535
260242988
359046829
420017699
258605767
316455285
348171169
717611960
724729146
17528566
592276426
382442160
15233949
228851911
295797876
468515670
378013291
124646012
587954258
577752542
314218696
1049171
174749735
17967950
352650591
594167558
18507464
300648478
44697981
142744542
244559562
332677337
324526342
205939199
403770655
262040695
19714634
611214861
271681011
249185364
151065201
515292528
381114567
734661276
346114357
272431268
150619918
314027345
34410906
217199982
427957121
53948054
256845781
76094167
538987266
511216065
377069224
122588844
257195181
76513907
715674948
189707719
291963089
573583604
217684177
330703424
327574467
65929480
243913730
145289033
190829591
62558901
285856631
250764985
375281145
375874003
430865910
524606927
158592503
290374748
731447215
144322257
188352192
186650714
390245841
631297091
344432997
732869419
632280574
459494230
252732137
216186536
134223138
734152141
65977522
260012827
734197195
492488001
301846021
215202608
704329262
375226162
65312878
258831716
589940274
549362228
414684781
417687886
299255588
726749228
613713523
377801073
250905187
32586357
155602705
732548370
390737726
48389646
204241059
338739811
630982331
110622254
28619829
23077023
435399359
205249454
482126740
315863712
599971463
586977256
702174566
239856368
420671921
279758985
200930396
85927214
29347333
281808189
171165627
249789327
427422324
616081901
238578792
369822239
514937433
614539966
613509462
370136328
145873141
35550131
17326899
706000940
64849390
355643547
346641086
283247475
65088672
634969763
16297802
236549999
466757403
353608387
501750780
532798184
159608917
279778352
16195254
476648925
138111490
103629378
176909855
369337241
168798047
175808060
709070485
341810317
342271610
25546269
59292568
205383384
18004764
362689249
612618408
255769597
381728388
415678203
70657365
298141242
106884953
42801839
305241006
541833926
353052267
22447454
402432248
301584503
524826590
262329306
237659101
491573112
317908361
46437534
180250716
18183121
431221379
39842020
585847595
292931591
558204088
415611716
544467356
247897746
359442130
300462684
279319647
38775099
91730064
52089472
376946793
334141672
104800101
542043246
15959603
52533253
73187072
49871971
121768211
414295699
139219509
293852054
360751187
291477518
491838232
224235140
195032719
563063797
583771138
231547346
350950435
125130307
137702804
112641607
247554648
534234250
165574162
585724918
499922269
123607557
606538308
205101040
548703162
16448560
376495062
337556808
126437445
18471042
231517962
283519305
178133602
716433697
21636729
114668059
237590299
529466105
52829874
479673107
156315725
532695195
243319475
270647568
360334981
104061604
260400490
276117599
247870508
25475608
15790002
74033044
42713010
267378369
508922594
327397338
223045912
195157150
348497220
356597708
226215700
269070260
255057360
20544047
456839648
132546632
279607013
127007867
461220014
465663693
317303043
714275520
201533240
570398232
216478332
282634562
262562676
621090963
277528322
43341949
24756360
37008742
204882321
197557251
728196955
68554822
21412902
244807752
606412837
614540854
480655204
81886704
459613650
27807159
717960074
367938018
469568568
225894727
116783502
184074222
255213932
40845020
625518785
321541192
123963034
257593027
728493644
15863282
295639816
15166400
258901120
627851827
132046507
119305493
190881362
384585529
343749080
315566178
196311463
116744074
458015801
20895975
222139848
623389820
51314979
338793695
96414540
367728097
709803672
62484403
285646546
95531575
242475219
25720736
588449988
312152798
257007841
22005820
341566183
547022622
404204014
624740908
239121825
729136651
470201812
541071649
269866916
634953310
571491851
501571127
117748677
532496186
146106265
212588443
378826232
109258047
27449588
368524951
337523917
131580701
316918532
459534627
310689662
608225745
386831264
634407859
260821356
261102282
319549601
288132687
615359491
369654091
16668934
539091742
273595457
16128220
123872452
132036365
491065257
407515204
375975859
45097207
277901943
10403892
594318447
118219185
192627387
185000613
403166926
136510427
709953356
148195928
577665139
308904310
259551083
620458364
387266032
587595002
35653174
64214109
53955118
255892269
393531518
249112666
37309623
252211927
421503879
441386845
232186744
16696117
335721890
27000010
447554115
487041931
189637837
334083682
539206290
16402111
135952816
443454568
552124495
633851100
574825588
330424441
487888190
552509860
727016246
266388355
93990101
50460364
154655820
259562861
40466505
26216530
193869716
61132224
384355261
1053301
430384397
521002104
95952551
221858149
409610150
519207560
531004574
252852916
323083587
562854625
201314575
17311563
380626323
551607135
182688169
27767030
616018952
211273349
29615627
402732269
533480120
204326572
118801416
19954498
522838234
603356421
624976828
628255963
243595983
226051422
488522505
289139816
608350737
281688924
572197905
374597100
365581917
219267141
26322370
329358685
29586544
331806541
251163037
612965531
398182744
348311023
637288158
619555290
109625963
203692016
553176885
262443834
553172129
396219066
476883077
18804751
359348263
315314718
293896025
520868347
580098977
599411490
28736224
60289418
191853113
260576148
525481368
587313695
198486404
502092445
602872749
534705203
194735006
130536299
22622155
337520203
294895670
579160348
183364075
156491271
371368606
345087803
491569622
113968247
198428734
305838105
443891425
164850512
726837462
360362024
486869565
722556991
452885687
618369480
295328347
113324706
618215136
132019979
541782613
209277582
310404562
198518967
256625176
460141445
116956608
170211470
374547405
498090984
533175109
348060438
294417338
226432927
257664416
158769098
236899774
28057652
288022648
469450484
259905611
9946842
61387905
81058543
68575261
32375516
183626833
128979755
622099017
74334360
718757090
15496662
471132555
119111323
148928633
500981785
102055261
722217180
13071302
721089493
229598823
600953620
40767496
283487323
122123453
246610125
323720126
148116121
181618774
394420238
32512198
115090031
387149846
601158232
16494652
611377168
251638508
20332544
228757879
262172582
148063313
20450870
30297049
221031208
574111955
258929497
47629712
262991185
158990705
390524931
293691755
271233563
499246150
461238563
31690762
441888513
21428933
62778717
16927401
183486213
322112358
269346003
397017981
150739218
17513111
623218187
611134766
22868520
399972709
504855932
715939123
390795146
119021746
404183233
131499759
122078071
33768211
14187337
35807852
563757940
98493602
23862870
369658847
518617954
208682108
123310100
38936142
624656547
709323175
318244315
94935863
43508994
177231055
19011012
291304235
22234082
284840167
117189461
613706261
177614668
122402146
500710033
720003672
729046128
480471342
442107475
67736102
26262112
348469679
417705291
430563970
584322119
440336664
607672450
239196992
18276728
534152062
563854626
621448773
31752363
91303006
617808347
573959165
352451522
338734393
202858103
366526579
245858458
366014748
103430779
297640593
364869392
566603099
186947817
18215420
21722308
280723300
392297557
28776956
390620545
387113746
450007168
529562831
390414369
266654555
58125491
71290775
729791173
713128429
229145037
60089101
364110684
365194666
15992129
175662941
360340342
195263928
192982245
630825702
702466242
130780878
614558902
393716825
584906005
19584339
43489430
168554948
334898595
369656977
548678621
703983715
299459627
51717600
301791092
274493422
251625760
367365194
216379811
27439624
602875712
418192513
36367078
315344168
256088475
167107711
578439939
331938942
213373497
243230859
447985704
404891859
44347214
104171391
531196589
221224275
192430107
510871910
395506932
270414669
266148900
234924748
36158864
219750068
34799441
24242255
117506800
407198194
707723946
527660528
582416654
85191724
584103418
478226199
184463157
452750060
491731002
33321261
481579718
572305493
30133071
256845509
539228042
124638522
330437269
310401451
398600431
320349462
621491328
122402360
48587077
101173584
34951366
534602254
247392394
17068564
304747971
588354212
194138050
297770400
65430924
329479415
283768717
14177499
56778486
273676376
498952164
328120148
19768331
428691617
143701102
226252074
26904707
570911869
447321872
264439181
559777304
140896000
720428197
468810139
270647290
413880942
29894454
139804904
406259655
376005651
87284552
520718219
272222225
610437811
718946540
632635585
200103062
26596538
285181464
22648737
522337589
183625696
289048279
542022719
429222954
390237496
20340448
280782711
445314963
531201141
241262497
354332091
463514191
17760814
19339439
243247531
386210714
369655053
376945390
129318404
343516444
443398798
174764418
362186993
276574116
357072765
292999669
562261824
153904966
270510833
616176146
716258232
519583859
544990830
613448224
587791199
183301058
561212807
478186903
547753852
562354629
303227332
42919702
560792889
606740509
254702988
192565960
199705725
489447825
603792459
564534303
24106742
127545785
369657267
163792649
520377920
449214978
20259782
157116363
537775187
19216635
153916366
240400042
383750330
324257080
7340692
174720278
210659064
223033136
525402376
297763517
159126496
184203894
12930582
267332451
565054524
705549403
200019244
148389944
467680389
110409093
486085085
161222370
240594439
376944934
123873269
531117806
430096982
490202239
313264202
373510298
424096583
6510662
581662712
489250898
153368159
625791712
121759833
111935090
596870653
586786790
478805243
14417516
580320827
348944348
593448258
26828241
541246412
208406032
382757091
325504940
369656236
19521569
19273421
129115961
574019352
264095872
558385015
121176294
415573588
249550191
358596105
327116446
467708960
573190121
725014021
525590041
429697517
636196578
144481173
341360574
19716522
335954075
139053009
119776207
391714312
139969241
607701469
188048492
19202878
5723252
253242798
170481620
524104791
720130669
253219673
113557698
257644524
478383774
472844624
471996552
111019961
18400523
187390709
24469583
242722110
44032110
389711070
588510492
133441648
47558129
260074879
372891057
424010640
234655781
621113857
192354059
20460104
210777087
208667872
441180203
700384754
721640358
454964879
596036098
136890639
291128351
359885557
261330168
391386231
385012842
339404890
604981478
174731651
568165219
358462119
222873326
38583476
277738367
27499104
285371443
497306490
14403938
308791678
534761619
277691748
707327839
406780637
146728597
348785272
17716364
498065328
257952831
306538780
17689616
325350445
96912359
126731975
634210775
14137826
380134162
637161067
538145356
427809313
488207993
634054085
408983758
461627259
121223870
344770399
525507918
416215302
114895377
718598839
517105402
518021356
241666988
61370039
259962413
32505133
256781352
208819595
321901397
30497289
352084483
153537164
474753770
92281967
39188935
180649274
57128605
194774412
305148554
40306686
369655994
49982217
287146161
148420505
11650202
355819532
332546239
376947391
115302694
420040665
722955876
242058485
417446778
604256913
418873806
321576675
260357180
181969149
248248287
182895073
598426376
182091008
373147995
18949909
171555329
28797133
23024994
612185583
57919648
436782236
635062998
274217763
125197401
164954264
125659333
273499990
577552672
634924182
26090903
553247958
253706805
612398439
114796796
142490635
114252628
163945681
122421857
242368265
310561931
219172831
583164552
570213392
132427750
531516517
30219252
236929709
129894174
59131737
350510378
32133295
633842541
75914971
547644008
389757391
709491378
148055299
506284256
251926791
146666161
16314465
24509942
136644366
55703572
115927237
161485906
132187630
36662023
320843251
324412448
389751386
255769175
271006644
200646933
71749057
458904458
450967317
541740635
390416497
243760706
623213496
275056059
256186289
242285761
163628817
283025472
169615745
278038234
631438073
397334016
531571770
503194787
182407560
361228568
310635239
309727940
254619560
576452343
522519388
347562985
452688030
62830052
540681316
363271825
401778054
598528978
17675829
242566463
562248512
407405188
16888831
31213048
18551125
326780322
120117261
582100778
369656986
508883055
51862869
386866877
403395764
531480122
531919991
290530096
111048769
132976955
617384506
373359383
476193064
146623883
538807225
441997350
576158500
418243773
313657649
529450596
553164619
25824177
43283114
170011096
37257520
625889266
394359079
71927983
466670713
231540246
702501985
618897358
319174894
568026326
556600350
469584240
40311860
538450567
524680534
480198392
518658542
417975146
374881931
270668230
238207778
374363720
36903637
129419728
537805242
282862016
28677918
706410745
376970155
312862325
369654693
220513043
242580586
231273771
115554697
222056173
369655048
191555012
86629340
481784888
128612978
347214653
322628886
69568551
263818373
384529376
236436565
555145077
119383510
429746575
216569205
17106461
112755520
196410552
356926841
121837440
582964733
116660091
629834583
397062724
294059527
166870680
336770668
296057121
553938975
365599666
376951424
629088099
634711686
479999621
357847231
95989315
376546301
541563292
342256123
341147213
112825264
512795092
519095048
203168049
474440897
524894169
52189673
494009898
214237884
137143557
258274144
458633655
18100552
279279969
53918145
322736443
708211856
137624570
22171621
362202030
277315847
39763540
359747298
119338796
424813950
264500606
325975598
271638006
336302045
589280599
252676916
461135154
18460089
31987843
497464193
185695044
536540939
330044781
593281948
300653855
38706386
16415750
225967260
488160793
382424159
238811952
432067015
627933603
416524032
372549640
33943096
448969287
180418231
114559102
205935211
26464926
505301907
193372834
335424174
214116727
108422084
173245874
326899157
131227272
252445656
247023575
450005598
182489919
14982082
58324184
27955257
351710289
365838197
19148041
112964047
398812071
106005095
27813863
307111679
90344462
720859339
602096245
20405163
30091701
358932405
252813673
580093685
56110739
345452107
247422094
330513593
23799146
440583346
472144776
263263194
565488348
195380444
15492228
515106090
205322128
151711992
24130949
125294944
434531411
587565162
350946467
372621228
438004098
386038876
462153537
21042798
246035795
51585257
258454569
492508240
18021227
210647210
28872567
118413810
348441539
150097325
533795648
150542977
14368437
395230350
128661489
15593747
124136018
250230940
252327691
246460129
386093111
18755413
718353937
500169897
477628329
471698249
709413938
572168435
385726621
236655130
174317321
193870823
323281830
366540815
232059388
708663630
153550209
288858550
333482631
24274553
158171147
611424773
36205737
414261879
319774344
423747210
523613525
495576020
14311656
431147488
721740012
293902543
241209213
357237163
304465745
326204248
192395845
144815064
119464247
476313413
525951564
607721680
122125728
589853246
529694095
209711760
384660238
285496260
307704709
283246748
593513658
486836433
128612058
607023384
593478219
408844533
93235244
549301116
569154941
354932609
184629641
618642984
489946612
365238207
77325796
259913230
137726080
255126683
154970826
495523467
98457656
319968446
104565025
269123240
589430454
361141400
437333182
254866950
206200578
88562007
581386387
348124844
431854385
158889268
44569571
613575483
111328732
67317981
374261392
263917895
193571541
197567644
133841176
176893417
479135098
16457925
31177547
272102233
215102996
270083788
282786576
382463251
175908464
370398818
623314861
34887060
218697379
611812905
541966263
477241811
339760532
632506815
237548094
612898271
338657019
174727793
487187742
586303064
139966465
109684849
552450363
237018216
456180620
565002337
279704173
76246885
314862914
17510816
499622612
91232364
396116707
155796830
523871751
633042329
248989689
701259588
264536866
114189540
371910627
446705725
193521684
223427306
18960107
130819780
620723086
17959416
155371807
33679860
622041603
571908800
541939090
117906982
259026143
377798555
607343209
592968333
554710602
41580888
714950707
46549072
230239213
207779623
349580022
278054674
286866915
406377587
700881938
218107857
16941807
17247002
46584605
255801799
237019593
429448294
560562210
82922300
131251008
140830609
427502447
288884557
568414623
610182088
351968412
627894245
15981961
92391682
400207634
261480059
225121723
368024610
240001420
327622609
390330754
180892932
83206215
357230224
624050100
340520628
294219803
74271889
59611400
245204714
566482921
447732765
126983931
572319826
566171842
120829381
364661436
217210051
362491665
573182163
23365014
259631633
15204585
65113413
85329284
285404220
50723812
226293968
558982592
57528245
527051722
47430721
36753389
712359084
10934952
718741470
544727050
15468092
81500281
118008721
344264120
31241496
400052970
353464689
282523789
317313615
20458241
17579861
314722934
352443725
168707076
262786210
592198868
707178606
365181890
23443903
109075768
37189939
356600230
167263956
389092566
59604142
540055814
348924479
288067030
19350519
561543076
390383234
594822781
378158046
720292603
148130466
328689187
123959556
183003333
19401380
198440118
50669120
196490806
316656431
588897338
620857242
450909448
309787188
73314500
25032225
111380778
175907060
194222574
249757339
223918786
236446151
276389758
561558966
422392075
260254454
128532714
43876185
22356116
107686280
425892141
635618312
26457591
66368261
66572087
230922929
95472489
38848404
574020601
200512790
20079268
159820704
102470378
16302651
69329527
342521240
81105542
6253282
332920135
316132543
395773216
127989194
164306144
407523452
452516693
601378510
574186544
250860614
309365738
15491840
226292436
82159282
370491022
38519142
286027924
259066231
369656064
24550900
124695351
631543401
419228673
334598458
57493322
15868164
46391691
389314624
610671418
182509356
192012112
178384775
318033129
524901955
337274451
266123880
225270327
511753557
629056894
309300355
171169352
588804784
250427257
110431303
114866624
294391261
355285163
584420365
140464949
376514554
596227545
490057803
153557111
72406138
211884808
64318356
625260952
31536710
372431053
266578526
158227284
94141931
487603504
31532999
16574450
76762447
302877784
55322857
513455502
245988630
561711827
275139339
192904801
77891672
210906874
608512620
222696852
456785380
615791349
584206811
168780054
418823289
460803531
600823101
597654882
185684821
281855416
221147416
22064637
235217444
110795017
279231859
301466617
225641784
53428662
253240274
184252440
174626045
113762214
198715450
408224915
186327551
354631659
573322602
2735591
99646859
119116331
96848782
211906269
370890998
150396158
395378127
619089548
218765631
118399171
351719827
194112215
278951300
241369220
175912540
269098097
29883996
180032818
42920569
341714975
716334306
574930749
601189357
295731821
252381780
319462674
593393978
584739154
472233573
503431506
153564262
177718069
38390561
616153102
502172615
533670216
462075228
334678896
196010201
18949073
377524262
21446245
31331079
19215572
20078643
339809218
414404524
715173331
322279913
130438405
168912732
22072126
577381520
260015486
372962054
259595158
577309345
250876104
41111048
93073696
552709374
379140897
477061286
713461758
216874955
112747823
123305690
224619952
164652575
68611923
494348125
132131025
327525924
200663669
325362884
22080308
246340565
631543994
53533566
360790040
29600518
569615190
14278296
275299548
277603560
163629017
226477478
195992572
440761158
28800014
368844192
325482730
194975288
417451460
567871489
148207398
229906106
287371352
399089118
549381505
261205723
178948501
533818627
95288962
455879906
225077835
421794008
23309931
240934376
30851629
487698389
601176054
397197311
386227354
218288043
280219454
218350593
538511018
231684727
376952357
376945309
298019271
518623195
437881468
264190862
583891629
146317255
111636174
389185799
527834166
102248280
359872913
376951754
436188159
128440630
252633439
242866831
167967333
571576046
21737845
584652772
441598106
92609450
633632589
315674621
418375876
262839274
259600332
342771552
142015456
233244223
274303260
415977004
398435409
605272784
163250093
427306431
205425209
593663818
137148952
162614010
447762844
204252297
263479248
328257286
521025993
108543263
159365503
440356256
711481194
42434883
308707369
34842465
280964280
545597999
593355131
132331196
216279426
386954551
424600342
223966190
20524535
425628881
322380429
199396820
25859602
17825668
254938641
179247596
142603306
144555326
84464003
234392565
188655485
266193428
495117067
77060843
376953142
376942126
238225038
364611933
586329129
373360052
130038126
43356521
592615324
19803377
20316118
153239177
236647621
248391473
229486327
83896876
428709352
210073770
30209049
343074996
25279795
205673140
277732666
415748176
168079124
36106166
5405902
152708078
613493891
161028103
308938320
551548189
490954720
360768076
563963279
555996156
524804639
51554484
233668134
258587907
286453829
396738781
483790695
283959279
62834991
633727117
715042447
475418590
15126399
328456243
418828905
192394300
620616809
65547319
258057109
134938249
636439894
316848172
407806466
412494921
498274769
15551946
437305826
29849245
263310075
65003850
308711750
594971552
249950447
404493134
378387557
63123687
160981391
422373573
396995725
59589180
415725522
32740950
474239362
26709231
382155115
364663424
346026870
203260952
538497362
542047708
30302320
546798611
561970498
146681011
509022811
81343525
259782603
136916968
116811753
255119576
589250790
18850936
253233115
23498543
231290638
482051004
457089086
298633002
247069776
283756928
279254585
426398115
182952136
15090155
314333612
21188442
23638831
467725230
232986847
587592366
111671413
384143598
30357735
541588742
489920509
240021637
46000575
23560226
17466853
447069707
340524324
195718215
256107226
600951659
172529685
21647950
370435457
39207632
348892052
36452050
26500119
151887995
91711444
136030721
40224741
254396480
87272222
47722170
47765207
138394340
296575966
563294106
365822838
479881475
368622799
408036857
705197282
364881784
393590321
359015219
283820917
221162261
701681604
17265423
190664190
346183635
20121682
390805372
131835531
299253667
275386319
619389993
73828228
326779679
323985136
283591428
253172917
301162230
533459811
533404535
168625005
240830253
150761815
410374467
337279551
618238678
78183060
452402352
500154514
19730190
475717478
485007498
435251824
565519225
16100436
36862171
21708314
279142389
340180762
252087682
282595902
570502101
490762183
374231148
172887151
27000730
19592015
578362012
25876418
93306677
130613543
46964947
523599195
138909804
52612452
227875200
484455602
20352628
216984431
124086827
606444309
622735613
204525325
336671576
523878378
634987665
636303971
32206684
520011678
30154431
104052064
220214619
275875005
22084396
512493431
619462908
29829046
297637478
395530298
511723825
371797903
475189523
287777528
575794966
362901719
74521392
56679907
146473888
281739110
468450808
231265611
633114359
612801818
277561227
209484116
59490595
449088089
36077928
369857125
421028086
535918721
30255256
526214703
127463226
49687002
618487509
114239469
470266646
712691438
136910685
536249346
95206593
44847552
27116417
260420273
17054944
227404784
589329881
300082429
30367605
217551498
314466693
44035242
249813426
34874919
476142345
363149771
42054669
215183322
117767052
392190578
287157536
399981306
218822122
362172145
533037396
26988024
55954443
302237775
712867106
633519993
247491371
198263413
21989430
168161090
494342710
211446345
149570390
110494087
131826928
123092898
557306291
279560050
31091034
133255276
139476587
603716639
75481189
437843442
565765035
95612734
43058090
634739522
309955508
119388290
613688975
30772115
584690375
479638868
164106063
135766567
543491715
284532649
511103045
580654044
395077803
258099383
393790529
110894587
119806820
377654385
158360260
413584593
369801757
427632141
133904172
119054288
138203675
195160723
343205787
133864713
173962308
39584576
41203207
21365300
278301867
470685953
456434245
404425518
15353074
126026177
120692450
25299593
166009519
171530408
603035112
587727454
418120887
338421863
16283853
86201924
244234172
528001171
635058275
344529965
344526913
363016166
374326019
105957645
238454574
217229614
571158597
323544942
561852490
495649892
587634506
398106202
53565543
371936780
485364141
208882310
428522967
357157194
491545741
234638999
221548415
387593103
111822315
298840760
397761239
628423254
381787297
532423017
336613472
11841752
19520579
174553129
132545794
187497403
220445035
568400060
541144797
158557399
252588291
200562967
236058681
28120163
574834377
257298088
201919188
180968889
350060624
151288753
52525414
257621500
94502203
326277224
269022517
115376894
340314056
62829146
113896890
157990264
297677847
213695408
490371176
204461180
213076634
37810923
331778586
348200984
405355068
110338944
422098829
209704218
167498289
235096367
279191744
628583940
702332606
214423015
267939761
554110849
141358703
148188820
361308461
229148045
426251589
120504101
17624589
19080361
402069224
220841683
170403975
14172488
527343351
19738681
186217018
20179872
552274614
414410373
622166668
42512541
104329518
252800294
328089252
453961925
499200571
227086698
260330312
353918520
104058815
577002000
634154115
210934290
257898737
16483550
269030135
214637447
633624313
476393269
594555008
462494030
612032367
105907930
502058905
456160522
259499426
278234650
368793771
219211280
221502764
41476062
518148000
587081046
149347415
251898754
173027048
712650787
98783781
129812614
204118508
593553543
388874346
546666302
338567078
182956868
158337785
365504137
122518638
189737314
583067490
355692764
130717266
168153500
308013265
566821828
33081198
38092909
105960005
40380823
505294099
365466143
456190366
704972108
29947362
202478605
387901653
116949334
587821478
30504859
63799454
527565119
309306133
23023918
295688001
629216716
427464501
20336516
198541839
628987998
632247669
484676051
6705752
256780940
266112071
535581544
611074111
318629979
487948534
630512830
354287719
701141988
416879030
279809295
270646096
110524476
451712711
394759158
528056415
283599884
478846629
218128376
130195952
92157633
247158455
500890167
90946636
353244763
195453684
293753817
191479944
22831555
535557676
155499161
385447668
124233992
168266023
266287006
120186792
21810475
159223404
325893821
603374472
23887339
602230901
235768807
51890385
294559888
60192522
129304107
254804335
284219141
224060482
391464284
623791921
477076100
126423433
413266740
710896057
260838688
392997630
594078260
230768268
596980148
74795125
323963398
564248839
136359909
598854052
24119500
243308448
17666340
169334006
634919725
273595343
18697057
35024099
75233560
16109918
293329965
710736938
118216471
94681712
221974657
595018408
124885356
215654979
105802439
59924169
258662294
19999852
139378230
615420060
81158667
405573630
383715436
632286499
172132713
589836399
587878470
42898402
80840404
267907572
333771165
239405154
13206842
554608811
507134221
249598796
35894442
139247789
478583217
39039096
14526324
569607469
177077433
289087996
353355109
120156189
30275967
526878245
534513524
538360079
206324795
18081996
253399128
116590844
300960189
361303624
134335440
383209171
244145171
26137725
522746498
577761338
168397204
547212588
17027378
281349134
622969430
32730667
612442373
448271771
54542084
261636647
223992964
480018332
457884508
393665749
593442696
372213768
361229846
68435756
600759619
593410164
225320718
202561864
709318848
160094313
586589068
87011400
200926223
590804445
505091920
250754539
271530222
413782798
61212857
32043154
221547097
544840552
347651565
358830835
704962309
83177400
191601986
501142726
633405520
106312611
343863244
496386156
20039736
66538835
479329546
136162065
130538354
160293709
44282421
279764229
606250364
277146838
235840646
83888823
241355995
468077817
394332564
396089173
560976447
151950380
635556432
512716799
24655962
340814188
119167990
456300007
503448368
256630145
161086789
71538968
423994832
503461361
329010265
633304936
107723930
94098412
377970935
217583857
408813100
293765396
319686096
97919565
626014984
496403860
245873897
306531427
431709048
113200619
575846022
166867909
231882551
433716603
49491544
27181231
571366963
377762551
314752435
126780195
468937315
624865385
121786257
19270101
418774015
413388210
117516745
377157745
233214713
20647511
148891886
580194746
700354008
134107230
331955732
229964119
185896755
118708596
246883026
29684691
294290841
367132385
22523228
394838637
547864895
140158937
109521198
174800988
91883602
153530461
381067435
8498852
364986655
179214661
202696784
632463998
464708807
709320396
249019878
129655289
227901258
362585565
635084299
163653218
186435031
216636239
65562566
256611307
14909295
369654550
307143056
279237604
181410143
291368195
313797122
62012352
516687013
116841782
700351502
87771585
115542194
239653968
39063635
312273548
118433623
442209303
170764725
21576802
111919375
581945705
630315509
404476121
464268341
20926788
174393946
61418727
61639250
531776062
634566344
227298434
24791987
441293626
430802881
210114859
262930326
42067877
259588870
401421192
23256310
35661680
25085864
514564023
492673879
628543760
595184823
600730896
19806340
137098491
32888581
181307535
405543895
400808478
428721327
253558646
325782135
17931096
320395407
574054264
15274414
401410382
613323099
184813336
515735826
221172406
373989162
594767727
473391861
630244255
546884746
59245328
312841703
547305964
619758745
590214881
67462261
70862385
53903605
128640606
501966976
112779973
311304287
581286225
457294868
577830090
593407164
266643217
544360531
706878493
149104440
251535815
429185589
66907594
296435971
108125449
336926051
180083679
111333853
152807225
400314393
551958938
593481939
225486665
14469820
291187518
247878101
150364301
183978291
117117105
521593590
351796900
251783091
429954992
182683321
24736074
236709307
25112446
476194400
325970597
538787493
432152735
279707410
488060497
339208304
465045849
158074153
54087035
309986089
40659822
18616030
595222686
133575103
129693135
386798905
422145250
179865381
326959865
282019769
550980584
133387554
610403163
36853383
279737423
416751841
110659742
604284253
222622255
63167747
253271330
163543658
484980949
182058198
119903725
177198220
515672072
114299428
537402498
589809395
327909747
269655988
392528285
250852046
412469167
239901222
109987736
234634217
156653884
126080767
107136502
58620717
158472141
76322420
570878432
268439470
539380811
619631877
566949608
253562843
69614612
143430665
475273496
473559240
135392388
287462715
115518209
442239099
165984531
553488526
424536715
455032534
31563615
290228598
128755792
148350787
240295817
172416912
523751032
637322424
109485800
154298905
538682413
150024225
223245764
52529345
131058997
160315873
44480252
129383970
280121251
88669816
153549034
188451337
17795084
418044820
558156857
329903468
86235242
52035846
592130634
155529095
125873140
202184934
612502985
389973987
331014424
249911913
408906272
366014444
148484000
91929130
274836268
569554381
598396496
498508948
274675246
414930128
369019289
215757525
631342711
190275439
371264247
33423
81482674
184152519
31565351
60963278
615595790
277101622
90936251
303707838
216337092
603743076
186519081
459506645
72326864
59011572
44331028
70484415
612606626
139801167
501327362
322298108
392210085
135220818
526638659
403564077
890891
424372751
250441521
136803966
48247759
532717580
139518287
472857764
23165482
63698381
637353673
637190389
299874676
23515411
407851432
140617598
305989587
242705876
101875087
34198238
136285358
399847952
68499473
388432676
21831117
236089410
262964711
261202886
158931207
176400103
109345294
206523184
183284630
94080888
276254704
24613433
140539028
95368079
135551983
18523773
284188750
221342342
130134329
17365740
624914039
369528441
706306376
206653416
213373812
330421273
346256679
262630290
536711094
24196664
298367717
598894344
380543611
43934747
389296142
118274089
224951547
124295079
584994178
1404141
341143745
629778916
21662921
562378392
700869134
309955637
292352246
35779174
36931324
27218922
225935011
116359310
146034343
407438618
216284061
299767554
142139160
578418355
242035095
240238916
180203731
232511124
406162937
458534988
38834058
134861702
265506385
58789772
556198971
588708378
142502977
312965415
494179776
14197292
229393119
116258374
212866191
491424627
420778018
384570941
280932648
461654556
201831571
322417484
518148460
163327740
222114433
342051221
606955261
154397418
313405511
269623494
157321354
448032083
542795539
47794363
537883984
164252204
509437828
27822901
72717549
140249863
45195552
124881482
703950283
33227466
362245072
305065756
547257587
378409630
405552337
73012171
244674220
59361340
549300107
509136112
598087072
215037867
305318105
120336419
434939636
509577903
37832987
31899444
612275279
26835741
162411619
34221188
111162197
193843778
304632244
141487509
47856832
288486897
237279140
137531542
257201883
411102912
384565071
574150747
580217649
117316720
329255528
147378918
43431453
310211861
700060021
248812567
42472740
18639651
55471324
543890405
65109958
447607756
251380350
395281761
199047512
287512355
219456620
178491943
569579112
387546925
169817782
485383338
494270555
613103943
125157129
400955197
600043184
288963674
165385246
625238935
163076584
351206638
91959423
494664486
310892503
148834985
174646175
359407421
622586963
634858804
323795351
17814493
244257013
224517461
333591107
437913235
144976379
592169184
323821138
705617641
543835593
107482788
599830737
245766344
72669207
308439078
122849174
212767499
22278952
201084222
2014521
407972710
59354957
581230089
588402819
462553383
20707060
600971506
210660718
313683135
21331415
64460515
441962836
618284125
426127995
19924669
53493466
559677725
17836119
330693540
59518272
481388184
14332565
357611522
452718417
571126184
295417051
634820095
117694257
188868516
173498259
262349987
120264410
198990788
543277528
538636671
585877338
263038694
14190709
486770333
532390942
249772464
606761178
246426190
86912694
211200869
464847917
22047609
447288697
380408756
118110103
192011520
354931559
217760517
393951078
52335676
399682836
131870828
18272473
45651517
400461946
199820676
517719357
151618839
224636749
317367082
160007274
246098129
304954241
40915680
504432735
288399556
429084305
28118534
182050214
290241488
549026358
85948014
139848857
258980045
235759743
458223126
282820683
389997827
117808567
136908592
13608182
336631717
417750803
272500399
30780744
388404248
335206513
507642808
441759406
231171026
17202571
317506111
534482963
52807148
41283139
312271948
20116095
218308738
428659943
1807861
191221489
432044024
96620510
273579838
205025177
36382168
19025774
109629723
270026767
127521924
281169291
19639158
316022101
526686585
248774524
160915451
260600635
22790755
133927822
207821237
176526025
599717001
266056338
182512861
297537383
611009760
194788901
402871201
543483266
25419018
598925796
204615047
163369078
267515866
114302504
15429970
298347608
336967695
313410943
73748227
459805928
57438221
209890052
196365375
22099720
299769503
526759947
232598693
51230849
194475103
127884478
21630133
404873125
264253204
44017786
212702165
398763070
214591348
531789930
381292388
161405620
545415650
226016200
386896810
76518260
275010907
43036839
296001186
469533096
347423672
27668211
152832615
110102112
522654277
474401963
408478698
122094080
145368885
606787275
583127837
43585917
505943341
560631454
16299627
89483276
172068476
309178614
393456367
119297083
410984477
297690193
488409452
487453889
492934322
198202008
553855427
535736189
449598465
201677006
58074235
627845910
593313812
619199600
197963266
389936580
247614711
472551495
330654115
154353998
375409594
507901579
255486217
116689215
304760763
619263037
280642161
137703047
577770226
247182392
17296530
27580590
177844715
341278751
636643391
351776401
700165064
518936431
352662265
18031651
73653719
636472078
226240586
386691691
318011079
41288816
700284462
148028035
87355700
111180615
623208644
363503112
406312064
607371517
51294103
219885107
428079745
484392100
231620414
21576021
41134890
231033837
382733812
570216892
298790890
52599673
343513214
515899572
510018533
306936903
111397195
193923295
181628345
510834572
455364911
52424387
636619472
175388230
14994586
256610829
610920004
106612260
334868458
126795853
334796326
20537525
32640016
206666774
455768446
556326870
138127023
114576831
533358656
175419267
185493097
234028488
301028446
335025038
107873901
493553908
598444067
388320747
305580442
144999313
634518963
608163142
309960821
423816205
137770466
423097497
66556863
483960478
625837685
272506988
124513277
585974510
224786739
420648072
149255111
314613453
118573185
174330041
174763258
46783969
634826421
183226551
270723996
201367390
71450011
292132704
188960211
380858336
381604983
45502121
124728443
234079697
548450190
187062262
95067962
20400292
636207068
459616490
110774058
102016951
243887441
118835863
90918101
425482182
447634531
179113702
392846366
478777132
304568290
104351667
365112822
525643462
153969106
126500061
92105068
318758102
357080873
218043884
500071052
249552678
544730677
543735557
66224716
401880438
208828714
153531949
280309648
286424700
117457171
631347180
245201793
63556178
462616095
512806607
231289221
163518175
632085051
249923350
228851758
15762792
51121676
241286312
404995609
633037940
187817457
232814871
160837205
634009112
6433122
524978674
132868827
102461628
90979496
581137696
16029177
296080440
42932703
262137156
598283305
245051131
23081096
292560045
380638532
25330246
422209792
329935710
216736590
65359473
459524243
303338437
380746878
22981688
532692047
222240984
387442832
308315412
373659790
75449004
295413098
443180944
147033486
227864491
88030799
36892347
221403713
637122237
172178858
30130137
531478246
244585479
23298810
102744212
26296071
227896290
35347724
521505752
247447560
570816602
21554498
402427569
591377791
338341096
439634894
526718082
53395755
446272084
300893304
22779747
416606230
234334195
233673056
524460569
14532691
20039496
38014125
223630009
223429345
115801762
41219736
130577802
455117306
136684305
356465067
308892843
166930407
533894898
176165260
79272837
124761411
619932029
512192040
111787435
24427640
42581685
122567822
253054363
371887332
19556202
345059738
557056557
571040648
253099954
549101487
543166815
386746916
630199904
238129504
551131948
532484752
524349790
223938902
248464074
296364135
160600567
257471968
46494789
111086348
376918596
141509027
38480103
251704461
623694983
277508190
41906932
310915180
355553437
529624233
100073343
64761646
209529001
412525484
612247011
32982254
416641397
632331047
301647796
192725557
604053039
342664475
354383859
196994195
496574261
417946799
21001207
54235696
434049796
564319384
501407269
350616032
439011436
147398851
270994606
228950242
22149535
587762509
464136788
366592502
383589281
337169188
578588223
226019784
22373552
379607941
21731912
222227058
227171259
219071416
568750791
278941692
569546005
577455707
8524102
267284829
391808389
309826342
122527292
543680992
140416819
27198048
144395090
11946722
96699263
431571080
15859333
252791622
607200274
304561007
625710438
270582579
552094318
27251729
232173785
191511855
126028857
328569026
275341202
23840242
599624471
240406092
20408645
291612075
634959924
230503193
190529767
561268414
210984337
258212073
252923248
354558664
634166633
628859382
452334725
575901051
524820353
170750620
35666854
450907827
139784696
230867660
19884929
360793223
319320421
162847448
130640977
588935761
242609294
542682475
573038246
123945657
227697546
495514615
362309336
504746780
19204812
44400963
37007849
174775361
623221670
117435948
435425582
323934995
356489984
246960209
253152318
616275764
401710943
415596950
470809265
242602302
166791836
261898924
342305123
297111474
416599494
49110774
598686080
36553908
251981676
31475913
631928859
91531700
328124841
407896610
219404817
127743012
302152339
193409081
448685720
482790508
406666895
613532248
320405972
138214798
88452723
601288103
102427706
116299352
116800961
208874457
172656871
65755448
495078279
141936679
285435016
132901171
587713438
205928535
297524693
16982342
266986075
212033382
30765500
246017621
450373414
217897948
630117583
186924203
27761892
535803197
324921728
200181449
368170935
372384808
595875124
466933665
542910963
574703111
142891243
238623402
159357706
16415500
176346162
273169474
608445329
261033480
322843781
111396526
251323999
294332842
188972435
241335654
343709121
534350101
442955642
553837139
540847121
263806606
125704428
249728978
326996392
158846561
364855926
329061409
85440540
95589621
32751785
585381447
540351762
29333172
60125109
394889598
607810245
409596624
422270823
526675941
328688231
376092640
631178637
185592069
335347855
51055703
134816264
173691845
440923958
597685798
320831178
531948699
189694119
37416890
242981349
312262911
258908758
329736318
310063071
40514942
589290374
18482483
126335446
22933688
16458959
584904934
20852175
16460757
469995363
26708501
391057715
26779525
432803670
225064264
191275514
43356415
252103944
164512378
623298279
16274023
455996239
169266999
416194552
269440961
41654154
117533931
586049525
520967369
369695522
199613695
293441682
412300426
415933515
351578355
61192798
412249525
340560114
346098637
615045619
281519484
211155503
30951930
464777542
446373886
319805618
320542189
363430372
271162615
559829474
261094168
143653259
61132046
209541984
35696353
593181820
211522259
153061179
554872861
457717624
30894695
506629825
30314517
111839589
170018958
263326257
260431939
49253184
422320592
510407649
57442052
463222112
213478742
146964884
331060368
267234806
389922803
84436627
341871312
186696896
300975962
217930864
42650766
155355808
109427939
169779831
211001903
499794125
225456547
522918624
400702800
265899859
264862915
114784155
244434793
490970984
594937055
149379668
439604123
365023499
15900143
410319308
165492371
490333830
375260759
375933748
290544445
238369587
54875523
390896638
155917512
237340875
237422097
114979499
117770660
177794316
351831759
190040412
461850040
567290891
454491563
626795266
323003610
364696407
619518271
137768949
477239871
171356890
38745261
315180538
236016507
138343483
584551669
600601851
438325198
168779157
247568473
46159084
264759706
18588920
170137800
26046662
131335435
397426772
601364131
113843072
418626202
17278395
15212777
603105251
569725441
476215628
267801028
117793323
172727375
301602485
119807651
285598507
438045468
534596947
20696413
131780774
22806341
131157221
634903044
8250792
27086012
567070262
185422900
45498736
285619269
330459560
631598283
337569694
459452129
172989094
319361829
25154473
379898032
92769204
533936339
226383754
249054518
283933145
15735282
140203389
44408825
199701249
466875680
287803289
23385836
314464434
228277557
41588537
212313815
294226753
587440670
108171004
451698262
370731847
619084872
597704657
343720587
27707722
140975037
246613510
75468110
525740572
205482271
168911841
517295675
247168780
42479486
259049102
219420389
360861309
133201560
185852793
435230845
235721925
22440812
41155592
17332923
30311115
564077599
125546963
161498480
121183687
21953248
21709576
598038914
464220156
37080099
251626236
14691726
20457767
319561075
486737325
251022261
23076449
523777615
29075970
204860699
538954027
72604692
19533166
418464577
15848054
264392803
16233111
391552445
634844300
407379007
621291610
161092536
449167923
569973994
52864068
487218969
26829924
626043715
589419114
185273641
574002670
377814308
465209051
385787859
148731748
574768592
236121593
241247647
409486187
430958011
267837841
131201772
100023872
610183411
83952056
234133657
273622137
334238688
234894998
536455026
211787112
221589847
169391098
158894554
488655219
586591811
218694030
494239946
45638232
163682599
513259042
252187245
618460918
190913364
180457545
195115663
237784935
608389300
366479986
308534014
487856372
545174116
611919442
372979038
348505716
117534982
550461298
238712033
557780564
626523690
14434820
285272770
236764005
634717804
22465866
501930652
165808312
175486391
271421494
123359669
390896477
322975307
119461436
128554000
229693323
537488402
27922110
491903961
397155496
220595687
202648943
395551896
171205760
460295026
364574776
241241243
438982996
130729799
37935188
561160024
612900390
113603513
485331966
566896979
150867741
574816200
423682865
627553595
148160719
476194486
205721049
289110640
240832332
87488569
49666569
339799979
8442372
34487135
16929396
292626839
241282959
218770703
342468793
63617729
538578604
149573977
76320632
280941939
427434911
496473877
286187424
280768436
446521756
161930532
18762062
570127410
605579459
179675800
58941808
100856613
349056670
240614529
391701194
242718630
631459316
353194548
472122299
415582246
115318142
173508697
33453443
490179072
55548061
151902861
278052842
363268070
47211120
200577524
173610171
282060938
114448779
239512612
24250781
375411717
386482280
319541443
390478903
267383367
392487944
416731597
307992429
116611069
453154792
630769999
211929747
75565225
351274887
143900807
144846748
576689981
447233082
531564833
298791447
445748390
228432072
467684524
161813635
406752577
628709131
373506355
552906039
350731319
75452943
472493318
493421813
593395975
464304786
250326771
627479113
621010528
100650563
144619588
586105242
346952495
405238725
491155426
543944864
34080748
403116733
71018052
252623014
632433690
281005381
558990500
620532546
333550565
628963270
589137532
606210120
633174283
31019544
260532475
263762004
19610699
491506283
472618500
169241563
184864474
581972455
81159542
630732518
22518845
574959395
612106086
470415169
489550591
471394291
60132534
432902441
539651965
19880027
230068840
26134438
26125762
562139132
496648238
186510153
23233674
130442424
51334730
45944629
554375810
290180065
72194644
158354567
98579217
25351821
240785452
585745070
605014055
206761736
627509296
297992913
616638346
25016270
543662614
20177485
527123392
503778336
498196056
565872533
81750128
133790025
517632772
407788607
192456050
54672942
34142298
540188389
315106263
27558050
344309885
628025823
157887514
21915846
32331832
615673128
85262282
57967968
114480071
589827086
133945668
577769984
618005010
426704730
626053599
99633837
612328505
32239947
369504826
114147705
97588600
218377384
360859686
16100104
625196467
632011602
469723684
411809185
314292632
363859812
32257799
39789028
143922209
425991404
439772768
361496111
366319437
222685340
312828718
506366690
403791504
52607361
83691668
594158119
585310112
188171597
442246575
462392261
55043648
351352058
234594268
118904499
141060662
468909913
307661645
409376237
131298256
221216156
409982533
323344213
116553478
43524728
179639502
24279084
241590580
44101523
46437561
435533981
565759366
296491835
297154977
191911750
391723208
614438854
25917879
18246463
18760460
259350349
234050484
100818757
618652018
446527316
374672872
319800097
520046894
485963749
24961164
427305417
124003030
18155425
426294067
16049703
337257091
216846088
31048847
357904608
558795177
459329270
42987370
631588662
436401707
32410378
174477900
57860758
375088757
19925325
632088574
379109862
54952030
377660728
371149220
361933730
177979913
294599838
139141750
588473403
469777104
439854157
532797050
583487983
419803420
67605722
372561506
418011485
44612378
20346786
213444021
232207669
615650418
547535551
615526365
216029057
31346364
630030255
22321056
31257022
52208202
23172905
188599892
170304786
21939928
623104513
335090557
18493809
24012704
14052016
191456570
389725555
54929067
252771642
215058742
319510129
546516294
468793341
216970880
157272179
280664117
442987724
37252436
153209963
18735586
632158443
16065918
413500571
557389728
143558957
398024469
352699216
36685954
43822119
252676912
32159959
264754463
606116627
130368950
66961720
529562997
588392413
15789445
379223831
560445106
37486607
632320219
124448637
600302588
369132166
26065419
95802088
457417447
297189433
568240602
29054836
516843504
595646542
250959757
24292848
188483898
292062964
630872250
227832048
498425820
125241475
33579272
574279451
19757184
588307960
395410825
296750554
578567438
43618922
21537313
224469514
590678154
565183009
23682497
554297658
541186506
557147515
416746464
213162134
227112599
275143079
233394239
24367523
102250239
85956561
137369407
430850826
37033932
199529629
33180256
110884214
588247928
197511428
613515334
337219875
223260802
490024908
138280838
16224224
593833390
243000132
239612108
24220621
34611229
534386083
251862089
282271953
367955417
540232662
