14563724
14126701
234947344
572324513
19309716
25829789
4179890905
4119052103
4082125097
137379204
123127701
52655442
514806103
47876842
3433123032
2433304310
737477204
141834186
3866016492
3849397520
15698731
2916305152
2485674656
324532446
55842362
89363681
3301218897
384146432
978437101
1241433806
86539401
2149921538
47175021
81859985
19843630
1343132275
3589537993
1147396339
16129633
2230712125
271385968
51691027
213324687
131488243
88943180
2218745125
90145997
78240297
21714823
44864385
3347601614
105295527
83814679
6977272
3318706884
68362355
327811571
14917754
117777690
142042077
105675946
35831704
220569422
492256905
378615091
852676610
21771755
14338267
19816004
1443780630
216356099
369149221
51112072
2878029540
11302532
2881505046
2787702992
2866541684
849420030
20631172
2673864408
54470587
1854347438
1256393682
2460789818
20988841
3071162052
33773592
15214127
85363141
113022633
3304688668
22911650
702663758
32340834
595599304
14286491
198902933
538714687
1612233594
55388565
2840240486
15557043
6872422
13374
32456120
117360280
14506075
2917700821
355032358
1464314833
17645638
2919851922
20189555
860720408
224896427
1140295447
18393773
110075039
2383342860
3334394225
1140809850
90477312
37851097
1641737071
1374848558
845091326
132693527
1429751
2296689098
111323990
14534196
161243998
3189001238
191463787
34247411
19383099
13656942
3187336284
390747208
54690018
223372811
217706687
2301852505
9812972
53336725
85514954
205640689
118133101
90962704
3068713123
9116332
4894431
2999170992
20975688
2987902247
48094700
808729490
25854974
927933541
49607083
845355925
341451020
13862172
851068448
434442052
3164638311
53893339
19711331
196556977
44613749
825964982
3067493362
534976056
245134844
41155540
627568193
617805684
13500732
158615563
2838238556
5856182
158414847
2979524016
231075405
2910043611
49328534
314158631
20491064
190246525
1874792017
16434310
179542744
299141309
2466224420
225098867
277175103
1882168650
18096267
478181304
352650591
4155531
2847052918
2914458896
2851146208
2907009051
33035944
68577152
864251797
395895021
2315551122
19676294
19238548
19429176
2294732094
14245811
1215758790
1328577878
1038841076
17809159
2835936763
2578164468
504711022
109080285
2905696478
18589743
217295265
2782188649
14677919
224084866
174302578
35773039
95640686
2322784352
116867280
293116923
52133120
1107781652
2842686413
2375288959
29728192
264560937
21021784
2600093628
3204731
279028091
895238288
2190906684
46501731
2758681369
509191768
2834357809
24674124
20913353
15227791
17017636
49476053
12020532
16609726
134744790
146213978
2773810802
488959642
130549887
2296019358
247951139
281055287
44562343
264849863
247359606
769668312
156370085
62024265
29016548
443641432
2689629480
56980892
2218264116
348009705
114629053
130468394
528515144
20891396
928219752
857471436
18655567
901776655
1926137617
6034592
237650650
558509915
2541968497
138969362
17856025
41491084
712026258
1144882621
552333963
155846550
2538153482
2158361220
283035531
252245569
2477512142
2317422967
293308486
1844909594
52324745
1443758318
1448198220
205784943
366585100
97910183
751764565
2436261056
36609877
23054669
2363974111
47648872
1963020727
2161609544
317239994
90915275
220837902
329427163
2341062750
2290166084
142696824
407345942
283807534
2310695640
8548752
521917587
1307133222
2329066872
2314938391
34301277
15479908
2246304439
13619352
1960825746
134505237
119017675
394081026
2300379361
352372296
1404590618
253004443
17136713
335316520
80035797
2291893968
16259617
115010550
126012903
11209712
245545600
317714224
2274947982
38124552
16495920
200005600
310960217
69573308
60882947
806382302
74418756
1421284602
773127614
868672706
2162905592
19282539
19341408
1255061316
86829277
1024056139
14417300
337357518
174139573
355428046
1479731
253388937
1733387202
101013718
41158057
395810726
15322269
18638210
199938696
14389093
21137406
26616462
18785864
162988636
194247026
15655247
290298526
1396268474
1410437030
1113541
482163835
183575679
6311942
1418354010
89414788
16964862
267256091
151546913
18717320
15528719
632724520
9266142
48966898
122337839
193839120
29885622
13972932
16076032
54999357
255437384
39030654
26957009
53898393
14781641
44724477
839549586
167307584
14927297
128654776
209573494
26992475
19997751
49344076
1132994426
1235031679
401230816
46861341
63076118
20198007
194877044
24670970
23572249
616173
37875506
14671548
17393929
20374262
20745540
15156570
141340085
472872558
41287144
362655140
159069213
16548023
17387399
618047093
596500117
18118565
1250366947
91942882
76410602
1059736146
88877106
720754110
542401986
19553736
64941856
8005492
24729103
1172044423
20015311
1183376923
1160130182
20515176
320210499
26747231
19935575
23922797
501825960
254148157
11388132
1089276859
848753425
237409428
14157788
67018459
20758233
88551365
19290985
17336372
96738801
49270737
44874400
534768355
167394449
270565078
779204407
995259308
19725644
774110359
183548902
84825820
19178857
198526166
308195606
14254520
348967781
111020569
52768298
64376355
246516111
236037145
374268208
950063329
875439188
13341022
425853074
309043147
18980276
19577647
5858892
1077971
43809395
709313
194504872
148662999
376155979
226602062
186748702
606650127
829039363
14697045
421944319
61306578
605773445
408483952
20612033
619780819
124391645
20342875
380389073
720018876
28406106
41038232
17061155
20478716
269700525
215394809
419115358
123858892
451256188
281585536
6134682
303225037
41564110
342094869
325772811
252105742
82400973
36665364
222548545
427217149
46743752
543544291
86812925
435770917
17020096
97435571
93219986
564406540
76956597
295032027
18018034
26179896
46574255
321780299
347749926
299580552
106414010
14324284
141603000
479843119
3269971
17001490
105873769
373282776
459080814
140956562
293110255
185910976
150456275
806545
158673012
461232271
173992307
20152046
169868177
404253571
468376383
101778101
468188294
126255011
25323004
28049003
156889951
269552103
15060148
460425949
53560219
325126593
11344702
46637732
26254137
378127092
222765418
228586748
21395135
58756672
94569565
82985064
30721392
2443051
57606967
199226563
202750359
20814771
420443380
107174526
118266357
245654697
169633285
338508921
57899028
208572474
22895954
407072837
58235603
22839233
20617750
18668407
19396145
21852262
38140504
385581974
396664578
251705703
127003086
14120133
70570429
279428284
375668090
170690663
20898564
16935292
23768976
89718587
14335497
16446213
83878946
373662227
376065432
372723954
24502004
20056392
4339911
12434302
16647671
19287755
357415239
310404306
296433450
353615907
15448732
31035336
308597060
365929707
14229400
15137538
351201054
14530569
161078090
16507856
22147035
285403415
17806089
106204010
85906238
54489823
202269403
47367118
235194866
223529798
84706976
20316230
17047208
45373841
33280834
26506721
119135467
259277766
123135183
46300208
15160866
296255607
40466734
89168924
289461402
14491507
10012402
278982630
75134478
29600755
223793747
40846478
32427234
23023236
56617026
18969341
121550746
74599038
216793572
206597681
11824072
23596330
88956701
18450435
19066345
255747724
26582851
55024445
95245460
14534523
19767193
16303106
15782854
108382988
19298952
180476102
8440602
34617752
224631899
42023719
188767119
72249574
88807987
17949241
14824849
15962096
6436872
101534369
25804096
116740401
197775660
29601340
16629477
88936048
197450751
200456671
49127323
20444825
7431072
211745797
77987297
56685979
152852034
92838931
65007412
175454329
27013292
15577562
17942434
12984852
32624460
33279328
210787605
14973943
14819353
16745361
14926475
44418062
14738561
87569989
116877838
32615991
67713333
74690215
95363183
95610582
208988759
4053671
210672830
42247433
191621304
3089151
15011285
22462234
24876649
13918022
17868090
15028704
29024460
19666726
10810102
18599435
19697415
30839162
195641337
79997785
21744308
14897792
22406785
110397757
12432262
10069282
19146944
14293571
17083959
145812829
20609099
3604141
38508721
198117530
109839156
92010665
19325156
189118361
35070798
19232231
7973282
28173220
41592143
23859156
20479813
189376144
15132914
31892440
142955142
189065376
15781123
181894888
28555391
189068034
27234566
27320089
17871298
45580925
64017773
71210524
82336717
1940581
177233173
15484063
160877807
135583203
18198832
37943909
23948254
149499239
20685968
16466943
86664924
17779259
87198154
15496407
18887526
21126840
19837528
20512180
121774110
111097299
34222024
15521075
125614071
21994103
14568034
93950513
17290922
806133
119401334
110826956
25671405
1104501
162088304
65313753
19114465
31443503
27834920
21576334
20067778
46619546
14872643
127910801
115039678
49780094
15154811
17563731
25676709
18396706
22906929
17020962
54505073
29726578
21771224
41561657
18028249
129947794
62257721
14735121
102027437
7076492
23570520
18713314
19394186
43002582
18713254
20779255
14075928
22419487
45341566
121442951
27716419
37064661
80802900
41084386
22750673
19256096
17462723
12819112
1344951
32372834
96102210
20693661
21237486
20150669
17753033
94357028
26727655
24447643
88722311
43313304
20632905
20155652
19095849
15439395
26347170
15862891
6705042
15143478
17939037
8963722
21581503
19658826
