345882923
3599283195
29213506
436668703
33388399
433611898
47964081
124889369
3386689083
479502719
118158475
433573419
57374058
2159970682
281440041
2706673465
4060882047
39546343
357156581
1324309969
214778473
1093439106
1522387902
2570353408
1165946118
30446521
3905130973
3589868487
631791848
1119384354
3517297513
460305726
381193380
16153562
884615034
32385083
16906374
24236494
2182598396
135273447
1274792563
358450518
2304711416
49419833
2429841101
2210499388
1354918952
1629810506
1421379786
620136960
17843433
153758216
3298706840
2544937565
3362978589
248827135
20433284
140665322
3335294013
4970411
15035484
284095431
17813899
138708473
397161504
215787502
3000630032
526677862
3100427362
18168536
3198193409
2964950313
44873703
126023534
342157566
474900800
1647730542
3150040124
1316872604
3201530434
3217687301
3189844269
413236812
255976193
3293158955
3224430149
3260968241
3247462809
2470428719
619855057
58959991
2884771
788982234
3459051
34006192
590152667
2942978628
16273831
590316679
2413938919
2735591
48967649
2420515753
1702101374
25344616
2173675844
2950785225
38484065
2867993273
264761700
215542914
223207360
115628224
245462607
123109597
137445561
32359921
1579669898
1179521676
494929304
2829985256
2221270657
85469815
949279837
17471979
2517961578
195717009
1399438554
337705200
345954680
362343279
116799581
57339160
57295940
36670025
214763899
59222801
26475943
233953901
85346528
109720244
268264605
15821039
68763789
31755637
63977305
31524221
495111083
631531017
263284370
32358296
153209413
2914442873
2936714848
126733638
608146537
561266861
543487087
1162687218
17899109
14499829
14755492
16025112
22039274
2850163038
25531164
85289376
229860431
69271273
99269431
380648579
22759754
2662225213
248929204
57320024
373978904
85318467
204481211
17409452
125346858
112411597
24291371
25048816
168127554
39975533
23424509
1994321
24744541
32861321
36299912
2184045924
1165949142
632938439
339872087
24150634
36329597
125995973
19722343
1878359768
1136805132
2834806672
2711800850
416183697
1585589059
619791663
133203429
41814169
34570810
9252212
13850422
9245812
14293310
369731759
1568300168
2097571
372895128
366089982
2274212839
2230247090
83139742
25557388
1449069661
1144935463
2611386786
2438307378
543011207
2559409813
1428681511
1038842545
381504781
416592091
57711023
431647684
189868631
70985635
412058221
484555569
504914052
110228415
14055301
21093785
27830610
14361155
326147391
542809586
377946810
49988810
478863602
57595007
402961313
222052531
28785486
61731614
164263382
515838635
88708920
148517828
56967586
875485452
428333
18017198
759251
51241574
20646711
183165874
56891751
17137628
33933259
18213483
69231187
1652541
25387183
5402612
14700316
1258843993
862958023
619257012
1488025764
160732683
806553264
244698413
42615277
1080859344
223385419
37628261
1102175054
555935520
1444396375
2161273110
283096687
580843282
57008913
213989677
464941639
1229293609
429731987
1645270182
26234924
828942961
987728562
1173740058
246191640
980328607
12769722
67603734
118973010
149651634
556130819
315434376
923870604
135494243
299929551
520263094
223239223
428807305
9923162
1128690816
938839128
428172079
130448242
190685193
334548719
218184272
311773369
106781884
255976048
894740569
284647429
221394373
23933098
1431261247
1204033711
1137425888
69021389
186391161
364830542
1447305066
1431238765
581084432
238929277
1311784290
48681157
1189696314
1307971111
761918766
1028080496
1379223859
329666643
123528331
48476482
138369105
96735431
108315250
145935897
271505240
953248862
740069204
962409006
54610911
16683014
14159148
783214
1076109716
349247188
269817328
1676415847
1853270472
1682736786
1716557418
127189799
1598183347
