32615991
2820447335
3263152075
236882713
74580436
2526229286
963558768
114870386
385619175
23790335
86977818
326359826
14734269
260907612
20793816
95266520
43593
223533689
2319108198
612076511
16319594
2800364413
14549513
1365207007
5746452
14836197
33360722
214546606
425938818
1376893698
16196443
463414713
15485441
19777398
2420762352
1959556592
27711339
16227629
11856892
20154745
29280436
19132606
2233154425
575655913
182555176
1442392040
2263170024
17220934
12652542
937859911
224631899
737848638
376088557
18683406
782615960
378272434
1614519108
19668775
43848067
318053222
1589203201
1550967517
561297215
26800968
602317143
37722615
908887892
1957145862
424410858
50393960
161801527
1706571444
89169314
937570435
235700566
262365030
495517322
124237063
1286506417
133239513
405033226
464159257
47730394
543876839
320210499
26616462
293116923
48966898
16174754
35306978
38892114
228586748
274870271
810577974
518859283
303130436
85906238
59257007
253184910
203470497
1201033932
1173685621
15458694
473561045
1636590253
617854798
722936407
702654168
618258504
705057008
473941521
14749606
1737162878
25338609
467615996
420574055
1246304095
749379602
14292670
1381484306
1586762472
10751252
16881163
313291921
1339835893
14345566
114142293
158414847
19697415
1330457336
126000232
70648143
180463340
56377851
1307614093
22931893
62988756
71521588
13837292
450684943
129325303
158943779
515804556
18419426
1113167976
16143420
234377738
40908929
16228479
84327770
1249676186
105973401
1213590199
1205345400
46743752
388261996
199737585
230944453
603249933
384182912
34996447
16062560
989625055
575830987
1130769235
149839049
334285651
16860245
18159469
505290419
44409004
1023096199
137365854
1113048792
200163448
380816062
19397785
617825073
153660009
949775940
1000262514
43307463
22286712
15403842
338669051
45851773
2360
204832963
494583213
107225267
16465385
19267482
115010550
293110255
49270737
143266238
298269529
45139959
410244108
49780094
466062053
26817726
162088304
453495437
808627
792853934
244655353
11640472
15473958
50372842
19900778
15109516
320058226
546017714
4339911
36814136
61524920
18753325
20987208
177005581
543700209
462495192
174484107
27887109
394458343
485924109
139930250
268439864
14920785
58528137
216444984
221061994
46300208
87997689
26527812
155230346
65493023
232318831
108655269
119593998
492806249
37732219
154316432
111020569
17221246
210672830
263734346
475020590
16017475
464996794
212503356
14246001
456361953
170456179
760642
36843988
15492359
277660111
9938412
75641903
107986772
47983577
17042078
234141596
15234407
32453930
423556756
255654947
37376216
208572474
55355654
1820691
407141780
200634860
166316094
82512057
214219361
22938914
373416209
655093
1581511
107544554
46485024
15784761
14097382
65220569
137536281
14372143
361738798
17293897
34711477
30860604
19760439
17132852
175525187
212299083
339213186
14676022
21857603
199860495
16342690
18116794
314758565
196917975
8943
17074440
7494192
16640235
190768059
47367118
148035544
19047758
64919177
150078976
98957204
17449749
108620647
245072194
216793572
14897792
223560830
18089292
7973282
813286
183548902
14160929
295855948
16303106
20536157
19843630
273531261
185695070
250137376
114528293
17054817
180273692
82336717
26748889
27320089
135528262
50318478
44418062
807095
107174526
17082745
8963722
11317392
21242028
19837528
7494482
44089805
1344951
24431892
15784245
14824849
17104751
126460990
132594097
116877838
1435461
19313995
45815179
7079752
112017535
108185297
147838199
10919522
32372834
62862144
14000542
57346365
9780512
18477428
14861285
23561208
67003972
18217519
42291620
16555822
49832877
37921458
56564230
25804096
19509652
18168650
23962312
17047208
137836269
643443
43199901
18117460
117064656
16170580
166369152
48647681
25112138
23746926
53897854
18077270
14704086
91935208
28524647
16727535
16498744
15143478
26534249
20410279
24583403
34675456
71210524
56384845
115039678
48160604
20444825
34222024
20750406
14834878
14324284
9439332
14043142
1487211
17810254
14085070
95217654
5988062
17296792
14163999
16817883
130241862
10919222
39694489
65712206
34552656
49127323
15211251
9534522
55433070
42975474
25560255
50014224
17374092
32427234
31461371
59855448
1450531
65134016
15125585
14738561
15154811
46145761
15862891
59221014
51837775
21237486
63837338
16629477
