310746411
2325237042
2968853345
65359317
390159434
33661498
560866658
701293278
117064656
948825632
2230080559
59126394
12819112
380816062
2487853952
2524792720
2492715481
1511465838
131999950
584050934
38705128
2299071345
14184386
463414713
104807789
2364853507
1575093080
311811047
107986772
267735825
1181152950
1481073828
256793538
37732219
82336717
212299083
32372834
71210524
35306978
183548902
14460798
367485061
39282190
95146289
1046661
15862891
8963722
555580799
107174526
58235603
355127118
10810102
15439395
235072498
1482161
264840405
23877423
27732927
31088181
716047344
574779401
136532538
87923613
