17348684
173162992
65045121
193242306
133670235
28403766
169433261
3030352151
62665162
31700028
16006223
21774816
43083515
243546903
139847909
17346972
2780972301
9412172
12833212
110967370
232993012
8735572
65277959
103022243
34310801
95181684
1568028020
18978610
80989102
447410369
17940246
22129280
2670522330
26003862
15904698
18736652
65535634
169698101
2294608897
312761413
34615731
248784419
612897421
14529929
45544324
21854543
26826364
33942193
18778634
22771961
14112570
16164856
41552095
97812477
1124957676
521874600
15914894
632104194
25291961
724315836
15363376
237923754
30385911
393960784
14496918
22149851
34312259
21436960
253536357
24958721
791173483
117439280
40198892
333434112
2496400400
2525279822
522863173
305130745
21852720
1650065526
71499329
2415053456
22138134
41602160
31904265
303708410
174377718
16299754
88711812
472026562
291952825
292892234
354408571
628277574
16555970
326946089
16082104
373049219
405631284
169461747
259074538
566552635
96172868
807594026
30257834
119048111
227837742
19106719
25930421
201411376
45536687
92503159
90918950
121030391
242739974
529481274
15316487
712847370
2330566351
14947386
20481586
107078762
367086404
17938103
23808856
144432548
21796491
58204872
117422437
34246676
52755452
485349894
493223251
21391002
23061674
1658077962
21327697
56764010
474983217
71879096
322603418
179692178
156005263
17236539
1479558308
14680596
66591836
631204936
19252694
14557189
24797315
288302955
14201041
705091592
61543039
16331065
16421475
121816849
32675982
115522779
49278848
41509142
370308421
902049542
1054791528
87476737
288301639
22799750
14092764
21694413
21853673
258922270
118753296
388388260
43088077
15848542
115198849
280868082
105600695
23572083
17325090
14353392
568311929
15173610
14620003
14560097
3335531
236488883
9630082
24870953
21013096
6439652
185764972
546128934
15214543
759287
14601733
11348282
317313520
546749928
213662269
39319001
104272446
601215700
21852602
32272289
69181624
31432492
77444951
133640329
390658067
385534328
327288788
129232975
48742856
32515106
216208047
51848289
15224867
17883975
244616510
23104302
14909968
94322360
23760637
16460393
108915866
69480815
48719536
108676806
155954125
167401566
221712794
191578026
119771348
18559380
21357079
41213511
22645010
19416833
20400704
46957051
33971020
47582962
22834984
16531357
51160105
16444233
102633945
65402107
23506864
32317533
159120737
16724361
5336752
19419870
47694175
13850422
18097821
17112878
138525090
71349174
39837477
16184358
30043495
26548315
19090300
26083271
27901418
104446737
21456186
104851609
16025098
16051471
9567972
108617810
8570392
44935627
145724592
89855922
21105092
16098972
85928734
36480504
33884545
88614742
89787662
89207310
86902774
89900875
17677636
95856602
82826066
105531612
109471001
118957609
15097618
106348473
93027616
116658090
110458336
107968028
105153029
101783153
22405166
101783271
42703075
21095368
26005505
27053655
28727860
85243004
20515845
16434826
22568011
23756432
30204525
56891751
41814169
34635985
34992644
35903137
47120224
78231411
62744004
62936951
69818419
18159985
22234861
83590349
71294756
32335189
34607950
41259869
34350419
34421926
22418925
36789856
17317028
36108089
18170896
27443744
428333
22369057
22587869
16432584
16681542
9252212
759251
9411482
