3841515388
862600094
4149176417
3667032317
3285425628
4153031133
123669019
75371808
3697993936
2964584867
2991898147
278882118
2728023535
111707045
1129291369
3091809378
2285171634
240263470
355830788
453656466
2566213556
2381327276
482554233
528562844
357085675
328719577
2327249170
153072191
3664069693
29031665
231956931
1581770858
235769421
61886532
1614238466
332091825
31575905
701130972
161821299
1884544928
545594886
292727697
466100765
2423376488
3459699749
81002454
148430991
392426773
1377322334
25927763
93267951
3893676552
1658982236
3859738157
351941114
1317396248
2439487110
251971263
46849701
4057220501
2546773243
188811710
172024653
21795022
62535274
3301643486
3033371874
851628314
3674487260
9478732
13067832
2743762147
240114180
3496430065
2224604737
3717030615
288548798
15668637
3929175972
2235151200
294348975
2863488598
79923701
28157123
3099710635
3016034941
35520484
452402481
2599210993
3379078989
3836770333
2364816288
3816626429
1571161160
90964443
2295235344
3499695615
430844178
3762040933
2823584339
1570513374
3434187383
15172890
54257466
3555388872
948091980
579408837
994734528
499129700
38736768
47399813
3588788955
876548444
443350004
2303831054
706188354
2767232527
243236975
3630442452
11512282
15661272
3422560517
2580319371
107943025
237548529
1545233324
2324996510
39190179
1580349043
37887146
3520061475
18025985
3505546651
1690434649
2474954065
3032152479
3314877047
31973325
1115684959
3379046265
16059905
1256741
2374408249
330341577
468507318
719737086
2756513899
1115698404
2598730754
334428108
2816194904
16257356
3362446629
2326486105
3317190391
3254078994
3321460843
477322540
603236029
1713437245
415313674
1729924585
2615772139
158249492
232229002
52487431
2963995882
29157481
420636371
2657521770
3321704353
965658908
1711531843
2288265296
341746618
356269725
2337680828
357151630
6981142
24016844
32198086
266898345
1583964084
358802358
82429341
1632937765
1110486708
2372271872
516041277
348037739
2706946735
68471382
301784958
423053499
3433497197
3340944733
3140810878
23393318
3033301338
56878300
17125438
3310792806
58780888
2319178832
435865997
22986608
378347326
19166136
145682886
3423924677
3380305841
2999551085
3422289221
227450269
2166809328
590189875
2841149445
416608486
1074590599
320605263
2383070916
388560769
3407103838
58050486
75099994
19673950
16445751
347606595
194504568
16287595
900638359
2983097373
245577526
410506019
24479429
1719349134
369564725
21913154
1228122998
1219495140
299345388
25287300
64425389
347381855
1935727670
923305740
14336966
402106876
317135855
97260656
14325128
144695978
18215269
117288714
3011197440
3158353381
1694967362
102774442
3099905621
397556475
287429303
239944105
1268181590
17000126
160775482
330550060
1120704150
16480074
188843869
1120143084
168232154
239493881
87109583
1322760242
620291985
43549153
97349265
135567828
21070366
388310543
3341646743
2584475328
1471042375
3375701655
2329473498
183608667
136382292
3194286162
2869312080
3309200481
3215041387
2496489913
339798639
770309300
2804150731
3357036707
117776776
31638359
62248042
536821245
1873045632
3315371607
98450173
258595422
365000627
46431097
805886851
132208454
1551344664
213144804
16908942
589985838
2207553480
18342193
425371307
391434365
3324076575
2706154818
3340060401
93964487
319055759
1272457898
1012488631
3233878178
1309397130
413381942
3019702733
113741743
389009136
14356601
2866798168
550958849
48434125
293226721
2342469513
3303094888
620189035
2265881414
23650188
1537289076
3025422579
74948825
184786000
2820409109
2800251950
2971883291
3153640778
439781248
96583256
457227210
210978410
2865646585
409452226
630615880
16373227
1485355038
3215434311
2515172270
355566816
467239606
1419627168
1933042237
2823000418
23514063
207998465
2589534848
89919206
866067272
274459053
3195170097
2169747581
2565119527
3094615128
44446037
3183574912
3106380746
3223756093
505477538
18533781
3236019016
54569455
2795234765
434495726
14215023
2777291686
71030324
602837844
908209280
263675612
208764187
2893490943
3154122713
2460939055
2993875278
14526976
19629794
3192627014
3119574823
3153705833
3007693511
22146454
1928240857
3246211821
3299252165
66421943
309849457
1049551448
519036960
3222572460
821533404
2974453174
81071879
197655900
14645160
3173391833
2365938895
254681572
3070273855
406602135
2810286390
2411397648
3166773815
1637358487
88777748
1269361556
8320742
21705478
322655538
95346455
915744858
2258307638
413704527
20350266
1129250114
1293293971
205428550
2828418496
2242787707
240106504
233674117
61121556
1081496966
773798268
7322852
2932736534
781965726
3198095872
1876010130
573774603
1880764170
2802182277
2663723630
50757384
16158203
7896652
3233366403
360245138
1115685308
832703234
23215064
372639152
262467012
21150079
625906470
3142042053
29477921
54646977
2309281110
2865493959
3075876612
29005995
16404688
24072600
2352819152
3221290599
2496436669
1597111044
568301966
3128173747
124315695
46904825
238690513
208755112
3192770381
1128024308
7435712
2569120007
1075342788
87071712
2203704982
266888651
27811840
50745899
1894662848
438490219
15066544
24043087
430035295
1731470172
1638077612
2999730153
27857390
274630065
931016460
2225033383
204749735
3165047304
2809602332
115777913
1463929628
576266253
2937547236
369664670
254875491
1130203891
2910350817
20265531
2422728991
42297476
1542257256
2674848704
2574948108
2981056721
17374611
164025551
36247903
267287345
2752597938
2638711366
1282777070
2989097697
298151349
107891607
440519278
422564240
2292964123
15559134
21395674
337209331
163452339
107465082
1658190691
138620865
158228228
268958621
1546166904
34971528
331223828
3071620266
11282152
2932193056
35896236
234958320
2738167451
631133883
2597383794
306424652
590045395
590730628
2813604839
2471408396
2554657152
265609080
17919121
515412907
17110376
379454785
225158637
1020822086
147793040
192577783
109553217
870043220
303827284
2161874749
15159472
139630685
1689574994
3084060238
2590376954
2345505614
2710417418
18727271
14342374
1488355218
2233634663
14931971
234566579
2393898925
16303076
123674456
36130924
63893458
49987859
316443000
15481744
17819850
615007664
608591083
28338433
2799997413
617170588
3017202225
3044860852
3009628297
6878232
1881054860
603818075
245520753
33931483
1347616404
1656971928
3068066099
444866993
2752979906
3012374118
3038228017
47389434
2788104318
1428057512
351699614
2866731322
2812412162
2413385413
2538201518
2437499383
196505104
29508165
3044823880
2886687969
548347709
78514771
151342304
2852501450
347627647
333822566
3040768064
2862738831
179981314
2909421461
1467613892
2483896561
1684248258
72831953
282047461
2932365996
1611708830
846155857
2919953858
422155759
29627145
595911482
991510424
163196078
409450462
2855592588
2328059521
2730223657
2732457709
2996482889
19475493
44847351
205026270
2991831854
18414262
25177249
91367378
2427661128
16106306
2874474216
3016059634
2519641903
950472559
69775528
1912225345
624489349
20216334
3025167147
2998914136
2614483100
135267807
269319789
85552071
18082219
1341375991
2794791482
50524732
168324287
3004201088
2352041312
211747336
2317952330
187764550
3010734244
18503976
17068967
2874469503
197677007
66793640
497350381
347752912
43619720
44904388
130330155
8344732
371911929
2515975358
743987773
2312696240
104869584
14315681
24308595
1117313910
2979785051
3012137260
537960230
21364263
23348616
750040232
1103558480
85497712
1363457004
779106763
29312198
2806160786
36299530
1197037934
1708329540
25908726
111455687
36393254
2399927947
378206995
340257855
288628855
2963414194
2815382875
1321651410
34951885
1938739460
1923880602
38046936
107940373
293196829
2823465657
2866204204
89511627
538697215
1417900526
1122792774
1632152857
2987860222
436059189
949828200
1489418258
401690500
2398706556
566685627
580020269
27275747
202347327
178138235
16440684
17573978
59912246
310535008
143443938
2161413775
518575184
280656538
366587205
2990359640
1255640576
389399396
2170667258
2981210855
20177436
2981766374
2979194938
198430298
104636005
15572860
64099084
1072401865
233630193
360225087
64202063
37302503
47548777
38307603
28496774
69940000
46176168
71340998
2304167812
2850293223
19404907
259807045
2970129907
199404596
1187093683
317138433
14064239
62362711
1117953192
2542123082
497323462
23953233
1251786084
57187651
364462982
490934680
1195534086
28461567
1887684116
2344343545
2612621700
15102308
582996099
162148917
375869458
1704804944
359029927
21081933
1192255831
214436836
509099841
26535670
471598585
49517307
9857712
1013917118
2928962586
334876063
14923196
208040730
347790369
312012290
6424562
619040466
301540322
970398588
608639467
917919900
485170103
21726024
2863444650
133386484
36029380
266290567
2177145638
263191171
30068250
225328518
2909386191
347441004
776595812
165304215
180544697
13396782
484828196
2437790671
702821070
141667879
2848975857
2920015909
2155956085
17030267
1861224852
2890124522
297512765
2903852608
2908734403
2712265992
616425142
2308170871
538660395
785141700
26334102
308097965
2285326400
1444301264
457918093
1838538889
2898602292
1543091568
2385157542
2161582903
404743902
28326780
599337574
408501761
182453545
55779057
982166526
22656792
2805269677
278424638
128058566
839628943
2322083022
897865610
454495340
2329638854
435078747
2862618831
2625027833
348844610
2820226021
255030528
69887523
482735195
2841255526
239591418
28926246
19781414
23328746
66448090
84160490
22973306
1636583906
2437200996
2860681505
2888889716
1514106703
373502006
310917929
133694919
123654963
31033695
2638504433
49413866
1705729771
2789628483
1007109584
59816709
344784587
2828252229
40363470
75354109
539454577
474526546
82884121
2716643036
860642820
2284994312
2819357747
2291726940
353467313
2841212560
27268503
1201687837
11290882
1289506316
2863914872
317429351
2817409783
2860823378
2575139472
104937531
93131591
2745126485
2743254692
1024094400
178651734
2811253341
1378995110
2159106924
2535951200
26551794
14671775
2684817380
473999225
98101613
366309735
52386781
574310000
2600194392
2326063951
44856519
2832308606
190617492
614351188
1098772598
1496242104
2607402279
2422223592
1131361981
56810175
2810558558
55614003
1002556730
615866056
45606101
359904144
304795421
2327405318
15488820
2827284313
206023494
18388765
62882207
633660360
2821855081
14399150
2798984504
19412918
265645925
232556137
772311114
2469935714
2516571574
2813773028
457480345
2336799092
90882618
2760524117
622719696
2810989142
22932995
241759961
956649224
736253696
136104942
600537838
165778661
13744242
300879920
233613502
2696402804
414083989
2659792278
2740776347
326683005
1077917360
457883257
2788455306
755679103
1728616226
432041228
2227543188
938038982
2413261541
2715217825
214986812
16856946
2341801464
2596284750
2496934092
963075079
2776203470
2291355072
22785359
41702521
17422660
2151669786
975875904
14242888
2726499146
2771648922
357005313
24126385
244270214
1089998215
1705243860
25298958
821827298
20749665
68805618
1180793166
1634422694
141668582
856649808
570375175
1343059993
129782466
247610675
1423876015
2742351134
2736601026
2732360834
1668161778
386854967
266158551
2726655011
1944611246
358296138
302091851
1345890738
2485685510
132905572
145403596
71314295
69658738
2401817912
551058238
262558339
2194164577
2693787553
2732842816
599518721
277455063
2512803822
19114577
2482536433
570932333
1726360278
1577952355
2648701520
1404009926
37886216
14101662
24418143
494620176
307704220
107515416
83584512
2421089934
67643331
2353226142
44657902
80507949
820201626
254148028
15432028
2597442361
1452242636
72955947
468400369
19541922
19068720
1875167107
2484456175
633690923
121764862
1362877124
85698714
404055630
904250366
8822562
2447672329
82194081
55911607
466024766
93722720
54992590
160682304
34099303
567552452
162115235
22073539
484182229
138363391
2588483328
904745094
2341792303
26886513
1624171038
16637368
216453181
49649138
278176278
53689588
2499856580
2252427140
260306864
780372260
2596795380
1685925216
196672409
391304657
911754992
18056972
201289086
417611045
2277666787
550467793
2368655593
930043692
45906155
553396754
193439671
172119360
921401546
156437682
50747610
2354158484
464110034
59862642
166967730
91528864
2550458935
1128775915
459323800
551278206
917136926
2150686609
493710102
2540650332
234028028
408725248
164259878
320647361
360926693
370267209
23196051
1364755034
295897247
109725776
1515443892
803890230
613029578
242555085
590019008
285628974
2396393196
472453132
2155379370
57047586
1161151028
2267963689
2420557560
63489795
2470978670
1207864766
2313706658
516387063
280273883
2499543738
464806272
33246687
170819480
2466344954
373750334
32248199
18735061
2296182852
895891986
21231240
169904014
1442189172
2392894880
360290716
17848368
15110682
2312897719
769500516
112776569
1700794896
31417996
207972915
252298148
2282759678
422366976
331318117
2448208759
2212356554
2193413489
234463166
2383204400
1241983374
453659028
463772087
52838996
2252381059
25539541
252608295
538471453
1883266122
558484240
92213269
1067957575
47149050
22933731
497684112
576267700
1004126912
766658
769869889
779502254
1117515938
2328854769
436351349
1475200766
414810221
18685979
716449280
478963764
16754312
2398461199
36648973
1106775342
2153638999
266178979
833712559
988588022
280482972
365844321
754126524
194511928
2341266996
1267635120
208149982
431732080
2194202838
325327348
14920874
41871968
534475006
37804366
14174481
165338054
141799216
41698689
2290196658
618299236
2324426418
187290893
2424405384
245457986
344365481
2264781091
90876889
137542854
1972585388
1035969080
42035272
152051625
41655821
21342382
261964837
1583577194
62623515
1020188558
188366314
807667842
2168583079
54935949
20288388
550318943
373489898
524803335
1717372134
707182885
2161146055
252144530
355580586
1506859866
373452971
482673675
102476576
389511635
253117144
117115834
1130816983
226524413
845623698
1585384964
9209302
277785975
2272458943
809570256
66847319
444609188
138090747
1726240530
2349124159
7111332
2273250103
1583915448
114918425
863244722
2312075726
399195512
431056749
322802820
3747421
61756175
592252408
36624491
356207066
224702061
104959249
97717876
235173460
378977609
1354208126
287194246
1459986726
2400459972
15905500
299573721
238256470
1662090596
17396170
1334934680
1449396529
1250633448
145819174
23205480
325126593
1219602558
1952798442
1465141166
14304427
260052402
80963173
480667846
72922368
15940854
97486299
269573457
1413437095
1883588058
2367118248
232957049
1653459445
172593130
61978248
2314224084
67545254
600192798
212091523
1223214422
1292680346
244356187
821726318
410260953
2361590840
2154436039
411922375
214532309
62180954
499011367
1693700683
2350769221
14676327
21269406
2253604214
16662633
187893991
2350672909
278018822
395760398
840503930
2348685392
2315649210
275145192
277811371
1634183510
65433609
197311293
77734631
188056033
284352660
265049741
24983015
16161563
379494626
277748346
1683876450
1671622441
627120051
1957936130
374302404
409409502
20213004
372290701
378277158
2230670947
342170415
311101223
423979718
46769828
38321596
237052804
35865782
292398011
10667732
55062605
12363962
14328874
328735866
242586877
366788822
138336835
233049319
22990886
172176348
376963779
14227842
34168086
47800130
60434708
279760489
30211622
28471046
274258802
76081661
30714754
434665291
201767190
610542212
365594236
77644105
216594244
41047272
329928347
609051406
69919939
24606512
462580951
429450158
320282068
367946116
172881202
192001846
18565557
24828502
16204961
102553371
1095731778
869983459
2332976390
242770820
521750491
369730007
123053562
15466386
609430747
1132887890
155011765
323260229
127461016
108743148
41924482
240525878
1140768200
1346996798
134943800
412106139
62375392
62888867
128680788
20813935
1120125956
2209586262
1592531000
19474935
1419295266
192327843
389653055
1167691334
17932766
32010015
1962883908
839236838
151194932
398059624
140559665
383739757
759899412
382690991
1152786386
20741759
31322615
1411071452
33076161
44026173
201753602
1163764788
1220605243
23470271
16365009
25847047
37946877
2294628337
357264084
1861219513
1977796374
1286285388
344111355
32430483
370083005
69295576
36066261
35384223
20492710
479673005
15266802
21823669
443910660
2271880338
1905046160
777046712
2247765384
568248029
603004887
355025858
186180317
16016618
16268340
772503890
54769205
17317057
1564418659
21232619
108349175
21762497
14551057
2157934681
36240331
18375883
65132164
167158321
221458442
1262812297
33206402
484502931
440600860
18529299
2233188288
510455186
23090576
977497051
4235531
430931671
78980905
544331188
91943034
9328572
48496551
474503095
346226865
770482224
216049370
141610848
16834101
91439286
24304843
1058190043
55929754
16146350
41756118
104032181
1941875280
15169635
385469816
21813618
22333510
906557408
198586299
605695550
138177092
5473832
990141942
28267732
186555825
156286179
419578125
703739184
587138445
48735540
294273485
627593764
55883878
2166146101
424473803
273922155
335633361
40066472
156816552
50295990
833349258
37715152
837903836
18310155
1961260958
397240871
751836048
273097634
538976017
980202552
1021931996
1198119901
135441822
157383981
47741754
823983163
609353116
34042335
94263861
342910150
18807470
311749105
357671398
850346124
14179736
267867336
287829568
262391125
1668578538
293119222
21404459
232280601
583108838
1534424083
105155118
581000522
1228383620
17544803
331751956
16568227
1234889431
1372331390
612580681
279548099
1904655540
1161409933
450153761
15092914
19066345
23824100
22149949
23128654
1936670696
101802390
156169587
935431454
193473814
1347668628
20809185
231673168
482364182
52248110
40471144
613807753
18393773
20710330
420066395
17741006
155987003
113629646
19045177
158438814
1673147462
1418441532
21799699
250674666
1270464522
1465649821
304514392
16263018
461421839
137206854
468249929
39319000
142740272
1364065328
1321493978
20413749
1312519742
354306240
55374833
33538043
17315836
89477148
21744554
49731927
52433761
476223503
105827527
39507240
63882558
34720331
44149300
7152572
105062129
23403378
1943865740
204953898
18959167
1098274302
194605722
1729686698
277499346
128607957
69419787
557705488
82740376
23875216
76730687
484960899
20107532
15533253
901205870
22930958
23620660
9998602
