125364868
40518097
3070025839
2991898147
4057621881
335498133
519667403
2812434504
3148511358
3193685527
3697602629
64908631
17459233
134208542
3659395274
46830565
414056410
127461016
104356771
322655538
21303235
226890990
2369360978
3265702682
2336729797
3860223852
3257951894
543787093
64492767
3801140240
2876443557
3567820393
559989747
214986812
224309673
127874010
228178028
256333510
580129426
473354756
615214895
3656028503
847522388
153877429
115446862
1126593422
3004201088
2097571
807095
742143
504914052
18213483
33933259
14159148
45524136
495153072
1360234609
778905373
18149160
468855237
600192798
341045143
3332578035
3386921905
19608697
217100978
22203223
2996482889
3433497197
158249492
19941653
1653647731
384739887
3305196072
3120930189
15211602
22930958
2997403410
416257051
1937514446
132191101
52269697
3381146056
16556093
891937190
314983935
923305740
16268340
18961745
1117027363
90488007
144695978
581000522
15525018
28627806
248740529
325650454
126354972
3098144550
27448952
2397215438
3196705483
3166722445
116991492
346603824
617579498
71254257
1632937765
3033371874
284352660
1514806915
576560629
263906198
2732150336
270163457
1607874763
212437452
15940523
207804154
109346200
1832752303
244356187
3054241213
1870144128
2612116982
3013791199
1117313910
61121556
344875929
877088743
51964811
413385879
89887215
582258455
1049053950
260858586
210712524
1293293971
495606967
2853963265
1339103594
151342304
17258210
2379331700
829622509
97349265
71262995
2774052636
194180929
2384219168
2346263454
208755112
216453181
2557535402
550318943
1377322334
168324287
75624389
2429192772
310535008
205428550
2294628337
23620660
2247765384
