6427882
82985064
2544473462
110890208
250017998
562328466
2848259962
3045062759
3226203693
545941255
27937440
3333526492
842669612
55412774
51837775
19339490
114142293
27031193
2446400162
15154811
1489776218
1733185590
16245822
1565839604
16122379
2612484619
196556977
28859092
2535050124
425539276
22081756
347477466
2872327516
253086510
1961395586
147149131
14441838
49270737
314158631
251502134
26616462
153814910
401230816
1607703990
64554479
15060148
2768055348
2471819912
283594148
136532538
246619369
2557915058
228015307
164353656
65134016
470401090
2191109263
2706453666
1722650852
2487853952
815177160
264124770
231998121
158665018
27924685
343018077
1071972253
1060307628
806898301
1249612418
238089510
78118734
1537442029
39020229
173492957
487833518
107986772
41109816
856471832
823126002
489176580
2282448439
20817919
214477960
58181291
232552597
151843795
1963020727
1132212080
390763447
20142273
575253769
495498585
39351968
1409940020
171070404
578473908
39282190
223560830
124237063
14738561
7973282
318053222
390159434
2444351
29726578
59257007
1077802308
71210524
311603420
19668775
21237486
480582261
36909762
868672706
134754881
2275155678
1552637701
67343639
53893339
34222024
14943974
14884989
569734172
111020569
17047208
496047389
1248601
1402183777
226041293
16174754
320268880
575655913
1170480176
761472650
485695025
16895274
200634860
35306978
991600273
208988759
46300208
16629477
1421082818
202968305
37732219
45373841
256793538
212299083
20971256
1241433806
12286942
502260990
297719472
210672830
20850321
216793572
543700209
20862478
57579512
23184591
87188515
49119570
228586748
96779362
891548778
183548902
1205804958
93655345
