1552637701
226296181
809070992
457019416
27924685
3404399200
3718392976
3246920908
88700464
3176530835
3433120240
52051193
2781639907
29735775
2886992435
169633285
176883031
2239362374
45803025
432897296
302547719
59257007
2515411954
323154299
1553505822
70385068
429885107
3060505058
259224579
813286
2151602490
3327102388
575852195
31936449
760065560
2178911414
1536791610
403586502
126776391
341515116
2656601671
37409635
570574417
349327606
36451219
393520217
388850360
359289831
59949396
2556861044
258642890
1542533869
26565946
19657120
3003331633
392527613
60959527
2532315008
2803933177
562817107
566226913
274590281
1972974192
2463348930
467580777
149706579
2148747268
2375288959
1519183848
2710580269
635833627
1013105528
16955870
316389142
51746591
16465385
2351303889
23771696
155844883
26993786
274030199
413849446
2717694091
1262128027
492806249
2751810807
2768055348
1568301565
18284047
2557915058
931450722
47730394
14174897
2487853952
314758565
326888623
1157578424
27013292
38489678
2469124412
18687142
1452926100
48339714
35524390
575932743
1565839604
48306404
25070192
19961753
86626845
2485800209
998407880
562328466
2435175219
2365729350
348635324
1571270053
420263859
74724779
2346414929
277354108
528251665
23794763
2157237926
63488455
954590804
1235031679
1479694620
16010338
1315442353
1098649795
2225547723
2248654590
308094016
578653038
2239367384
2240859444
113087150
180294522
198150177
264124770
420574055
1660468830
341832630
862100563
214404702
376772598
1386243732
71536696
36684314
171221404
20410279
295459002
439281831
1489776218
388683808
1097361890
1207944116
212507668
1943871734
166509630
29708169
176089416
218892908
256793538
575655913
868609854
996815460
35024354
103541806
39026352
133774396
131578781
270643978
326453785
309006196
39694489
92055605
219256844
280954563
389537150
226581580
427861636
245654697
606760856
867764101
495909430
320045275
1012597177
338076588
58235603
141008542
433972497
15496407
48075326
1024799545
13927112
969703848
302597866
312385760
272007340
18477428
1431747402
28567809
59221014
543876839
17047208
45373841
157449978
143629076
14897792
67976245
16649758
52496912
71323069
15755223
19256096
26832834
426470160
490056323
14738561
210672830
226691837
164353656
297719472
346740364
47983577
200634860
25950355
427062492
267305037
69658921
35307736
945848184
318053222
22353109
124237063
250121453
577178402
141242032
543700209
50318478
183548902
14677919
578216557
115132543
43848067
199226563
14293310
388345704
299668130
15862891
64003841
22419487
212299083
53361049
137836269
221495591
130241862
223560830
56685979
79702114
56593116
235893096
26316614
136178176
16939942
21067962
32372834
91951516
67003972
15487158
39522692
21581503
12819112
19416598
34675456
5988062
21237486
19668775
16629477
33249457
19658826
46145761
19313995
13201312
807095
16029780
48289662
34222024
19837528
71210524
35306978
115039678
82336717
29726578
46632491
160550351
15846407
20444825
20602394
50393960
15439395
14790966
20778387
18676177
51707703
30437036
31742885
15173146
45923583
57544892
106063410
132594097
24447643
20361904
19189457
