3966274831
75914210
1399589509
2971293058
380592102
417827973
470130723
23377569
205309138
2297473461
3100427362
38679388
783214
229860431
92338951
48547572
146814011
134793211
2917186439
76709858
49058640
141215389
402765713
479696008
2749462955
84417933
30257834
167875093
18213483
69231187
33933259
14499829
14159148
26246096
422172473
20596281
74458149
2936714848
2281496462
2097571
788524
80610492
433611898
269256179
2914442873
398212417
2776080786
616111945
423083095
42470919
49333534
512845362
612473
1051795722
3108351
14224719
738209628
381429945
121237845
364814031
19397785
366592246
343627165
22910295
30313925
202691511
213238484
263197505
813286
350998699
295663598
235582329
1695778105
962213876
36670025
56891751
89787662
303789631
117042662
2755995226
2832385192
413346796
212838550
249073658
236120475
957547182
292473885
15430000
80563326
391332768
86061330
2798380850
564649125
26400157
17790274
219960683
190322179
1671317545
92162698
2477901768
84534309
137104612
636389373
2408831888
559755189
89453427
139771392
98962404
119132605
83876527
188539577
947935261
420411751
23137747
18094952
57887546
27933437
17130422
33472480
41077287
38797799
28718775
46144998
52420430
53817066
20577920
190481460
50246444
21055792
14700316
69181624
40883655
2522937267
25238117
15516105
2164586610
221133325
372755940
2506353761
31524221
203414077
328544239
33314106
110262376
69864648
224620348
24955570
277188829
361372827
196157593
60348900
21424825
34288864
33629027
114423739
276120124
116915464
18601182
238554588
157011426
177583133
24291371
34082810
198910545
17409452
115628224
22059388
23584333
99269431
125346858
122387605
759251
5402612
255032085
153209413
493365529
1162687218
