159237022
2347332236
3882019694
75624389
3656028503
3567820393
151342304
3182142841
2881024622
1129250114
2841651070
3287870498
2711964330
631397010
2535556512
243882867
97349265
1531994442
2163584347
57647745
3345788487
109346200
53164682
373671644
16807883
2853963265
3145162683
3163069867
89479498
3166722445
3151972976
244356187
3148511358
2890180285
59504346
2252605309
2424405384
256998931
2436117547
3012374118
225158637
15533253
7166582
136315325
1126593422
177645704
246090881
455437631
1117313910
2996482889
280648207
390282405
271098584
1480653134
344875929
776126942
112776569
16365686
198672799
2309024696
538595404
395362036
449210670
313542550
2370600121
48017578
778905373
2818849123
416257051
2469935714
368964153
2240017310
1166926939
2760629480
19540645
2422679658
2548603866
532414869
61978248
185802351
600192798
1710289008
45928911
1668822181
153877429
15211602
35966135
62887462
62888867
243236975
208755112
335498133
495153072
292531199
365486065
214986812
95346455
115446862
205428550
774142460
932963461
442119520
2247765384
2275142785
456038960
557090270
36380186
38720617
1732297958
1708863966
1675878066
293709920
551278206
1410502682
89552596
956649224
1011594036
750040232
509113974
24201493
93722720
30248029
113685351
84160490
310535008
322655538
747947084
14985943
186180317
67539981
615214895
374310033
467666569
563063323
917136926
580129426
196274873
325650454
9998602
870043220
385503547
771786890
23507842
287829568
30971588
849467882
473354756
256203380
381131730
28496774
78114017
56702869
21316042
23646236
42984742
23105307
69020729
65466696
36368002
36066261
22203223
22930958
15441117
21705478
