1603350234
3246299927
264498539
37601149
1379522270
189087349
3363017128
521548733
1105913125
56909852
3544646356
116630713
4074425351
279745104
1461423410
545047596
128534762
2850290531
243071996
558870158
16634289
385053159
597480507
865213842
295240284
610623181
7259302
12456402
198868151
383368286
14422825
3348671800
2292474146
19763877
3979087522
871635306
3740580502
858120066
3039495909
10451082
2150739583
700401485
2396605951
1095307142
553143360
90430970
1872561842
3001202253
1429733419
867617582
49585215
18986391
3044665445
218625382
3240385810
981641053
164304654
16348549
3322762636
1706630960
313260665
239338565
2530233217
3387471148
3346351763
587694342
192615239
61226328
1510874322
3555323667
3542817556
134999528
23137747
2462841276
3448513877
573918122
15734422
40251502
56967586
1647485413
3329115297
295543069
122327428
3379405528
3318721967
3448018161
532336986
2269936272
3433967481
539009841
277054151
522405728
1280218398
91334232
377864813
2363207487
576983208
391409336
469347695
45540132
171513309
419656047
973572691
552985513
243236419
1732829419
2517147025
222401411
2280286358
338004749
360665875
2902546372
14795451
563040054
2929661747
3401126375
152178500
16686144
707152926
88401150
3074181106
41207302
2561738751
2433140257
1721492940
499721181
397115176
226139693
3307044407
357366153
325123441
189868631
460163041
14384907
1326733044
494414941
3334217213
61807543
549497701
210679913
3378377920
114455087
563281485
3012294197
544633210
407660414
1713542732
63783047
2239626800
1629945110
308361393
253815675
51463605
241099767
700545119
2198214694
512925040
24594392
357525958
1630896181
145371666
23367788
3309230189
566933900
151106990
491484096
3330128230
3350861938
447334179
126955629
68690605
212702589
90724870
111416652
78415821
23516376
1408341811
350958562
2834180249
243810494
138356848
1364081917
610659001
3345244437
105826497
322515454
161043758
517527227
144925256
189514025
50130106
25766186
200823447
337183326
1572341671
3120173442
288909699
1362368612
1006150579
732363570
381289719
139135962
398069782
3164017995
497928763
912311
386954529
1179521676
246941599
252657929
2751594014
2812472208
292403049
24853415
160545641
26792275
17965523
3305604586
1283087184
2828167623
2964950313
500724305
458223888
582067136
243267023
190628564
21392819
20980592
370929809
177661775
587098253
229466877
22242945
75995713
1309863139
204832963
117053048
142481442
2787907820
217133663
21341825
248618354
119373329
25098482
1638877123
3288605513
1536791610
144148064
91870534
2942978628
2494717669
33300246
36670025
309199167
404768607
1310401350
20555066
138369105
308384631
79596159
19152735
2473175526
1234020596
1242904674
2252620428
15432028
113541799
30446521
448624409
54821626
16870354
1226863092
100731073
3177617583
341692199
785193894
285683549
279010305
57595007
2582879904
804722226
330609607
1465023020
394416044
454040429
153774742
2991699772
338950649
21826637
701351468
230231467
233953901
288638877
515838635
69231187
1609942831
412268798
119721290
32604273
257168815
2270649511
712092781
544914336
22547973
514059369
36914204
17060020
97425457
550306976
17152685
452980610
36104673
1595205038
309282144
435202527
24365344
543517117
757443876
2477993401
3044831484
1071050887
15268154
74979783
547116712
16866541
197347638
342705072
214821759
15084853
3003225497
355696940
230025585
71643224
617196939
2433089773
99077739
17509184
115014168
2263968073
222274666
134106940
137059556
2953110755
823697328
38932761
705021398
478140762
21303464
1204849064
319065738
556820263
2395017751
2904694263
316396090
407674259
1680691322
17137628
169557169
45206324
47923023
736579820
481783078
180363178
2393901854
65043205
27941444
1237542732
775341835
961599091
236379838
44889752
505556008
198584761
2803310468
2861217653
238699297
12096202
16699452
1171438344
875846226
163017528
16735210
279526571
2493913388
44397082
2178467439
2164248787
2394010110
56372263
18166022
2532521215
2480168240
65750030
97507609
9524652
16211073
106132573
2709451171
38410139
1912949292
381993643
273935884
2610766514
2704101149
963650424
401370216
296726402
774236690
474690789
466495825
18160106
27335898
359623954
20052487
1692749263
1100681628
151129739
60575311
521406814
244652938
325759787
132880407
313997277
995340295
24136198
1103744480
348620338
89700550
210656839
2302927777
44116121
373853455
193578981
1653214597
301291205
356115764
112423379
74425459
2414093978
14361155
231067609
49239602
271980319
2526690746
2527462723
843553525
16683014
1270393946
28108062
1017022898
2217592668
22132266
1490553384
29433474
2519361844
38613984
273667559
361830564
2164486856
53420933
17095191
215648145
16983243
313829497
2375083760
196939898
1722311582
274509543
1922223596
160534735
2438152116
252307535
335291108
1897790455
246329720
27860681
813286
96139543
135514272
104192882
742143
1622886013
1567967160
1373887784
524452728
374873146
479488382
135187648
18017198
1598221327
832997779
2148670964
1721598590
737988690
327481914
497805807
429935443
1570736126
1426730197
867247184
362942078
846250200
148517828
60577773
548821881
177567223
1640274390
574480872
65426411
1647607171
137983931
253672592
145230958
192613632
334591019
131768674
1089741163
533267329
414967705
217565883
319680409
379306143
731269788
41244035
104263330
24312877
16753540
710917226
991891092
1088609317
570641129
1020564176
40117144
240180498
179088333
35478735
243534060
166527462
69262642
20542290
296169445
1307421649
1615463502
25979455
254923036
855008042
146496423
159444493
30257834
1733884542
87174862
303681341
849106484
1139524920
45352594
42970712
303426043
41103933
518315148
605219511
564634722
241276115
210507466
74534453
363573554
901533949
39520708
250560251
1379223859
271402782
12588712
15659814
28336270
13492362
80561626
19176547
28089461
113883038
636335759
297516489
428789478
42586132
84231517
628145002
75797367
130125655
131935861
31057157
21997871
115583430
276897630
14947636
49331471
105079368
28960264
61197041
401579858
500704345
83876527
105113029
619374026
20763247
200879697
352439708
16628861
225476386
399420451
34864619
364198635
43859368
31144794
300789811
934023698
18186609
337564430
52328502
1434251
183165874
78524140
340441440
852469123
538349679
115110939
377324147
458274726
424885091
305125998
35986561
183013530
1205117154
54866208
38671739
11680312
253658338
28497360
212127385
92204238
323216653
134079127
110148078
326113058
316543695
1003692379
45182880
125583596
262516847
278953034
588168686
28441343
183951722
559623921
712349598
119958687
53898236
36635596
254617709
168497805
48076741
205613291
791332716
132475720
620818143
911749736
266127553
49632982
50009451
257367223
85061771
96519330
308342093
56951263
174223715
60793072
559625384
257912371
141157276
445319765
65606085
147229007
74051281
430509231
47989062
263201896
592533949
89898588
401596289
24580391
460507312
112780636
331836929
454166844
587184394
269780552
326097920
320316357
557923161
388353971
287449036
833423052
338849069
443062562
183381242
296709232
135807290
119385045
773675984
110992354
428844272
865168544
418633251
399000949
137220240
487275041
436592600
160895217
69181624
300875329
236842863
574386234
152240878
579195711
15561210
164530592
584155276
208747547
41335658
618924351
14741743
33388399
78615375
38630618
48388820
125179654
41120196
7076492
249347954
20280065
134162047
75414115
158512580
21516577
4970411
102934369
23583267
20745767
298111810
135973669
245031486
18753586
109523018
298734224
64280784
19712545
44638576
133356125
15255537
45107252
142436667
306220693
132169248
22201334
20845831
19353542
13496142
80267704
63209866
48036604
21114659
23116875
143048512
20013353
21734241
99349334
22812734
237742285
145731105
180908575
6648602
148000327
17243582
19977949
35810531
254527211
58796971
119714092
62634973
242705768
242009538
778057
136214912
1897771
151058995
42953038
72817108
241098382
241709263
181910484
18189672
34570810
24671422
12594872
15908631
133038389
11638972
69838723
74718655
44874400
2200721
128216887
36909693
102737749
31142751
222203411
155945812
796264
234825661
78019662
120117254
46140857
109001491
197168427
70352754
15492359
16784134
203936106
219273976
35172559
197417568
145699261
21288674
149272318
80669530
1123601
6291142
163606088
221542615
237826875
6285062
240307389
14810827
104907767
38501043
90059455
17340546
15768449
40854375
191085626
228673882
163024504
90673584
22913827
32862596
60741791
40354568
45114987
115523086
145637907
20735038
22626790
75121083
5958062
22005625
64542557
16682307
126603446
35602976
5957092
17820947
18016160
39325505
77184360
21480666
15439395
14677919
10810102
17006157
50393960
14700316
