3567820393
91272688
3345788487
234424015
126354972
2903060119
76483392
199049082
343206513
323374781
589663589
2890180285
338422136
469106834
2436117547
2422679658
384034344
31595806
47274858
408747706
1684533302
89552596
73012669
325650454
21437452
1267635120
7166582
14600977
112944594
21355106
2317524498
94225854
187784084
223278069
250295781
137539362
182681925
114609586
404195033
59504346
1444094413
70490179
291797837
326299320
519667403
243471727
138559847
169786131
74832434
36368002
132303731
78514771
152080881
877088743
2353438952
467666569
2252605309
74948825
117288714
148457466
89288465
365486065
381131730
67539981
193801732
771786890
246090881
109475168
21316042
102147125
15211602
45928911
615214895
1235861022
239992141
97349265
581000522
379401591
134208542
473354756
2384219168
69377495
151342304
75077661
74302001
1126593422
35966135
355025858
574772067
23507842
57647745
2420557560
21705478
9998602
1686460650
774142460
1653459445
62888867
109346200
2320030518
432041731
38264132
310535008
205428550
15533253
287829568
2247765384
22073539
196274873
348771807
135736608
192001846
35262293
46904825
30248029
257001374
69020729
1129250114
917136926
28496774
113685351
65466696
455437631
23105307
115446862
2314224084
335498133
608591083
15441117
1534433268
390243643
95346455
280648207
93722720
1668822181
28413080
322655538
344875929
22930958
26351964
42984742
208815443
364406226
26755733
108465713
495153072
870043220
24201493
580129426
78947948
62887462
22203223
75624389
186180317
551278206
153877429
243236975
544543595
53164682
78114017
216453181
177645704
208755112
48017578
56702869
214986812
36066261
470687516
23620660
