279010305
285732545
15391102
735661874
399241996
793723333
3087762836
3412683238
243071996
1157907428
3833992396
2703819902
3415189391
2884771
1329601190
7259302
4038353405
2375083760
3717982395
341182645
3740580502
1502490157
1274701177
183759541
126013535
632923508
23125257
307512567
3001202253
2738065919
2402060234
3910460068
25975076
703767476
190249578
339872087
3049080072
1206779100
431111991
3545829555
3275385078
1409766331
610623181
189660705
606776750
2916305152
3429459405
1647485413
3435205457
21392819
15462819
58094699
29182487
3089194599
308740597
32422915
535184833
35825392
325123441
20177423
50627903
32469566
72950235
16929349
136361303
384982986
587694342
128570166
1629945110
1314433764
3300548752
3379405528
2269936272
3660610642
121291606
15933910
279526571
2842486846
357750891
3012294197
3428714741
296726402
3445965975
2280286358
56692528
161658326
1510874322
205396869
3130736883
249645086
2291573426
242624774
825961088
3371555894
334620903
3542817556
368787169
122381405
278953034
3437591409
99523721
237240254
3363017128
417903179
260706640
566933900
596335110
572889656
253941315
3328363350
576983208
159416183
31364679
46806492
84358766
328739316
3300432358
3080049733
914408827
1091342330
1527953791
266127553
300219184
2301306330
3348671800
73154308
384982921
546097017
1472640301
901533949
268206362
21927673
3361184541
42533193
383932950
1977799470
2554103869
575105746
275436098
185193751
427226170
2510455800
3378377920
3387471148
2357198672
1720311775
61807543
3375343205
481163670
67706757
1335841165
2451962965
1828599787
3320508485
368365252
2587641232
3371256263
57374058
1562778234
19341389
3345411651
141240072
3162973026
40744725
219122488
2625039555
2733068469
479620143
518245791
2181659066
485993978
3329115297
579729443
250422121
2976400629
2300016397
1325165168
2416219664
3317797491
532336986
477664437
1949570377
3331698381
169480192
1006150579
3322762636
2828167623
14157179
177606295
505827530
121413335
346448652
1119807258
489775151
2215514245
2433140257
287938240
2613311137
146395706
26303602
3287957939
230121743
3097902731
183381242
68763789
1872561842
2897331989
3042007432
56510427
59148536
377346055
3288605513
409943279
269247598
21401644
16684243
320787181
478038456
2865387472
14811435
61220477
270472463
15947602
3234924599
65317950
477953846
3234962727
397422889
2433089773
505815507
918136182
62942660
30446521
53004517
504321062
46105304
2588915290
518315148
19414866
296096326
1385624552
2895694239
244863589
518312225
110557285
3063811379
580078606
3045930320
472861578
264461293
3159645465
3152993656
529045670
2917514307
1658850073
581580691
191849753
2811869065
62480514
3115371989
2936714848
236891946
48106612
18650093
525710148
941390064
1377937416
493066426
226139693
320316357
237189703
2913703419
2862036058
45746331
323216653
1177547910
3095487386
477659543
705021398
90386770
96013710
476160642
559623921
229031836
914658368
109200646
15268154
136266226
78492982
1251417968
119721290
2583561073
44486793
390182472
2760375935
592682532
379640739
439025832
3012215272
3052646180
950506759
22072032
2459421150
1573823401
2460159603
377351121
296735526
203671968
23090467
14529013
21439144
240684121
99077739
1577604109
315866587
20308111
46340511
40425262
21638893
256517975
186472837
2185641781
424430339
20282689
972656083
2323521726
14911260
2858893174
995340295
438443784
62967906
16712223
1133976876
3016630653
2909178212
14353202
70985635
288121169
96354656
219668427
222543480
2563770841
857599886
2960442647
2989266251
238877958
540271095
9316892
574381321
427410445
305080817
786961122
2485800751
165150642
966414402
2853261383
49969796
2956041143
462214876
2963713355
1490428412
1878863834
2934439368
282623552
1687996034
155579225
812897652
283541563
2815585929
1120782799
374738248
301399294
387634738
563901434
19915362
226727293
311028305
2931876465
2889295571
138833372
36683668
2934484879
50101725
8161232
11740902
2912683138
240629853
2164890026
2919251885
2914387581
2894580695
310216379
458223888
51878087
335939454
44601026
1622854922
269809275
238596411
38804737
1339835893
161801527
222401411
222853800
2716616853
93428569
566543745
148517828
45206324
322627086
2164595307
359575210
2198214694
2630749356
373207725
386954529
2720596834
245501364
44819376
484879279
12609292
2762063917
736579820
24752484
321575853
248618354
861700170
2885383667
637273135
633739237
2783578247
315856981
26244629
44116121
873693482
2201785485
402704744
1415914470
481783078
364854017
62454570
183948528
292766988
2853908013
169557169
38410139
365057720
226254093
2824348569
1870188672
17471979
174723771
3459051
13201312
17137628
38146999
278509778
27941444
47923023
169963553
18213483
14700316
33933259
69231187
14499829
5120691
25390350
20646711
14159148
40227205
20596281
25098482
102700680
323101604
362422496
1870150748
2319101306
40802234
42925495
369278149
2801646664
319037120
2429765266
177567223
36914204
2676118691
98220617
2394010110
105589224
40351345
16139294
2741899365
61935482
599193657
279918322
581000060
2263968073
271281259
601844246
2468884764
1165072002
2404576569
132137768
2776190430
110360349
420615094
2532521215
999312750
400025539
2411012800
366336640
609495583
499721181
474359398
358406643
197372174
34577701
1627462908
2238646332
2425461863
478140762
16348549
327341576
147487511
1100681628
382267114
1545087560
370929809
15066876
556115984
385053159
318043658
325497301
132880407
36186162
2302927777
1107010778
1690525068
1538387822
466350192
213638459
546218296
456503132
285497476
1857223429
30239268
416183697
173106895
1479629364
574076220
1332013279
219011844
253021417
536454646
385684947
46821129
1654956728
460073565
2438152116
1269865106
837218185
2625346341
14850840
912954001
149123681
1870138513
28852952
480238931
42958829
140070953
240995964
474604973
143838070
2518972511
2548085528
22256645
573012426
2606801597
29573746
598049566
480782173
138388408
211635204
193578981
17629860
115749048
2457270142
504304891
1573777752
2359926157
285683549
16581604
1603350234
2470039844
370808273
63796828
749089854
1467990205
146099195
503742130
18186609
535858953
51634621
1731247099
1239907416
197903367
2396771858
278652932
1971229166
175786215
128472974
129845242
114685387
601227277
2477993401
2180406880
2499050019
1629959246
253016918
516519340
1089741163
273667559
307398695
2481123753
1894801728
2417769721
68382599
548821881
271790001
442767853
440840610
1647607171
89529500
312607435
963650424
183547294
323942816
1640274390
916783626
522128054
2256255917
85346528
425166824
458069506
37889736
592676321
65426411
533267329
2313920948
549497701
1098875552
597480507
714202496
1913671974
478997521
861235621
214800012
179088333
578325005
70422056
267858450
1309863139
303620085
1452712232
521406814
308591307
177644413
500005470
563087330
2331345745
6467332
103065157
14224719
731269788
636335759
34325139
446089568
164304654
20715854
282010907
46609968
605219511
559625384
809523745
463248390
422009588
1418011374
224214945
17156282
358906926
96941094
27860681
148529707
111416652
2178763397
620253665
773290494
2292458486
1466823320
1101469903
299760529
139856581
1056468102
407213943
1532874864
331160020
22508152
241276115
514534088
1634937228
875846226
712054489
385131781
1552113056
558378707
144072647
1048411614
111689867
152240878
543517117
303764580
243780496
1474827385
414967705
2261281488
1286480972
556820263
2257821523
147229007
1575143502
69181624
138569347
1097647184
61226328
377864813
49331471
145935897
269780552
49962589
2211733643
1156621669
41335658
383114921
170335916
171507565
407674259
1907013678
110930022
485423925
356279371
2218523702
440670030
210507466
216869310
400621286
131935861
446663128
525260096
746405803
1262019306
192613632
923695908
138351590
2189809549
271505240
376211514
1020564176
586580157
864922500
59157393
17006157
116763916
35810531
1610530722
41317110
1425615440
61197041
1912949292
102934369
166881188
1946868792
757443876
1914192390
1930351028
20087934
231812764
34567740
70394965
66830686
747506846
32143904
17522884
1709569950
94576942
397115176
1307421649
1081675664
326301947
399499135
197347638
479013322
1331868908
1285802221
1677400484
1680691322
1684940910
144888649
458274726
198766556
41103933
21217711
1609942831
631173518
2553151
306391503
786796010
175073727
387094004
626474011
337564430
266356254
198156854
357422253
306602639
132448153
1548789530
574093080
66858042
993327194
497928763
144822239
452091020
325521554
190570664
208961271
1093090866
479062053
1035653888
1330457336
25518588
634599390
158414847
293252450
1364930179
466495825
579744153
104850983
153023427
1118408964
1275900674
157127270
25531164
196107911
1227127302
462726419
849777866
412887635
25985333
166974195
256070616
343301047
144183048
434983568
229033073
52692715
1067970049
605228440
121474929
281768968
710917226
26683060
603353939
31927467
313235550
750840786
934532988
349135394
550461233
475690227
443062562
180505807
17790274
144739510
587184394
64521660
38381582
74415667
18622869
971598332
326778359
13298072
524134258
921058825
592533949
308342093
925101134
173999134
210656839
24431892
904617636
16017475
897001110
32778022
628145002
40222553
895147896
278634776
11866582
16129920
19697415
60793072
56462026
119748851
366198854
21997871
340333435
833423052
214840945
14511951
400153714
784680583
119596569
150623237
759775831
22807426
14437914
228254806
752865390
350689014
45112524
240136156
279319647
584155276
36053895
25952460
722834281
15998593
465431077
268941928
430509231
38152518
412883514
574490808
274724904
421876993
588168686
611761610
124049988
146144419
628308886
628283755
28604684
622050224
149915877
485479990
521100531
388318304
143257853
549992186
823905
432341874
335107974
65606085
582111291
584620132
57277158
150261215
18986391
14677919
78241085
53846927
514059369
421318598
542908021
73677942
107022704
133212489
415986193
20479813
17153877
135271121
561853514
366866222
240815943
119958687
479223489
217133663
377324147
222434222
59414935
96399121
39520708
294642650
297302136
148224229
550023748
82885779
145371666
287449036
181596776
19207861
183171524
361118382
21414413
117108955
145207250
306547542
194826603
204855946
21779006
389845002
54175967
183165874
30313925
325118816
20609518
116454853
504218016
32838427
49618635
349600436
519538162
449110070
20659839
338849069
42371720
148290230
314420339
514426270
513317025
17220934
62254452
270237277
128534762
506901480
383368286
504716899
197467196
252657929
21303464
388139921
504079595
315106726
40902690
200163448
151761209
114261236
499902068
500591630
500823847
167317315
156003576
168816615
417816937
420099135
60014159
23591762
496196060
142618777
327340195
357419328
253658338
373800702
49573859
33388399
15232533
19319043
411202965
87818409
92833573
29854019
16116288
482077455
483399372
170304544
467170356
212611209
305657887
62031022
481352215
476718291
475610050
480835949
474690789
94533105
293172019
141681831
218925862
289822371
783214
475624967
325759787
217367279
210679913
450062860
169383615
214907347
98818348
472711103
371207716
56676590
173926056
103623828
68403739
131768674
454166844
25677409
244655353
57295940
243291022
205130727
188279120
35168973
187447700
96746505
461281360
306909075
140942023
170354664
302766003
465445619
148732192
444585731
190864704
332677687
214300460
409178483
31206614
409486555
177134089
14962779
376160356
378249785
384912154
444490685
10451082
238021489
135187648
345896621
456616246
456855383
55367180
389427375
245991707
198501683
142032663
458514038
16176445
458212104
173510936
186777015
60073822
9683172
125256707
451826273
378000404
40295615
110550244
435496411
18228898
35893710
409177316
182007220
365636148
143501518
22477037
394293404
452936898
352548417
356885109
76059158
408906521
314135033
399000949
83751431
17937151
449751264
372438257
36668437
447719976
117159195
140186570
388895401
261579828
249618485
68984415
32358296
443505616
249210926
118808203
283532806
397872566
255888220
317738159
68151288
95023423
107030840
441767039
101036028
16029780
164536190
115485051
246993362
17487795
440472358
65356825
81252500
33514869
157056237
421990741
179284333
118650799
375518644
185592712
409982140
61447755
18812572
183714042
391952612
433424242
432882762
186112668
51431777
429687819
100299725
263201896
431613146
161043758
45458922
146853517
165369088
430974887
414703955
109040400
210938747
261907415
40918172
430798917
382028854
68003308
18139619
296169445
237639313
63077228
15242879
220588303
420222059
72034211
189848608
3108351
20034278
84231517
415495391
359291504
29066150
63783047
305502697
243534060
295543069
11680312
419755612
154839357
48628973
415348592
5904512
15996830
324797846
413487212
82875582
134513525
49639241
216797037
271586059
1652541
408105002
77921852
359623770
96384011
407660414
179576236
405376512
403326318
54040142
195676860
101451368
334591019
338921410
326007547
194760762
377631599
17486629
187879548
294886809
14813320
394784103
300789811
189664027
352415059
27961630
28520610
23617610
327409571
27750488
373101137
389506124
166570964
164287098
385869520
319680409
164850170
242266653
389524951
389924619
388422263
383838819
262186011
348416915
150033114
300590356
320737639
49683280
367344373
388151651
359493630
36975604
373853455
58166411
14839458
255168531
82345828
382077714
385309475
238307385
259382261
385030926
264913627
93616672
382688315
238294595
331493794
313151877
27587806
257912371
104263330
383078574
301291205
24365344
89910254
381961261
99581734
130734452
125786481
160268128
197481846
64978510
250084070
279491438
380840793
380170438
235962322
23040050
210014279
380866485
380342557
271030879
52351867
287108768
165757108
363688783
255335838
299275393
262283806
341395344
60304241
141129569
369806279
123467407
379333586
142438794
378244366
379168431
170535565
41090450
136627335
378296534
972651
9714412
374466671
254218516
39511166
370181024
359975039
355026185
134407765
376672823
20192882
366573240
22050477
262262598
283633027
376052971
376095574
374676958
376091735
74673492
98727424
22972326
189514025
371421423
308903169
224287074
370817210
124708327
50931050
374507299
133659361
373004166
39711944
291280479
295609353
373907320
372748361
372751342
373371069
373513798
235923565
36753432
365275074
271435870
374426647
317602956
359959622
374029834
260655122
234564086
371737813
371202995
261774788
33960482
370581721
370624031
359799250
302052140
200630390
56324648
102105618
335812223
240244812
196237628
369923012
91770244
171060023
268727555
365649831
364210344
179100207
211283962
38134248
123735977
367587018
86521614
345195246
39153339
292205435
231091867
303426043
94314858
172796045
362667584
49839257
18786046
149039540
292652234
37265738
222113058
42409378
96405126
361071986
49588270
47740393
363064200
363850388
55121922
276843589
5520952
14519643
148732650
354863853
359931883
266020333
293023706
93578634
362161360
205379521
160928137
191789702
90364462
266481773
217565883
210757709
236397148
28177031
359623954
206640521
38103619
87870532
245781569
356322042
283773425
329318564
94700129
342954844
340226625
51379715
349651716
355172214
356486636
357644144
25365536
272689764
338631638
350303214
265485658
16686416
338708119
267623869
162756437
355111225
287027996
207426991
303718144
351176712
307990569
326766982
239723307
271367442
356322022
92531212
349475482
354773722
354888892
216282908
270371999
193295023
23620612
354305778
222394449
17401973
268600289
249604513
355045240
348414742
215409751
353617766
153355036
273665309
35688875
353596497
353200849
313751338
348605469
172314081
80561626
350897745
185117059
335233912
286741909
56935364
271026158
331836929
272011044
320029078
82064359
255128159
51710257
351491843
26716267
344082408
25984483
143761939
315683770
350595692
49587528
215101169
61788464
318655847
142213064
172824430
349771872
343310559
87778228
343455927
33813522
343887623
60897125
297520243
330200847
49280668
280890805
17691407
168679959
247067990
18344613
272579863
807095
79293791
68967529
338829042
195247409
343392527
309550539
344697425
276475626
338333763
313574897
341504770
319208449
166969529
23452261
80299040
49632476
139285504
121174507
332684230
256345763
191546579
245766691
340466111
94767689
102612345
91881482
2836421
7744592
127245578
340226023
237324466
189524897
141251140
240196746
292904216
161789869
65107346
148760908
69687935
163017528
139375646
292305380
166261360
51554253
320240147
269227727
332334376
208394230
147305691
71297990
318965324
169606660
62563677
192770124
110646085
332244727
323099865
333902945
19375043
151090808
255251229
213404356
284164949
86733300
313218117
248167727
138677019
312805972
38367577
141157276
202148078
328980435
197224205
24580391
15809249
240786364
126990459
326915100
285748649
326687580
15178379
16673488
134424117
285053309
96733009
279524995
299136113
173457664
246236744
206309897
324524123
325066305
282517566
260707441
303813932
165727337
60661217
291750162
323967123
207022737
295240284
41792496
254923036
266090892
218259094
41088477
137093131
305644686
320275283
252735814
21555156
234181995
25531079
302709747
34086571
133213648
74552647
315113270
205690576
90669714
36712279
150214732
175844256
251084995
313744298
153719259
72002396
314107936
313751184
17293897
16273831
18072798
184355640
192796226
292583364
231790013
52544275
266717739
250622044
294728665
112448347
309056309
46444082
188829688
70393319
253815675
285949141
87278949
308425750
280526539
79767413
96125770
271402782
214454948
14084771
109970442
294695640
79104959
174912019
30825338
136764073
67648234
145790830
67050130
246685689
61655223
306139969
303961438
285011211
169480840
303941828
223900351
15646416
306141694
184457041
202127173
300191619
32183730
18686907
30169555
299499576
121696322
84423266
300201135
300249339
72278663
240408127
240654983
15012486
18812301
263571633
294117703
135594360
27634771
298687695
205243166
33866048
297964307
19058681
297516489
205205288
245956035
101873704
296746721
25964902
52328502
240180498
296709232
296666120
281326878
188155781
104120364
143027770
188669322
149919577
50965638
296371773
149193740
260750505
15195501
47962490
74712538
206704038
33467260
173484670
284668005
133176876
232803741
82106809
39966227
77158175
286694433
289854587
65043205
81321510
288735964
29163597
51463605
146723102
269859538
253308364
120716756
279359789
288485407
150965312
149655776
96721293
74981672
113530252
30517300
287544158
262544055
274509686
15754281
84232331
156649860
191565083
285777993
227507935
286189096
82562404
284083316
50260757
285240615
40130991
133887167
104286626
285000111
225102870
188752553
265619453
271920402
143739863
215376511
282623773
282635138
29015910
148830127
143518384
283220110
263536352
49911911
283011423
31619861
265486566
242731262
81081044
140027161
273818062
162656867
78589296
117110840
52911827
264051378
203436473
280916119
31401190
231796890
40460311
20757700
148473865
274501127
280174154
144068439
280552578
239791015
280475598
245277836
133327869
46181889
277423510
203062464
277054151
81906026
134073506
134453775
279369086
269695943
279427721
49222666
149821450
89787662
92204238
15462987
210670893
139803748
277325261
236335424
260677316
60919240
49908421
82402448
41978136
31416207
121506931
240728533
257824532
191374108
163016586
194825720
240187676
171513309
136560427
250592888
65933233
274652271
19756569
212091808
115901632
251345304
145187668
145820108
214335062
268956551
50991196
273456818
231839015
28336270
65869620
208747547
257669889
20921412
29256871
16606403
20788087
65683577
135533345
160267451
40215884
30431667
45949924
79178393
37420639
194829673
80677619
123181779
241579258
254429008
271292436
194184771
56055488
61846666
264397353
263750235
15582157
22458147
121167231
18363508
7144882
14129889
17243913
123497720
1315431
14348255
15415469
16153562
176714687
214633926
224956863
133182710
236459018
47997290
119160803
105079368
76970534
249027189
61267909
22341950
269697044
269708367
70924860
154503871
144548431
20921821
142977042
32713392
254459263
171618947
62861945
247963674
251326118
243172143
18048587
177623318
23367788
14849192
267665180
20542290
40294129
51375522
60083357
34311048
45583495
26312533
111236704
46477074
119373329
220577377
134079127
180299615
262516847
154279713
59395697
265934854
212066025
20590165
48957325
254510335
18424289
218657077
264095214
229963329
199671830
66956491
53378901
113883038
6017542
142977623
166081073
236735930
139986343
608583
142771071
136017849
239338565
44554593
248609686
105113029
11975282
179489303
40117144
49622880
71053808
259602771
260159834
22547973
247501336
44888190
104170380
93831072
117454736
29282980
21999477
216417457
260023602
250139738
182758215
188276600
23742532
31366475
148471754
41814169
157601911
15803225
115014168
212144190
259797227
171540697
258537402
36812584
133224990
110327090
33466674
67850580
146574831
160895217
144221867
189587131
92997454
162689216
213225790
219811106
242787591
90601068
171544203
19329342
182273854
197133948
257584134
89898588
184822303
172660791
174223715
96891976
196631065
183183086
17509184
15896703
14293310
143759483
15907720
216299334
182972598
250944684
23188724
55678606
144925256
90476100
28497360
49719299
74963307
2467791
742143
229461596
195108172
44603356
181892916
202660241
71526198
181581326
167006677
74425459
182280063
226943211
131168334
16790857
121794012
173093739
132849447
132995936
113443004
118938651
104146425
167321774
164110098
225138493
197877391
21653016
168449840
148413248
39707740
93715088
13493302
16589206
130682467
152442703
185554190
8039442
50009451
41244035
5402612
150641159
5988062
131770090
14803701
35787166
75094638
2057421
18780567
19568048
186842395
10228272
13058232
12925072
14230524
175026014
25073877
38765024
17095191
82710700
62338709
50393960
35094637
125912974
74296039
19397785
23832022
107155096
759251
175037463
136123870
25768420
56951263
13492362
54932107
15588657
165413815
65477786
37601149
813286
17368032
110423928
161041537
45540132
26589987
19176547
157395167
68918509
74117315
18177627
32344423
126973509
134109535
140239207
148394457
108268365
42072169
108703523
155637141
17317028
2097571
75306892
40340946
49632982
129551362
32655871
69262642
34864619
137059556
132759989
132845586
135807290
92270779
122053512
65110597
41838422
18043
25478493
74448086
22919902
47989062
85267541
28962071
32931785
97736785
83095583
86489386
25259922
25082055
126667256
110992354
122292359
122009281
122327428
113446897
119385045
15458694
21982720
46939706
35459922
111936162
23329776
91332281
18647765
21401466
72568426
60671081
19148708
109702885
18909973
71352734
25468610
76888488
112777723
53153263
25074746
21270402
54499639
95906792
31482817
25110374
19554706
14630269
695933
19329393
23396761
15224867
56544803
50130106
25544152
44870079
47644290
42864308
37335584
42361353
34917236
28441343
28907270
37477153
18553742
