620337504
205428550
23105307
600192798
449210670
23220667
518888646
2883949766
1668822181
178067345
2787160513
2421330386
26551794
33600157
2294628337
223278069
926256846
1708746734
2396726238
1945330290
2290187083
503320148
279239110
2372570107
1072053368
478136900
902190924
287829568
33327244
1170707082
373496849
1132948555
456872471
346167007
2890180285
411986759
117485485
114625663
291797837
289418264
74832434
80793603
343358997
186180317
404195033
138559847
74948825
207229569
75624389
137539362
250295781
169786131
114609586
132303731
84182459
1198190700
117288714
152080881
247538316
16834101
182681925
202752554
1658422224
2832279907
240819595
17132286
116526242
208755112
372078975
21207027
1011594036
42984742
2422679658
956649224
563063323
73181245
2559577303
532414869
38720617
519667403
2424129578
56548852
2209586262
714758148
516364621
362534105
2598162926
358222650
3146956858
23507842
2385904490
2745819488
78114017
516239517
2742567836
281368730
869367978
2835667946
142017305
20709978
78898839
57103944
1126593422
15441117
7166582
21355106
59504346
109346200
15533253
3071462462
574772067
21437452
115446862
292531199
67539981
97349265
65466696
216453181
2774052636
568370999
308520491
3018317253
335498133
69919939
244356187
2327405318
21705478
195867331
34060325
14600977
279122618
16685232
2247765384
5625972
3072019478
195357316
69020729
16365686
78947948
196274873
45928911
146067318
1166926939
870043220
2424405384
537542480
455437631
28413080
2903060119
17093617
1590207385
270048503
243882867
2535556512
21870081
28652197
24201493
214986812
29312670
212692326
80625064
93722720
602188858
326612004
186250147
149255036
30002923
495085774
25631205
87500311
256203380
185802351
30971588
22930958
21316042
22203223
23620660
