68635069
2923724679
914184476
196521046
32385083
2865352137
3127685376
2829985256
1952253805
886461978
2880845117
163037884
487118986
1102757856
988606634
1399088048
92789368
258554831
399533031
873949513
987728562
3234636302
20710898
959993766
78349097
36344640
375714472
16683704
3309216941
17881816
884055636
2388296609
1137972109
221943835
2903616249
592340979
153746909
41244035
240180498
2243990826
279010305
201306925
53210455
2684106607
763307670
1722541195
2875024019
105074663
2799723772
587296873
2904960903
862755890
155965062
2580411276
2577216912
15400055
441518005
2644720712
256513303
541193226
2344632977
206751344
2943598682
465318140
543819220
2153496865
313919114
2948572380
2698541983
278508337
322882276
2938293305
2934153202
106038655
2936577167
2858404982
418801659
1949460948
2913318251
46955805
254453354
372462698
2908519421
2400216799
555120869
2564113449
471575266
2905214002
2903501009
2670719507
2669834013
2494227662
289797301
2885440977
63843821
2870046453
2873791191
2814961719
415037453
2188902666
913677060
2873798163
1928383664
2862669028
2371121161
87663848
2269957598
83185208
40040788
1878359768
920970434
352185544
2888230893
287398401
257438448
292819455
997957645
2298871851
1010914028
502906401
1676249167
157393148
1024225106
284066524
257110989
24035547
85902422
618537889
1596407005
2558942677
176928549
2320821690
1352308825
1386527024
2864310558
2876877517
2878602180
734381623
2797490313
125787914
2878888891
299857311
2669447539
282539358
849329804
197957154
587487972
33098495
719049828
1639856630
2440554764
193008155
765922567
2799317250
2611513428
1153504609
2753783008
55574327
910718838
390053836
2738712723
1310649690
2773819955
2576693118
1363022420
834930498
2826180078
257892293
40760853
419745836
2552957490
2807275956
2582608602
2697588380
1129369146
2804908006
2509189810
899567642
2515569223
42026547
1690667365
2715356974
528705825
522225448
2284762385
2471654902
868839342
2720121950
222718844
2754549546
2801438370
1716472567
1734781370
2636684671
1912278270
552677523
2599595461
195682054
1572284256
2729509668
619791663
44948272
67245140
1320450889
2410843109
306399167
2543001546
2167956932
2755090750
1433720628
2760181189
2656597242
873519145
316861146
2285834730
187667664
51921306
2735248342
186089411
2593539276
2717954036
1127166444
283425134
2759341195
317192373
2464547150
22038613
2290575308
541502762
1100316350
2270658787
2755054471
2174590065
421415010
868563422
2658283813
1439552407
2671137208
563023141
1267687308
2160936162
2671638566
256182353
2611894080
547116712
1283338664
23745634
423223214
2515526660
404321088
2644733124
2245112792
2709808791
275861233
2227805530
290782750
2611644249
2554284151
2600589726
2651783924
2191269552
2673528806
2663975654
799558758
619203954
2246392710
855609728
2602585579
403524107
797852468
2279326022
2456223144
1541407344
2610187020
546653216
2700893683
2699707564
1130544559
804075344
2229481826
2617560270
25024350
2243930652
2280647556
86580724
1276149320
884615034
1734406237
2636030065
2557153459
169114999
2653600598
2497610047
303748376
978027624
1356614894
348399302
2447709607
22490914
2657471169
185718329
1317543992
636180516
295136227
2668415957
112874216
2617650751
54610911
2236582112
484944159
1592166919
2694924875
409083261
514160879
24733117
359313388
1701346194
2506762138
2682931403
259644277
2656515261
562931544
244850797
1122257348
2256903611
2451817563
2706542835
2708141285
2699677535
1563567342
2690015573
2712224417
1951573254
2234503147
2699037809
2237424157
557605807
2601560206
214399647
2326075150
1382552628
2537127064
1615547366
2362750790
290658905
330204267
2675468122
2558580563
2187560831
2601991200
2706386573
2597833495
1263439778
1056573978
282567865
2711887575
2585444658
1704101017
816320029
1448173550
1532235530
181636580
1434534536
2715392657
189315925
202808394
186509424
29440342
473230623
202128701
313926788
244746802
1046315612
628408717
1513077138
2648051044
338934507
2460813697
2715692572
718376036
269817328
627420157
2541615095
2652933923
2702399681
2682525454
2419330447
2697701283
2614376887
1621928918
225501056
2540800685
2593227997
72312144
15132515
17467699
74768403
580817301
170353453
909078528
84601364
556863224
1647730542
2537072374
369589268
246874555
205198077
288151399
2475861042
763573200
94136084
2435989746
2582109164
2692537216
1111187664
2691009969
1139883696
349778468
190715386
516322921
505831801
175743717
763296810
1598444088
17680235
2441571577
820977085
2614429165
218184272
268470804
1061495562
95609825
2608728535
321612303
2436107673
1213737680
44090289
304608656
194671720
977992638
331532612
842280782
520676535
762202627
51880096
457782518
2419234178
126794161
214606865
2343978793
319224112
140046313
416924707
2188958934
737388828
2369858759
546832231
382212124
2645027827
385372798
2593563955
2259810970
1007211997
2616151465
478633622
262836675
590242454
2216526953
142825886
66284654
2342450740
36712279
224491592
2588892166
971418187
43570256
128002776
19503822
73353532
1100679414
184119414
202136139
474839568
386717478
2463071060
2465453334
2510505284
1346491021
204276556
1119191846
54609574
628408730
2464664059
17986973
315002750
320960101
1712907265
16513416
59830916
16548435
879161563
1426600141
1892357124
1193045659
156563457
58559649
293944969
81576727
25261096
905548862
1076109716
330349257
744914580
767116148
2425964522
2423884908
92564226
338985020
24744541
88708920
18164632
1070877486
32861321
1179521676
329666643
96735431
1433215069
138369105
108315250
29213506
172311908
621523
15110357
4898091
67358777
34713362
18949452
59222801
25387183
36683668
18017198
14293310
91478624
3108351
27830610
5988062
2444952523
5120691
27860681
25098482
25390350
383306443
123528331
145935897
108543788
953248862
157981564
23053809
169963553
21638893
135187648
14159148
