130006176
27474449
18542738
449210670
28482509
4181514972
377340427
20709978
78898839
3973207694
2811344105
3656028503
165307416
438807449
427928130
3287870498
222960202
109475168
383324784
961645254
2777106046
19477511
357521844
472262131
813480156
76527293
54431980
365500926
3163069867
423544644
23218995
2350433226
1149555990
1323773082
876121309
227793469
820527871
22984732
382305668
3098144550
2903060119
22073539
248740529
367500727
771786890
344875929
365486065
34322247
1686460650
30032915
38264132
20548440
62888867
90721451
115446862
30248029
1377322334
134208542
322169651
15211602
615214895
582258455
557810075
97349265
20107532
322655538
917136926
2853963265
2438866315
37716855
2314224084
16834101
1117313910
2513793050
1129250114
217484233
30971588
287829568
23220667
40253664
2837643903
362075344
1005407820
3020390835
2314032674
1921988964
73012669
217100978
44135367
116526242
69919939
21207027
2347332236
495153072
140134100
11148342
85425440
2996482889
309317193
573056468
2242787707
67344527
1348257709
2936489143
473354756
19404907
1225396446
29923771
89527698
16268340
2860823378
103399093
1383020904
2654488598
26592537
21821671
16132087
250494953
2557464920
2883949766
2859411483
15533253
486032030
140956340
257001374
208900033
2353438952
437817907
2424129578
297172664
175308390
428333
196274873
419578125
28413080
280677291
222486472
406601081
75063
185802351
2292806258
2774052636
16556093
316438899
249392284
26551794
16819127
27625660
2504716770
20519719
17827531
871113692
335142864
340505486
20891989
331869016
1116077988
2209586262
365849604
82682763
1975499954
2317524498
1931596862
378456322
2411495790
23175104
2766365098
268025447
43636984
443998571
511100553
21839712
2571676876
286374555
2704054386
2807566232
49676645
216265672
34047729
2796978633
735150840
70490179
57073887
57338233
50358821
126646626
28496774
423782964
305166245
168324287
16044093
14498484
102147125
38676086
56702869
22699484
292531199
67539981
69020729
7166582
9998602
42984742
153877429
95346455
62887462
113685351
26351964
519667403
816112106
550318943
2163584347
2436117547
307581719
205428550
74562471
2252605309
600192798
151342304
1653647731
609430747
1262593646
2327405318
15864531
19185879
420676150
125383306
256203380
14778055
16440684
23105307
65466696
22203223
22930958
61978248
382404842
368565519
335498133
2327860633
314588877
2317661803
201591705
42972713
607280576
182596358
518851148
313953009
216453181
19608697
325650454
10010972
17855964
15441117
2294628337
75624389
57647745
21705478
574772067
93722720
485191267
36066261
551278206
14600977
202347327
1534433268
74302001
1199518615
1668822181
18961745
280648207
21316042
23620660
208755112
75077661
870043220
588515041
580129426
310535008
2247765384
50210792
23507842
24201493
78114017
194592233
24205270
214986812
186180317
229253715
80793603
