2820227945
4074426335
2235296417
4060611615
19717244
1590138416
1705984340
629407892
2699097006
2382237799
47393723
1323281276
326344080
14441838
2916305152
3339273101
265554368
276643081
21242028
1430840870
3619152796
25070192
3017636404
300144495
13426312
111933542
482465611
482394029
57784140
816178
22406785
2915324884
35304791
2679299120
29735775
334600136
307587540
399275188
3166205987
2789742375
2463686052
38420761
8266782
60624338
105642178
45555864
413153321
301128467
21937777
94647303
113740810
1859123587
1389099654
2787644022
16080129
3246246155
2918066385
3091376321
246259698
331509554
330858716
1961169548
2802558480
2330850942
100068931
571110460
302597866
95232591
37391225
2872070763
42673060
132204002
945646483
270962976
2898300309
1966455439
2217599490
213346016
2853609375
2991697611
79423594
978825445
3043862085
13205612
476118024
78017381
227683706
16103707
637087464
143020388
2412659408
47315700
65369125
2289889969
10470602
390731779
137795117
56516878
14093970
2962429571
2480103232
2848359778
514727834
267625668
54320754
2493131347
1707181112
122132761
3074842481
2360848927
270278439
481466806
207984356
2948252630
2307746669
3021791926
93655345
42558652
1547838528
1662959274
3004075269
2210857693
58008316
714597708
64381024
1940158490
28655732
105075809
96531036
225845255
206549327
22735859
57309864
58515346
64688299
213421246
393550078
2571192054
2872438287
389113075
2228715151
114998924
92694743
542749187
156775601
266510425
59486068
79971525
1178700896
231215850
823166564
2786149840
277175103
130488845
18589743
2882875492
264452919
304287573
185166944
47348249
541058739
96568910
195305576
1247470292
17354555
263595467
201300044
2168550252
2865371853
2250999025
76146283
16306600
18671693
79975924
154608739
2800364413
500368859
2299595928
48180033
241285260
2842588901
304478712
97171899
862100563
2830279756
92725765
775286364
101502267
204441470
85552375
304268990
2468496318
1545130538
24186996
122678355
241984387
169247807
1330213843
353214316
2190906684
299341747
1234176577
16174754
780853213
129051309
28318585
1225094250
274592041
295459002
56705886
1940659524
437588769
2749174196
81675041
368711188
302792317
360814176
382580602
16670294
14845688
183664548
118263124
213248607
1935595820
384986958
47756728
15132914
87883286
1547722903
52670412
2361873631
2482071294
930781598
114523768
188066500
16176754
1360330398
254260634
180273692
148815591
229826979
111097299
2487853952
2617288698
26616462
2182812798
21108916
1924615722
2396350207
2579702422
2241108109
113907485
1299475664
304314309
2290307712
531817241
380808030
14893586
1030891393
1522181906
23032536
215244619
2360
1300249460
2537378258
236554126
1205345400
2240306478
14387914
2165843324
434875052
53920385
490056323
525555679
299574133
93348874
231402681
14085070
111145042
1223994960
19344270
7996082
810590430
195100950
206661388
10361342
2447616788
1557315432
33098821
2419710651
2433380310
6026352
2275114487
2190035407
2437006993
19105768
135443828
2327572729
1410035282
32160273
47365909
373027193
41658737
1216228962
516769926
37447644
538714687
48371431
35315865
2363300970
235194866
2382053336
177729631
2202538285
232895345
337336657
343553177
226691837
575655913
169222815
45373841
29356679
38993997
2365418737
15060148
331212180
227769423
203552183
520244422
137164781
45485398
252998687
1242379741
60956542
346497127
317422543
104220201
290298526
20340356
2342928961
1144882621
476193064
108286674
50157479
1264574828
194493389
17450354
253388937
609451332
17604915
18949452
16894486
14673927
17484709
71061891
1336476205
80252766
331487922
16275266
367089411
73341746
390159434
250017998
1464314833
132562384
476258341
17424053
30198750
132218380
1672956174
470249987
21987362
36367955
253209216
15028704
25856338
1954023469
239255514
1489776218
15406639
291289409
479447652
339213186
507723593
109792171
248646793
911000017
21394369
26968702
1963425590
19668775
13649002
31936449
194346014
151551090
36059597
1676175931
130792364
114652396
78209491
213012200
44438256
62963
17879144
224631899
438349365
41150196
147518360
93244606
38674276
87408443
342764550
1722650852
8639402
217038688
60642052
233532681
72813996
396178179
68931178
6215712
199938696
417885365
409576747
19818358
814872648
1926100434
387123080
1877899188
23561208
268297887
212299083
1907406530
1391758932
46300208
13963012
16949344
19864285
373884920
27013292
153369787
96720499
15118311
589294699
235364173
262624440
90424954
320293216
517037826
270938020
413849446
17061155
29460483
254446382
702649578
15249699
33249457
270880724
471926670
227753217
1410316838
465562896
216356099
1097741347
2919151
380950382
116867280
256793538
77223972
1122390552
125695429
30005585
314758565
19534829
469610025
164527277
304464369
507281282
14897792
416176154
595456881
1151506357
52432477
1111363350
156327072
71210524
23509899
18838624
16308536
455639423
426670513
28628202
302156719
1120098811
136532538
604866188
393254635
1159237802
20041139
142204344
1649868715
135971068
26269076
1330457336
1339835893
1685908440
852039852
229614117
22870748
1241278741
370907274
143629076
33859714
88428517
19920464
25410561
95146289
22562159
46046512
17385903
495517322
720754110
14267832
171676302
155230346
169633285
1635140300
17083959
7415172
20746250
25743783
202968305
65134016
260211154
14567800
45580925
235371654
65743442
264124770
184931891
532248640
165367317
1513221576
91951516
20605327
1241433806
991600273
80918348
84351228
85906238
410743454
24223641
38892114
1614662504
483534226
89169314
552333963
50326055
134754881
237409428
75838766
49344076
20971256
1227295489
199737585
77829137
1382326706
208074928
136205259
191143493
173735526
318053222
74724779
1376893698
262885665
1432530649
87997689
10441042
19837528
271372225
222931187
26016423
293116923
39351968
111020569
74599038
7079752
20272531
14000542
107174526
42609957
20718161
121408550
167989139
108932245
16892481
48110818
237895166
43199901
205195655
18655567
82313794
77907514
172280127
1303775738
434322029
461099519
82733
223142841
96414651
11356
11317392
1230460638
86626845
306873044
782615960
344634424
504309527
17221246
806617046
52584039
837693559
82867773
99109779
409154376
89791271
110751834
464159257
228586748
51112072
2443051
200634860
130902749
14738561
20444825
16629477
54976161
29600755
33279328
35313915
597808334
20142273
565743310
17856025
311032328
40041336
8387
304909941
14830931
5120691
253184910
44395206
578473908
27143494
16549460
636570073
346156753
492133172
134178750
17172595
217017116
487833518
708861062
229396042
271156299
56341402
311139991
10202432
302638470
14229400
296255607
22904833
15117942
553523109
437770266
67464758
550541050
41343930
31442450
106895787
239414472
112419076
65683730
125632807
408579802
248204256
74568958
142674705
52327895
344005929
453495437
91131784
402875257
253588542
834928597
378466384
74719185
13144942
93903950
56564230
286924610
2384071
1940581
223560830
18476766
15901999
153992365
455019676
17047208
262365030
208956347
264914367
15502647
22607744
61775988
215066622
123858892
16172894
41569866
15273272
230944453
636803733
210672830
25671405
839468576
19776354
380816062
845420136
564908382
468785140
16929559
123864717
19975787
15496407
123582098
21285557
146978606
274388734
15276911
14962567
215665981
20138728
454724555
343018077
222080924
700118168
21581503
136325501
264399952
96111619
208988759
813286
7973282
15862891
19843630
269700525
20361904
32372834
12819112
15154811
267305037
32361431
34222024
67003972
291085537
22462234
543700209
50393960
538485025
569734172
127910801
17868090
562817107
115039678
228379638
202968431
467551928
303739857
35306978
59257007
2444351
785817492
236517503
96102210
140956562
299306689
545422185
183548902
19256096
28567809
44418062
124237063
260685403
22478416
84706976
96121457
374426116
92607192
15134240
346473042
35428294
20038221
