19407599
21119632
3301591319
314446099
1854406700
4970411
51011298
392708799
28195764
478135951
2819666680
144929619
4096332796
480342247
1332564607
33388399
17238110
313877430
244137643
116864791
17579431
972156493
1691299062
1200727465
2797521996
942481518
11478792
3149303001
202159797
625861427
240202308
17024780
60895501
351127893
3695647695
16884084
433697780
21643972
401340554
430250670
3964865811
17777671
19925839
12588712
291690583
127360173
47387039
513248603
620893984
630506149
271413771
90627994
28123362
21202851
41394240
394060363
191111643
3719889197
15196454
24234737
17993940
3256391997
169035678
84296804
745600340
133385126
3341404331
351677184
267348157
19878055
38714607
21687414
331803536
104862780
29398579
3224596479
317773241
46745297
32122600
32144286
8724862
14711491
14800270
15342208
15808647
1702155980
1728882062
244116266
4107581
1284146730
3320886334
389491655
1345580348
21510888
6576492
44196397
1282121312
66444037
2741423690
904525903
78298490
456105023
111416652
51205137
304909941
115460227
146366133
214425457
19017675
15077051
328846215
2969760609
2325787896
18984293
301888789
17514593
20357766
137451138
14113935
47207737
117777690
162869238
192993369
14691032
1585516010
457680395
320202040
41196768
384411315
384800335
455039820
139806280
319498032
316389142
31412419
482291845
2855392532
255073423
97268285
43082514
15969142
615537088
89447929
351450023
1488155120
163073395
18406454
303883832
81857654
6059462
891407869
229957245
222762589
334921581
20178144
1398479138
105236496
744901921
261782937
52418188
17191306
330390486
17142046
109034782
2156463577
237087413
236810139
18632946
49753604
1359030265
237894243
80048596
80411320
518334957
74692745
1565256427
186575267
1223600953
28540725
286722735
22265310
3008122042
289505651
16686673
253982809
15487165
79737242
2412732900
408507712
1541364193
15471040
1417662505
20374262
3309139420
14283164
268363951
44578328
14275129
30646719
15134277
43095041
14314709
21188812
261228864
3301743261
2292454922
1227535490
732998462
2881186647
158038382
70685388
3176279903
405605548
234402388
113605515
122662012
262105722
275136268
208039932
471468389
143107011
116799581
154073751
28079313
19507934
2779389582
1344887576
193045008
1536791610
524545961
14803203
465464263
82947233
18839785
52560766
239825437
22520698
180392912
1300328653
381112363
457060718
87498112
608229998
105800463
19349358
281191949
366057802
16068266
14698565
116845797
312084684
620956590
85132123
21397917
19553306
388835983
243866693
17835068
40212366
1576997407
18983132
258107547
25360410
19534873
13194
171876607
365037094
47596039
27707859
334551644
73349899
2303751216
22127274
49616273
25356908
79949872
1602123180
160952087
90676132
49697450
23485648
319268829
294784543
308379387
3033357393
328576792
85423396
211994193
37730129
1861764991
1408003598
13112582
12245632
12263542
13524182
14246001
14275562
14802885
14348157
15446531
15507433
15716419
15950086
16244449
16319594
35810531
36047098
46946127
48132847
133947893
138799178
148529707
156016878
159904799
271452947
330361451
352673744
378800745
735122173
937071079
990009265
991745802
1861751828
1979039203
217284148
233364902
37281592
404422077
872052960
712767574
1305556297
15639774
3162521825
586725000
17808531
2281122171
372954697
2571950597
32478527
22021397
800228755
372993686
20135947
19420212
57268394
239885144
19979086
316348903
534576122
3131144855
144483627
36985238
2724884454
2974961781
59736506
21417687
3110800479
2458402670
27212264
36732529
397489668
870591852
2532909463
538165504
504299333
851361
201329331
14749383
892245979
86095091
123942210
45413510
325483190
385103951
43692192
327577091
19038395
14882554
224616058
267283669
234714469
1467309883
3027246149
398501441
2190400352
3003550935
964719528
109338232
70511174
1617893094
102207210
1169306070
320121203
72508982
20052899
21390987
23591154
446958053
588627550
1253530788
39247971
302050272
2158597844
3040857561
423769635
105915404
426689320
20094138
262872637
43105334
275686563
164518320
14993272
279238668
16667912
304814848
2193197946
382266050
7696352
60693203
2974636437
733031324
361303331
108882900
81947660
14828860
155948538
19293076
14662354
2653613168
28773993
18956073
1857463891
43081691
356454836
3021224427
23076449
303195615
59939634
247485553
2836185087
2202981242
2547893780
16334857
187965811
1383097530
18083519
16955870
164232121
309824548
494218943
63239240
14568173
112005594
2592985904
86652502
138171379
1498076587
35864358
227682918
135575282
1797991
14096763
22478960
222186782
28178127
19651092
1128700334
2237583564
712030506
46358463
494828691
127073570
59393368
17685009
161243998
10196452
103822311
21624997
1372853570
2157561654
1259747028
1510575805
17456747
177980589
319593936
388555493
22473286
26548841
15762819
410242058
357684892
130931982
247401553
2829503435
80864710
70960617
3019768474
129837660
87533919
2529532034
394981407
2230539338
76635157
454837557
60741791
1204314853
466718156
1255139023
102278432
20280065
19614023
2709433202
12455302
459390022
432895323
300868924
14291896
715839908
122445177
619241579
292907121
991343364
436576452
558907985
429685724
22460658
108631068
243393079
496278040
242943134
74113766
127558191
21410088
18640094
57359277
124690469
456681005
5914172
389230624
96576302
17154865
329818631
12233422
227355274
19902709
18160106
127480750
27844589
96230203
4004901
130557513
215679747
57730041
16383142
194555594
65466158
753226550
366656774
327625434
281425241
18856867
465965880
332894847
236842863
339831705
81838067
389001032
1239752197
990667069
249829650
59486068
65322179
372488514
33477908
20383872
242822343
25098482
102700680
118984824
2153216132
1297869392
819984026
1516500126
99634342
162014851
237380844
245031486
322639352
1263309636
1595590573
1657730988
2350055556
2540064756
2571668622
2698388498
2841590566
2847029922
2895016273
2937362272
287309941
1559350598
458008892
242423151
16434993
8496762
327484803
1160738419
2861018811
167518667
106118793
157981564
288980311
219275799
135822051
73953536
71643224
56706849
1328867023
288153991
21292471
74987950
1960825746
233484761
60842743
260248295
2785513524
37883630
241518867
63202368
16396695
32913997
40129171
472837601
70698180
268349503
20547642
37258354
1910724588
2801749175
30850695
1015241814
338335964
131859965
360667849
586108573
1176370218
1601054653
600961508
29771447
287163355
176348732
20385569
60880381
67718978
85590185
544126975
22396466
36058478
305189255
2800581040
59603406
29994840
19417492
947701357
1128071294
1072108424
9508922
22022087
164059067
401612883
269870247
140976071
467367820
364845130
15133808
1470655698
603009204
14868543
38696326
23529233
116319448
297690193
549454246
451441399
98015030
948224107
2293377156
21282561
229794422
21637092
2707352996
20476979
23669298
439885110
424127411
38630618
17396836
21517010
795891246
282588301
412978698
579747564
95721440
19602678
97170019
79447136
2174502931
41220136
16474781
36974428
1067829343
593650130
205376780
299151372
151106990
16491569
86364947
30864583
297451470
1115348904
26579339
21114659
17469492
174702420
18086993
16153562
16742053
2361224263
229866143
112150907
7847192
66106683
849880970
267862234
1430587578
37677496
14131131
316670218
20562637
16373878
20006549
95869752
143039548
6160792
318502332
87818409
5402612
428333
742143
69181624
1002351
1349452302
19011697
138982922
84121072
20766889
24185807
191860248
41134777
1132189957
76004287
20992801
2660755152
142998242
2347049341
257890154
25053299
1215862682
492285158
26498571
24758341
13939772
34374472
297425029
15051439
37918511
19709510
506486097
71280219
252672612
258545235
419520517
1626294277
610659001
303862998
51837775
22776133
31224396
283640557
14072907
18949349
89494374
27964880
47921172
33852508
44579763
59471660
90219306
18273207
66673916
18331985
291862070
20526449
228459707
104224141
47583067
4182751
807428545
47353139
574837269
12804862
354990034
285831456
17642330
248845681
18433784
17142160
70664947
54189609
301326338
55611314
59417574
56386566
40010267
198118653
373442908
6892312
62123765
206393099
1580771017
19533817
303707744
24466578
14730894
2785222636
19647329
53887085
22146373
24239414
16133363
10778572
21146043
281877818
38162820
108630657
406236077
107540002
810372954
18904582
16970757
398605365
224655400
13753642
144658847
130835710
228752319
24444965
61660254
871469846
462856853
19976630
68377720
383238347
60783724
290999229
217148014
157044469
973894476
14304714
224495471
22812734
61461210
1978270322
246459126
118680576
1241258612
214881773
2317393614
39523927
155642069
33300246
375146901
29943926
19977759
117029568
115643685
6705042
32522100
297100174
830762161
271629046
63143452
15865878
19068885
16045956
103121811
225055926
242654224
580113656
2346690145
298041786
1616054833
862005522
603688939
1337387216
26998871
348974190
18448883
950249762
40015678
14353202
45205091
138037459
6467332
2401345057
17481977
143478208
107029948
15340496
17921791
58836363
158021529
93880122
44548822
25097735
198625405
24727170
66774405
124170781
62613162
14758838
145671928
88974929
54515428
70796349
19858924
58922682
80943076
38281180
113585486
19177609
20226550
388250401
14284260
250311545
273935884
131517399
399365200
100260784
108935576
80968760
103879974
14395178
17298241
18627119
92498317
90646214
41901500
20356313
315736333
19758148
20543416
19811190
145637907
16692859
20970341
285046266
20631422
21910500
354914590
14344823
771596778
69080476
32372694
1000228238
109226167
7713202
196515407
1917731
19908335
236353458
65357102
15458694
9300262
5741722
162472533
15224867
158414847
19697415
16129920
91180720
19358633
4207961
16017475
79292795
116630713
18622869
1854266034
14190551
19335378
75896448
19178087
18686907
19644592
64679759
153004670
532241033
335504665
17093617
267053655
138527390
138141969
265386907
21391703
1944421896
34041396
32526672
56999787
14933304
14197060
17062358
4591161
47583917
14307405
14685924
14291684
15778426
53107828
159454866
18874097
26985345
159992511
465973
260632904
127503320
22473844
162473641
14431416
645503
188736341
16467567
594470164
488820598
91807650
157760297
96417997
20245031
545818910
2615279006
162044153
1060391000
498986721
14853904
113048516
20281540
2350048494
2286550590
19834221
394118875
20041276
39102609
2248978137
1004953280
2470628769
589915991
2571118574
159794077
36647777
1357289328
306734468
309278028
318588792
309556475
318972251
322577007
323768440
326709395
336438060
342658358
348389124
351516459
360509620
361386636
367718336
372373925
374454663
378264579
382183909
384260634
386446662
386740653
393971403
396837640
407064559
408848770
409294846
417939258
419681501
425746718
425933852
437477424
441920079
456727302
468255550
479552658
493370166
493505005
501957788
509276467
509287909
516927700
518440584
522369589
534165875
538273222
538325306
541147746
542702442
546762983
555403730
556043585
557282198
562320058
568238232
570129312
570930472
571079003
579940825
581793576
582996784
586943527
587434876
591460008
602558734
603027496
612775092
633986163
701381540
712220312
718561080
742239624
778857415
786628153
787505612
795521690
800565492
817087640
830639533
847730954
855328044
869414732
877417760
880875872
889356104
897197394
906802068
912166686
971008026
971676800
973774040
987084990
988588884
991230445
1024540657
1030613443
1077726026
1090129658
1109956236
1165659122
1226204215
1232831245
1300012136
1351804363
1359325112
1384398774
1391512920
1427979030
1430147665
1432575966
1470119821
1568230117
1599060146
1943866524
1959340928
2150964398
18809812
21312954
21525682
22239898
25275453
40116885
41661280
49279876
179887262
191948440
246220733
366648076
394838208
422049167
464996769
551669623
735609553
941585384
1022874578
1058787942
1851232556
2548158380
47912049
61024705
63025854
65701842
73141930
89175404
113780858
128331481
197446328
206498749
219583381
293973248
468250635
553627908
1259475739
1355177148
1622596987
1650421904
1957399814
1240038204
241065432
79231168
243169371
55689137
20453140
2426275850
19538868
14085096
22667478
766214137
191963209
15798091
1024535677
233918728
2570904078
20978148
19458471
239486127
82043197
18541636
15157283
20142046
20668369
1444545121
20915739
78702900
59753891
1212887436
271413079
189512552
108854929
15204596
405769757
18607989
1327360495
973005421
28791311
454013244
2253494491
226681986
335235585
117808491
331292755
2491816422
594508639
2542098308
29987506
1288271136
131120978
261717628
2289974413
296819007
118648959
273988558
923246690
253738923
233755009
20013783
44209472
40878868
488628854
333140123
407363195
58233341
856836151
591053151
57602189
297395484
20598137
334172166
86056816
340961193
125879595
350958562
305073570
564673621
927783252
403299980
57420624
5120691
171000782
8442372
351723025
583938358
18083786
46671396
16708655
1963312058
19331681
204705560
47539748
23411041
2384071
15492359
6708952
42226885
19658826
13041
3475
5968272
34713362
5017
3108351
58560480
1652541
18949452
259288589
24775410
652193
22800718
21982720
20348377
18629295
1367531
12133382
26585095
759251
14216661
2768501
16714896
9609632
16683666
15348883
403761570
437814330
19457805
60886384
92776929
226195230
130104942
166712218
78433570
1322203884
317173156
61183568
79797834
143016057
216299334
36843988
22363802
20094535
20133209
190567339
398505674
534115495
20768539
281076587
1057276820
38142380
19062662
1294741
14225267
142696793
14377605
136337303
5561412
76966145
10168082
15450996
5357812
113420831
18891923
14511951
17454769
47739450
269375709
15207668
23970102
217543151
88784440
23022687
291756142
1074480192
237862972
16076032
27457788
102488708
141084952
2836421
287413569
72198806
16157855
25073877
163598915
216881337
266991549
11680312
33750798
1404590618
15007149
1219824320
30313925
64643056
490126636
252983114
117666012
252993381
437489357
563714596
143469704
215300264
11856142
11014272
12480582
35773039
972651
32359921
15012486
2467791
51241574
816653
1344951
783214
60642052
2890961
8170292
788524
20402945
621583
2155233830
14293310
5715752
14138785
16973333
612473
2834511
114508061
8720562
17965092
9204502
5988062
134758540
24744541
61781260
131574396
16708728
18814998
18762875
343447873
65045121
726206425
16833653
297067961
32493647
173195708
26727655
368240745
185306056
85794542
48515966
44115106
135629930
236526490
740983
5702
22747624
14130784
19530134
22341950
19224439
17179368
1717291
15905103
14514804
33792634
17006157
15935591
27860681
295663598
1227253801
441636351
1119384594
471741741
109275593
135421739
4248211
12044602
20609518
807095
16190898
19397785
15846407
14281853
112398730
122994639
14104027
18096679
237700394
121127090
22159580
55253731
22031058
223814492
56679400
1225696320
25984418
15010349
1299769218
117366399
14073022
873819098
403488296
1949607200
27695248
1548391070
1870998606
72515134
56169454
216264820
6107422
527526077
5838002
136004952
128216887
16139649
27692596
544397215
631113070
140955302
393946844
196994616
153810519
195820437
267588644
99334624
75443458
68452445
930386257
1095284142
14538949
153812887
16278177
1283934079
339692762
1137765446
398778457
321752222
218677733
1638538464
237281828
1851503720
15895464
36042554
19912340
30775031
35826823
1449023288
28804785
1449320024
208019751
143524116
46220856
17220934
15808765
93957809
161801527
1330457336
829797714
297535770
194734365
19337560
237871265
474213039
14700117
77764733
813286
16303106
1364930179
19394188
110437588
300097935
103065157
14224719
7401202
71627462
93766096
15745368
50055701
733751245
113047940
19346439
160926944
12
14157134
8161232
15439395
50393960
14885549
91478624
16343974
16581604
451586190
