462973257
365516491
510749599
3165913920
196832459
40517131
575586978
533376412
102470382
874130437
55649229
190309768
412399065
306558128
168677627
760494390
351085956
216471708
79245766
1668663402
333691572
2674209787
366214573
369617921
772694748
47442942
455802397
493435029
318077713
63493599
319755870
2748249388
36209268
2746601201
302094105
59166140
296350592
353832514
71008782
41142550
245442081
296464660
103088540
159488523
743465095
61518817
133989883
78122237
62896680
304579237
87056365
104227147
349180974
317241413
430897813
472124325
199000835
3241598785
370202295
370281224
1945023644
45630954
347930118
135518778
25103323
145743546
48170431
588552503
194348988
42692719
42681096
263830876
48719087
46397079
834532064
24189839
275678057
145679960
257627526
329670772
2598162926
605880659
32154289
22190611
1182948770
3169056434
2656868574
253679094
82376068
430215051
373004259
33943354
139808463
191041782
418745548
373387521
1152248040
70738932
28626957
62945584
159214275
69025526
16106946
66464965
369585660
19802077
1640714251
17974323
57375646
56483707
169179893
40021023
41009172
463160491
495617512
586665087
441229821
64873867
284225400
64828409
318691557
39789515
1531132681
33327244
516239517
199729968
601261332
1563264818
56762593
506815594
2559577303
400170149
296571087
28387299
284183733
107118936
344233695
21919205
29641083
402272713
297489984
381120966
3015292915
2890180285
499314025
873921326
45928911
44113138
88798353
245564953
175130339
3075800216
63853188
1966970779
2422679658
426885195
2267773146
40911905
486032030
355738215
2903060119
2774434244
2385904490
52529896
253641737
960544285
987414889
2787160513
2649118777
2436117547
1110092034
72717560
2312696240
1072053368
2421330386
193867537
56548852
273231966
373496849
1170707082
411986759
475365026
114609586
37957896
503320148
478136900
1002990643
1132948555
456872471
68809626
73181245
16365686
38720617
185802351
2290187083
2733017774
2372570107
87517577
291797837
2310157021
74948825
1945330290
114625663
343358997
33600157
279239110
74832434
137539362
117485485
187784084
250295781
169786131
902190924
226318039
152080881
223278069
140196247
404195033
182681925
289418264
138559847
132303731
117288714
84182459
2396726238
1586945810
926256846
494166969
15533253
870043220
36380186
15441117
62888867
747947084
23105307
252451216
374310033
67539981
26351964
78947948
53164682
550635130
59504346
109346200
1216707140
62887462
28496774
208755112
2247765384
335498133
36066261
97349265
243236975
22930958
23507842
109475168
30971588
21316042
256203380
381131730
580129426
22203223
78114017
23620660
42984742
74302001
551278206
56702869
30248029
186180317
24201493
214986812
518888646
404485579
270048503
146067318
243882867
179620477
612000318
93722720
