4126513754
1565839604
2826832092
3938532262
3298300749
3316179578
440962635
3645954988
2516897582
3542583027
17251787
18696855
28628202
329441556
14897792
575655913
2469853436
91951516
2463348930
1135472480
3238448948
1449120198
43848067
494508400
834928597
1262637068
3333526492
1564178612
3401761023
3388410460
3281260580
3364208597
384182912
74390886
814824506
3285772986
467905151
127305588
32729442
2414788774
224223395
1489776218
862100563
1900944043
945848184
3290156986
75937326
132594097
20361904
105075809
25070192
62183077
438669311
576794667
71314474
385276586
1253721834
16174754
18683406
1727453592
2370961154
863444443
76515242
2821563630
183548902
806393046
1679260675
269043415
251456768
34018296
198350602
2841991235
3027961228
2329246394
3045094519
933330985
137836269
22577561
2150041849
2480103232
322168064
104263356
575896742
2950577576
47052852
2375288959
224896427
57187580
20198534
998407880
1685908440
19409313
502827813
502151289
1365580770
52584039
495517322
464159257
11178902
176089416
45923583
46300208
2811770483
35337456
2900142724
1415678594
319789805
632538212
1571270053
937783134
1580461520
2562724922
2247087641
152722527
556992335
15154811
2352226885
781251776
2800364413
15496407
24744541
566226913
16196443
925824896
255717295
101534369
487833518
233860875
941766942
212507668
388345704
96102210
217963801
561297215
589113225
897684764
361326082
2530913857
558148770
24001758
1115365544
19534829
1444065481
9963832
1414130274
635123740
95245460
2388371658
325719227
21611239
782615960
454724555
216793572
14212399
32078497
107174526
35304791
296644509
462472862
1949132852
157449978
13087382
1158733934
1413173948
320210499
14043142
17006157
16017475
250884927
18936161
5402612
2165843324
543876839
16939942
320268880
59221014
990904392
16227629
26534249
71210524
2178911414
22353109
580411725
1237502864
316481577
214099847
14085070
19767193
367873443
200634860
39282190
2467226497
1678740356
1217132137
2363567209
2177238678
723943
16629477
856471832
19416598
214653213
562817107
45373841
273578767
575852195
922238588
48246447
12819112
575932743
380816062
768562657
405033226
31936449
19843630
314758565
713648564
276643081
