468312138
356697715
128957337
2717894934
2297473461
2974099591
224620348
357156581
298586285
2718829536
2878019601
18269129
2210499388
561813464
3405355319
130809302
1400666912
835775467
1527716034
395856974
3255621389
2887913662
2465694149
2421686706
296737650
3234636302
40882376
307206747
3246738151
3301530922
2627084389
2859482481
2394539882
1092800568
1001404567
352961893
3493749796
173517964
2596589172
145331377
1006150579
128246602
336218991
2182598396
2707702838
2964950313
1900338114
1421379786
151803771
33388399
2872909703
577382223
2743970640
464108521
3309216941
1664267316
390209399
92246136
40839292
282423911
54881417
774093138
580511363
285761192
404292675
556863224
113647931
14677117
201914018
1853863896
107506329
208747547
162370862
2834806672
381193380
57579807
502831036
1652492724
1890435937
1067838912
321575853
410632782
416183697
2738712723
368851849
29140133
15801023
50722722
612046292
68635069
2942978628
475677069
2844948490
81323233
15998593
177185740
336562434
54610911
1119384354
17261818
292403049
1048450598
346687261
453893556
2415875810
1954402777
250983058
1421907168
306764010
476858220
17467699
547075089
2271756460
923870604
571691719
2506672909
380577384
1076109716
1415497687
1020686306
36355706
225823705
392040203
47632475
281175400
194643654
284647429
593182221
562032115
949279837
65897559
87248498
23584333
23137747
30257834
716902513
467213962
63796828
57887546
1525329098
1043356164
138369105
567204395
41149214
218184272
2192457186
467835357
120207925
626825528
539815933
740069204
497977220
1583213467
65915344
59560250
398747086
1409555852
132291653
69389879
239736899
1179521676
953248862
1333892274
1008522638
250142951
402323063
424043210
236891946
632938439
329666643
109669677
281906000
1040708568
27860681
90636107
89423018
5120691
36683668
19915362
25098482
5988062
115099953
212018265
298123685
254235974
18087349
65605343
33933259
41178642
109720244
88745438
15521084
16145473
30848629
42624524
74703019
25249798
119343785
207179435
312757790
485954319
205235980
258739462
260928758
27830610
19277186
38704343
38146999
20646711
16544818
169021842
12594872
148517828
50101725
19177501
14499829
58407576
34889448
104277809
19649135
93835044
314647506
39511166
22972898
44031134
16257853
47590776
606723507
65150447
16348549
830749938
88441571
420236339
96735431
18203224
65412911
140003488
19226651
914276592
263138626
67702044
14159148
21303235
17137628
82448135
125980355
377946810
232193350
112452650
597136052
390178855
55586265
543283266
105328660
146689704
47359677
394618035
216829482
70701139
220012514
22008842
279010305
20646997
29011420
798120162
39707740
68763789
89518302
742143
39546343
165788480
367316865
51621313
148650438
90386770
437873634
458228750
62778827
77741584
748950192
191955730
53967304
23631351
252610331
756160879
87627849
753161192
31057157
54866208
39470235
24703416
80658105
91147768
30083241
154139903
82388515
95973011
15762708
19694764
45860846
31005147
107482295
110121475
145471516
153219487
41090450
44221771
15565978
112494153
150242436
258902217
17904983
24853415
24067146
19010580
19466430
38398502
320295566
122381405
165377376
28860619
61003704
399156475
168816615
11252962
29854019
22341950
52737172
58734114
16731094
7239422
105113029
524586228
113145326
423289846
524998777
12456402
524154220
376191388
115521185
90229953
36299912
199374793
305034489
18980735
59222801
16699452
55241432
202134992
25657548
24008666
364795351
72797191
188296516
481225407
16901479
8538202
586365554
17814938
485630104
385095990
16628673
21748772
21530443
154878863
15830545
245354346
294002918
108836623
6718782
116302934
22350477
800239940
47576041
80042982
234668137
165412895
16495607
306042658
49419833
194621783
96853003
248968025
392715260
130448242
115554843
34878459
22169851
32367827
220828220
398651565
115133905
187918487
248008531
17314780
18123228
199675693
64972381
281389691
594616809
46507181
108303366
110248288
475037441
537108560
281116738
550398982
29316282
294465393
115002763
57552930
21655635
23441587
226160733
65437320
145214869
592340979
16301873
461938543
251754571
91543295
25390350
44344179
32861321
36924745
482570050
560979730
140010694
540119168
494649195
563509447
346751635
626435467
25387183
18017198
23754018
48476482
38004863
15706160
135187648
20596281
20430077
116799581
57295940
101819499
236842863
52041922
31755637
16683014
176863974
256589915
15629952
135270315
108315250
16866541
271505240
198923144
297984832
33901213
66395798
36163999
30457386
9206812
90110799
22550306
18974907
36650680
20252085
763683
17432648
656903
47323938
16160687
21390378
56519559
37601149
15199327
15709888
26475943
22641545
18754412
11680312
28785839
38239421
88692261
88498419
17128217
31513627
9103722
20214547
23588075
20763821
22405312
18992997
22547973
32534376
19176547
16799023
55522161
33400961
115663436
150639152
102782442
15079910
151969930
88279736
17385732
24537270
17396157
216590383
92204238
127641523
211505403
190666225
91832159
36462680
23933098
231663232
119330223
9576102
43305461
17509184
18378475
15474024
127625898
205863089
145935897
108543788
21015047
14320570
