2782211491
3031941603
80106543
2364853507
17814938
15924408
3272407369
17396170
14356116
1920834342
107740210
25070192
23666720
2410911878
1670510527
309043147
56341402
792574860
1008658832
5225991
635833627
3445189401
20608701
17248121
234947344
1260176245
34570810
72082730
482164458
455785588
174740894
7971882
19802879
291908589
190764318
86539401
15234407
14505838
14882900
75302402
225481809
144626914
317216139
239153508
2959295439
170869529
282282694
1128468090
1362639276
852039852
163844242
14174897
3351717358
22750673
1506348020
376019079
3074396945
14647570
198494684
3286893419
2785551645
2800364413
492806249
1728408043
1229638309
2332483018
3061255931
206255645
372760774
143086518
86876782
3144159117
22394209
931450722
1093324700
2375288959
21137406
17376218
41652399
31936449
1241258612
442847698
3037080759
2993994029
3034214643
1421082818
700118168
2980458689
550448704
2444052414
1675346359
542634488
2841991235
2863678077
2851146208
18949452
176089416
23576240
21218554
1097361890
33279328
329600057
82967815
29462444
17292623
119401334
1552637701
21285557
14677919
59221014
77829137
64003841
55158413
350424151
19776354
224631899
148815591
107174526
856471832
313939160
177729631
40870398
196877476
49270737
1241433806
296644509
143938104
463042482
601697103
575655913
38372813
839549586
19668775
273578767
21395879
41109816
21866842
26832834
43848067
1676175931
720754110
7160462
39282190
14897792
29941998
14576426
768562657
543876839
36066745
14499829
144972081
264399952
131999950
65134016
479856619
1073530544
16174754
407395156
51837775
44418062
580269594
402875257
19767193
15755223
25304992
53427556
47999622
569921322
621573
18477428
56564230
205195655
95245460
1128132072
14441838
307913949
405033226
388345704
269700525
487833518
384182912
18499709
495517322
1022977543
14085070
33249457
316327930
44090154
21242028
17089636
130579391
15028704
46145761
27468198
713648564
226691837
760065560
28567809
18655567
19766166
19658826
212299083
32361431
543700209
50393960
18089292
127910801
380816062
59257007
230944453
20849273
96102210
32331234
834928597
22353109
143629076
208988759
27013292
782615960
137836269
5120691
17221246
17868090
20750406
15154811
16696246
19965811
19256096
20517668
21237486
14617444
16150688
57346365
32615991
71210524
47983577
56593116
63837338
32624460
38472915
82336717
100074798
45373841
86626845
100068931
23962312
250137376
183548902
20361904
262365030
37393217
16172894
223560830
275690183
35306978
67713333
17567533
386869663
200634860
465258509
437588769
41799721
407068486
34615585
123582098
588586596
115039678
37732219
98098550
378272434
124237063
439239153
200456671
318053222
314758565
19843630
7973282
17251787
386682375
34222024
17047208
21423021
19416598
32372834
19402238
1435461
157981564
18683406
15134240
19837528
807095
15862891
16629477
5988062
1652541
15066760
21581503
8963722
15110431
