569248512
977135736
1416864889
2474919732
331088566
2673731359
56537571
509143210
1081541875
556380922
270666593
60680186
367482131
249767346
340990736
2801021034
466082646
285256837
1293280212
867329340
210837942
325650454
2528578291
2452130760
269668210
3245774729
24490322
2657433570
334463867
1120048885
21437452
956649224
790136510
2438866315
198363230
1950651859
119913154
240862517
1019803969
574772067
2240017310
102055841
2251293786
885012866
759556200
271242458
3000309043
1342960892
1551469543
2586528145
1246148990
3041997403
23261531
1206757993
144588659
321000651
42258864
1689039283
1671395714
488842440
112266379
277541083
88570600
213858690
2353590738
379796926
18843019
336071389
1236948595
304475623
1954263680
17049258
2432870412
75969344
21011435
2513793050
1226678202
264417422
480563676
191191752
156653898
481282439
105194952
409560701
128611690
181214375
319200492
712570344
382932476
130925848
31759460
125713700
136768522
1693713006
1917950862
2432575915
16421755
531526002
427139080
318843266
799365835
2377628324
28636112
388461517
31020693
63796828
386191361
2197140316
1622912016
431982463
2374196334
23620660
2247765384
16205944
108452119
370789794
14114564
26762221
26759991
463777810
826175035
36066261
40066679
374310033
327629865
43013545
14600977
314947533
78947948
185052167
289721171
7166582
72559903
712605422
396929177
1155192127
1209988873
384112745
297003462
615455540
214986812
296463568
596151093
300583313
288606161
140956340
170173232
89365992
279713804
395494645
137866385
18382317
69919939
411605413
361365670
96029365
19320942
207229569
23670839
449210670
168902884
271096438
372078975
247538316
426308179
183330212
366713994
76982642
217484233
381131730
280677291
17028265
116526242
165307416
144362901
832133875
19212622
48849410
521638312
263372366
556312802
14955353
331275933
622221713
251969856
701889522
18087120
368565519
109001556
92093248
334310321
61824637
104256723
16807883
235181669
63540062
23985200
56242895
85961526
34369690
428695812
27908051
559979661
34710922
310580330
554807121
256203380
385503547
258022725
374215635
15022346
80793603
71023061
120943272
36565914
31122496
30032915
23220667
37073892
177195334
35865782
58409991
70213509
23126944
227386638
37664076
21207027
22203223
56548852
15533253
22151523
19873634
18631333
18068997
294856374
66795956
45741204
143857991
125674630
224420389
27027094
57103944
19540645
227119721
26257166
2557521
30971588
178067345
185802351
23959139
255001142
16365686
21316042
38720617
73181245
22930958
58593318
39566443
