327449246
224222447
15780280
100102221
44126833
17028879
129877693
2824302220
1253036102
2671138662
1087859256
2610447451
277191527
43576999
25365410
3355281
2571181135
27295244
34760291
487130389
113778086
409755591
246594068
45677630
2437926324
718542193
23068346
294899034
20678850
761688578
19270988
3085571050
28023025
2289851689
36506115
1059487597
2416117185
1252373916
1020265032
2739610592
18535117
311568768
210226021
473179284
1348339248
1729021436
3015633123
1013977681
2174287626
17181891
372309515
1547273930
22960882
1327113302
414431866
433714735
17002395
3290364847
282282694
3417865648
21572529
1927527138
14420911
22773895
15865878
37298669
1566465486
21918310
5392522
13787402
55570400
54282068
455024343
1158888686
38720373
14343727
28838219
19992829
25325260
22664758
48110818
14246001
20149254
19837528
637013783
15563814
19734832
21373560
15180315
20150502
47678782
95431448
1735686132
17442457
97219875
290114440
53222666
28215001
2596382713
42637316
2705061031
174392758
333759149
13787352
588586596
112775879
14085070
20272531
111354912
22278303
2499539132
86626845
66373370
20052728
14800270
402972230
138443185
426909329
2230058976
84684955
1769551
437804849
1355682828
574801561
1732340887
1152302712
23410262
66636567
18478452
130593087
25952049
243215442
13171622
14592723
18679867
31288536
39775436
19164430
252794509
16843180
28139678
239210681
39416218
14441143
22091213
18244332
17573273
233364902
23999515
20065842
18935711
44438256
18248403
17768235
15120110
28185145
44367489
61533120
23964682
17809980
41681953
16160352
17509945
18622869
11274452
15235829
21634627
16149614
18208763
10615232
17668347
14499829
15134240
18058609
19658936
