242368808
1228386794
14658057
734977225
2491722031
22245559
92839860
529958655
18814981
835664718
3395680097
2374131920
3642140788
3631104801
269822892
225007170
447551606
4122647543
2759621955
4002977427
873412921
249384105
43324388
438215563
237441213
33388399
125121710
214821759
3304684797
3568234695
46375782
2545709989
568244106
75835037
273904563
273167861
141267300
122766034
479337703
1566643975
389503323
179083873
36468598
22355311
384721399
419113447
266498624
3623101157
282721598
1667994464
3012380032
106679817
3748266495
3091959591
469810453
449314153
2559894406
2588852689
343148096
340270885
2827144258
284647429
279137479
599001082
221984189
1664267316
372755940
1585589059
271505240
3309216941
94188479
145935897
269105895
169426475
3417876533
1856414335
240182465
2237980105
566933900
541736752
434585175
546345170
23459631
2777967071
353927248
276118129
1857561595
1184174292
406816463
3378510209
14920747
14157179
73675702
211456083
910502592
547452978
46614859
292403049
84176573
1850794992
540668200
104282672
570913571
270956213
18017198
2537204185
126955629
41828070
308342093
301291205
258949947
1721492940
1379223859
3282045398
47187040
455578559
1374751016
3881049207
2436500127
2653227222
988784438
2817140564
81883124
561168282
6293572
298706321
364950540
3124094541
4018410573
319029017
485955580
4008505931
2596187750
493063234
2318856960
3151015931
116005395
2515899612
1137425888
1629852061
586569945
433618192
17965523
586513722
513900243
561266861
504465785
422059868
52724525
861955484
153004670
277920665
463030540
246339619
1363715228
279943661
16063883
65587488
415498269
595650828
360168803
431844077
594727525
947950327
1266291403
3150140481
1104526212
1713542732
203828194
69220322
1448363815
446606168
2858663756
592743708
71224259
215456326
451772913
85061771
3843788956
3537397523
1577143640
1707402823
737338435
327656315
832978472
227841427
62546003
301030782
14449903
1490645534
3410141362
129820792
324891621
96353795
3407143673
1598211960
459444870
283249565
1518121218
579005328
271491206
75988018
1145509387
1726464656
923449368
1179521676
2927205058
17261818
119385045
98639150
858120066
257274405
231362445
3196367788
90724288
727022162
1186901184
2800246100
201201029
36648077
16281313
191477497
3917081789
14315150
16044936
19154824
299831200
477800514
1020184952
3439512040
308679667
624681856
310235546
1890383112
49057844
105115230
189868631
197519821
208747547
240180498
253213737
296196795
300789811
333935142
398833806
438276406
466355649
492311131
574613709
580037845
592533949
850685436
941607624
1069973798
1080304279
1127815831
1144935463
121284148
1421379786
1424295932
1484476478
1598839014
1638956336
2192926158
2341816844
2826249385
2886644144
2902429903
2942978628
3026140439
3033218170
3338682634
3306970671
21837967
1170332971
2758808340
263320202
63796828
2603023009
2467518432
3204680992
3032768741
104173075
562779334
3506883929
23317826
23750411
251180291
3177594838
461979656
3727146857
70691297
175714954
198150855
187024544
936556926
1239565723
1070710692
3240385810
175701310
2976227777
2258198521
2181901141
2928092409
320220849
262771101
297325085
2196023400
2962245094
409533042
2253345524
269729359
577382223
252505606
611787297
887020256
2906353971
3100641119
275033412
2337057036
3696384975
1692467538
81628927
126905348
193591932
559958360
134838214
13581702
1408341811
20646711
36329597
206717989
301026859
607355331
773569561
2480168240
370809101
2562644263
2369839608
51449604
467328523
375796393
3662007568
3431376389
258345629
851371458
585190124
344361644
2833526290
3710692696
2190657246
1728894613
1354814156
57920203
1376492058
286164866
918734696
1009007550
1264570717
376477766
568454935
961069178
2349940394
2324643316
2334865806
178594230
2386938050
545870638
40232833
2549550181
1922758250
2651793493
2316060050
1872504798
1260442741
933347119
387306271
1710628081
179004242
105246662
2771685434
290708516
482462627
2886990785
1615237782
2285037488
593457068
396098728
746967961
2808672989
224273474
1613188100
3346458269
3124120005
42113604
126905441
3353383450
243229113
2801913282
24967029
3363973401
2613778076
2578706785
356979434
176779182
78319491
86037380
1355358098
198439337
474162487
314786824
145653919
432299780
206217422
3422437065
1976143068
3308508502
3425012812
3424858539
276611757
100540710
1106069527
2364531150
391694893
3034980881
3258131078
27454144
1369868204
353102404
603861354
250142951
341844072
607742032
125754194
416996739
1536791610
3221442469
3013693201
591948005
244156764
1083525637
317946826
2905682416
405638184
1901897035
554551044
623290235
245947131
600091311
548686483
1055071081
197493438
2458559689
