11856142
17622474
2524149753
215099628
1109480894
37918511
409250653
430235090
1316574151
117775964
1260551658
37677496
594750433
41178473
26103960
197423425
95740980
714891474
75797367
14534827
19343547
142896252
62834013
16393860
402888514
183345596
109257354
92183278
249348169
77920769
30927826
165204211
110004599
398105054
39279393
48075643
1411023120
222164515
473385747
2413938919
2421073909
282245814
60622883
389551062
24578794
3154290122
59316702
2957722160
454995859
2650351980
330251596
60568861
316509947
431717755
76323247
321536046
632317734
14751476
400066174
1065889440
23084207
84284298
151501958
9568772
6797952
79650714
1578381054
113157230
28195764
442319975
42570063
265597298
2894221634
1161102342
398284671
828025928
49518781
2909720250
62633657
14620703
376239603
94215105
200090056
391855271
199640036
14165170
34681960
16670996
326113058
41103933
33388399
100860790
230014404
183665035
46460771
2848198431
28178127
19417492
30864583
16742053
86364947
1389083366
42809339
42352386
16002085
50715793
356564509
2984742158
979139815
1100859421
1179383574
2372268415
19287037
18022037
17623773
18361319
258850836
204803220
37945091
26755480
1058408514
257019844
183749799
15281391
92355404
116550147
294151983
1728882062
1140453018
58378564
16981339
69324201
133048642
2371058245
17136568
334172166
27160295
95458088
20622592
305097344
21437682
35373988
1900708207
5856182
18931556
23365046
270453567
1148935274
54000196
167140833
19775788
14204663
19711538
282617736
77299847
19358633
63691059
15859333
351662373
403453916
79292795
125943165
2375924870
17675072
51837382
246971783
23361712
1972898293
2551336675
872052960
24657356
19062153
19070315
12926172
213724443
74820061
16072058
224406744
21316253
393885518
9944552
426509366
11478792
184136149
9403832
59331128
59676104
21612122
12272322
136300373
259323371
2508019278
137466464
1926698492
63143452
90727158
465922900
1342956066
2793105022
142130142
16400258
47387039
386075930
24335974
1698582715
28350310
2479226604
346304908
491936327
712030506
25668050
1951861430
90748205
887183276
382728892
741520723
66486777
2346545028
1623424387
874964065
526186791
16708655
45114987
115643685
50303152
413448697
342957470
69890262
73411939
23200125
38476367
54616608
394060363
3140555962
169021842
52376275
61197041
2156393756
287734881
127896978
183030408
102278432
254235974
2844510786
17523060
20242340
444251529
68911475
189376144
38271276
23839835
25946632
338761256
15286685
15275677
21005767
268476335
63596057
135096804
292931596
127884040
33647344
17664673
105163813
91426605
248359854
1398333990
369538173
108964710
14329880
222180430
161729533
94529866
14848968
78497611
64923550
2325542232
84571957
628256088
1395149942
14717197
13393052
13493302
17171111
252104045
549516077
216003160
125453969
235593686
523054177
510499013
92719494
50295156
15774741
297085579
3309139420
68377720
57912620
18720918
19834221
6307572
19976630
2513533184
84364416
2706362354
183279521
2844984405
1978155560
1412275207
247206957
26757305
101848693
2382611311
50523522
16641916
37281592
15950086
29054836
12263542
2786159164
300497193
5371532
136797962
72260786
382301115
626345722
129295928
2151618144
962085350
128874159
20246842
44401911
193419784
20145734
305224217
23642217
16319022
136550204
328484686
133869787
65127277
927783252
607194817
352595592
80024060
579815204
2650554343
296385161
3014711811
2425261800
1292292907
25984086
147728180
3390650061
2151151992
199492223
7508402
27691437
77613385
92376011
61589827
43105334
14378113
17997789
88789814
991745802
937071079
863527548
712767574
1403901656
352673744
3729928499
525657343
2164872511
33001141
104146203
64657863
1424227328
335207117
462747348
334926329
250038860
1026776906
424083365
461294085
581351672
340649350
57411021
8383592
15865878
14606079
30050899
19034656
14335586
199400127
1642858368
89094168
331215435
437795197
218718269
195464707
135999692
169974430
16164636
21768343
394683226
59159771
15220768
33999013
453319164
131605984
2485848050
1084678801
21802625
249758564
107138104
377976301
14886375
60900794
2220183580
413187724
1622604644
88953269
72732934
182438498
1694362759
116729780
1192644307
239767060
233978509
634496564
1326653898
1953986233
59936143
161813561
78240297
66172538
265967674
621185967
19383099
217304598
117244757
324570399
212454830
36974383
466570544
860595301
114345927
1057127906
499603787
1797991
17698956
36361027
1978314900
497878291
52090363
33338729
17813980
617381538
1343795653
45947527
43081691
1121989255
33980532
29300726
35770843
269399083
108021761
283807534
35559570
2875626969
82398088
180209133
2874581949
515846101
247404780
18452614
80877566
22131705
48132847
19785281
167518667
407345942
54131391
70696481
337928690
234409558
30638897
190558045
110302086
50619721
383207452
87532425
382129509
174256096
23095461
398882157
2797483224
246220733
397041712
454015086
855039499
21570308
63222576
544126975
1861751828
1015241814
1327359720
44358989
587066889
2409287419
138799178
55971034
41533816
250185905
107420944
2359203647
1106482400
2207332064
235084558
561441123
191386707
20840441
43317911
1400804851
1026557192
507688852
26335199
214758555
215938090
167487502
990802033
93540572
3234472723
90407341
294099751
160983113
30043148
898301664
2990025274
27212395
20611338
1376840120
64280784
21164079
249469549
22396478
26924814
28185903
287650504
437019753
21114659
312266530
155924984
21643972
22947474
423769635
198700618
54861548
18267548
78400205
44706837
128195806
199317536
33621469
21425858
330565637
74130577
239026022
21856182
17837051
138182116
110974198
14276189
163538563
382685028
24443284
233704756
37718217
612071247
18720978
382232114
2485664089
14289197
258157507
20760831
1702134540
460163041
18802895
79231168
353225544
460966881
19541556
19546277
25053299
462605080
205789121
16184358
15764136
164304654
101002059
334217161
1861014648
319268829
83567424
70778344
353737617
2915841029
2193499645
3046129881
16364684
16926550
14980721
1647573157
340961193
198118653
7847192
121171958
305073570
26512594
316348903
88035633
270415274
3294086038
197896501
57085530
57268394
27869848
350958562
2495875008
348345136
19654407
36058478
233998905
40057701
98909375
3127685376
790546093
970749338
322508230
61191571
15247916
343937785
2914032941
29918711
40129171
2375260614
997040168
15731751
943510860
439437576
1570984657
2744844034
47739450
961132338
286654612
25163231
273540698
71627462
16491569
26538229
123663235
14073022
47583917
22812734
12588712
246459126
564673621
18571616
60024268
151998296
104237736
182876615
352419634
14412844
74987950
12794362
143949701
59486068
288980311
103116060
42857269
274525432
129822171
917421961
267523313
171969696
17124559
14115408
18719020
18378349
22522178
934646760
271970590
210897434
292382053
51752944
53114618
53326942
106465257
863578076
39312508
1183621296
1479999943
2252090803
44918069
16273985
27915105
42901319
279642533
2751594014
10168082
232437461
337262250
574691223
348480883
224400256
338797184
540141486
262872637
361486440
116763916
14135346
99349334
35810531
21778391
1880682144
74051281
26748158
26574283
19898168
16955870
109277084
168295477
55355654
355204428
16017475
16686673
17086475
61083476
49697450
148529707
73416019
38507478
297067961
217284148
36047098
236526490
289390002
60693203
551504810
368751986
496997835
616964026
87711816
54311364
17469492
252531143
39564433
47455112
2335586828
3044930896
17243582
204004194
15659909
18991439
32359921
102700680
25390350
83466368
65322179
19811190
1566383408
1002351
474065017
21810329
289462808
116439719
142830500
2420936184
131279159
2208111308
39417511
126411852
6730222
156016878
287309941
17142046
31107562
16399949
32493647
8496762
42981000
23116875
3346655811
410070653
241709263
421097800
87271106
1472738604
10778572
19224439
583938358
49753604
25709609
39879120
455309376
617812352
451735273
1347071545
14802885
384445331
208155240
119372054
114782468
20058825
1480749782
78988034
41795707
1883024846
716589799
2904896141
18276341
465965880
1688853116
16636104
2512599122
46671396
65466158
13565472
21768766
140293259
3377444573
1285648813
291690583
1360391454
108360875
2820447172
460002683
21312469
539421221
14062180
21918310
25564548
23112236
190978412
564596129
2882807331
29448734
487118986
394741838
327484803
512682998
87775422
6577642
7309052
14173315
15754281
16042794
16664681
15675138
2884771
15012486
14677919
428333
57741304
32357365
3056977894
188736341
28134618
91478624
2097571
1877831
14293310
5402612
742143
2347049341
332617373
348659640
3028844602
999199824
410030593
55640472
12804312
9636632
80678758
92281665
118886100
95204831
2966287858
29956924
14437914
2932460195
133356125
1647770430
1296554826
38498866
2701550048
327577091
519921708
18622869
168760005
546068444
19527964
430421961
24050278
20150502
1305556297
19981036
20770862
21332200
151106990
272019676
380648579
1652541
759251
234767974
217616314
27638312
14662354
8736882
87818409
82689705
35773039
2467791
5392522
28137737
16334857
28139873
28162128
3108351
807095
57675435
227682918
35002876
755266398
34904355
15861355
110541296
120176950
113420831
15101714
125375550
18938646
14659030
304909941
30313925
25098482
222666657
21417687
507444868
17093617
627740109
369680637
296432876
240734060
29766510
