1201253844
389434876
17177897
119049214
1933558350
5120691
9609632
2960152143
20729766
15300222
25325260
48110818
360745274
3289215759
389121671
17463923
1673573035
1965073513
1266731634
343409610
233364902
17899109
248568868
72843097
16042794
16973333
44853190
551426814
42640594
150633655
26077026
41822696
116763916
66682604
37963496
1045545524
86626845
455024343
15587500
299273962
2929301619
462021312
24587389
20629893
15862891
28160998
32463503
18208763
252794509
83440337
333732170
2550149892
2591058223
426909329
38630618
14159148
14700316
100601004
17469492
1562935142
21581503
2596297298
1489776218
16664681
5988062
2467791
486997945
5402612
14293310
3108351
42501345
23937508
6107422
87818409
14499829
17004618
2596163306
33933259
41602160
1769551
51241574
28785486
146569971
25562183
13787352
44783853
42651647
17918663
11856422
69329527
621543
76780096
2375597690
50265238
2375562552
2377367690
2375643853
155844883
2309998390
2214406417
2190933757
2188272704
1875568146
344287148
267771866
1277614400
52778770
264121073
82612443
492240463
14755475
15781769
21403223
282169972
197820983
157934493
337719507
6705042
296518559
152995595
53898393
180720782
144626914
19177501
27648752
15180315
14055301
34889448
85555796
41380057
18045120
19837528
57579512
14282672
19658936
53039176
15134240
28356476
