177729631
1237502864
208988759
158198443
4103513639
2467226497
19658826
296644509
487833518
3139177656
2678236062
370101469
66964327
562817107
267185764
15496407
2802558480
998407880
547826546
760065560
318053222
2557915058
1676175931
176089416
538202446
10481732
47983577
196877476
380816062
12286942
16629477
490056323
212507668
91951516
43848067
230944453
495517322
19668775
16939942
59257007
388345704
937783134
320210499
31936449
1382326706
320268880
561297215
493533362
256793538
40870398
138866665
575932743
864294511
575655913
14441838
635123740
46300208
212299083
52010875
39282190
768562657
45373841
1097361890
1286506417
325126593
314758565
147149131
228586748
543876839
1192841532
17047208
713648564
271645211
11183312
183548902
32387946
19843630
14324284
33249457
49270737
813286
34222024
130241862
115039678
29726578
17449143
18198832
15862891
22353109
297251552
32372834
32331234
20750406
15154811
100068931
15143478
19416598
