2377367690
39522692
34222024
260685403
3416035636
547834727
21572529
279732847
3061255931
2993994029
258847118
16649758
2240666253
854581958
144972081
1080753187
2233090550
264399952
12819112
250137376
608557798
15601423
3093874876
262365030
43348496
20678126
32372834
28567809
38530021
19837528
18499709
74724779
20187065
2980458689
44418062
111305843
88089955
884803158
86626845
212299083
33998183
174740894
146569971
141947171
135989360
223605846
23575322
342710270
290172750
14647570
206255645
26748889
16892009
25562183
621543
21581503
378740424
208120290
19658936
15134240
14499829
65134016
27013292
38489678
16949344
25950355
71210524
397912882
407068486
487833518
87715935
407737796
412933559
407730106
199226563
347276297
407624682
246348124
36066745
107391777
454952766
15862891
26832834
403530978
407644381
407766714
