64293754
14246088
44397881
3290070855
63112528
571202103
2910022539
52197896
18139220
52774812
20776147
16265742
16254381
19468168
531436010
253200966
21280975
40293464
14090948
2517988075
755113
1291770157
29417304
14849562
15141902
16297265
15265641
1943041039
778798705
2535377622
1347285918
15357193
246368722
1896027620
31080039
6877252
409327515
12193642
27082458
225941523
16019108
63262233
22669526
69489370
188793260
2892971
253377047
23543520
14128974
198412007
153168449
1520501
21566521
56748177
24363945
44558281
865341985
1933161
17583309
19481072
10371822
26423162
2817144818
14559745
1262213666
9744332
312638865
46662081
66464745
1604954443
122208388
47369957
470708968
22197119
1056412284
549579841
254096195
2987671552
25541932
813557436
322043132
44873497
39943742
223547610
330548382
12901712
612582994
596850940
1339809884
411517076
23022687
40908929
3047717838
570290656
2874293494
248747209
2927758254
1604931252
84801794
51546100
57039392
26780968
103130238
15757826
237548529
47720230
2330828906
87165980
2911284075
294442330
2858499696
2172654037
228273494
20708202
615443591
25856281
2422643449
596893898
21328752
2400284491
508227095
500436115
9589252
2447351882
82167518
2543603373
2609775320
49733381
21786618
14266598
247323151
19031521
2364356149
20730021
221961841
38544365
238262547
2350490634
2330712260
126775451
18228898
17494010
254053162
16529278
525866813
234489403
208736091
15764644
389840566
297067961
248735463
82649553
1216823924
11138432
563343220
18495482
512613427
27698202
445857895
18660521
24637188
1342949292
1080844782
1363713913
1090002997
16653349
109287731
944917346
1058717720
1928973356
191538028
33898911
29424701
38228095
20815668
261898816
16222904
11026952
234374703
14870670
19362341
19539314
340613443
15661871
19725644
37710752
17093617
175378976
21689701
218142599
28113052
14717197
25778474
24268862
376986022
15689503
46237451
21351460
1604366701
11388132
18983404
46479416
476256944
46484304
112762230
831846590
63247244
261106396
45383269
16303106
139162440
47285504
338084918
18159470
19636959
627799297
475988505
621531567
33276161
1963116914
15670515
6708952
369505837
18889548
25854619
20778012
19058681
569308618
22831423
213618698
757303975
19258235
308504260
47402168
33600887
206721200
1634177714
7429102
15446551
18706664
10938
18907022
10419
8622212
155653712
19726613
21542518
69641276
26726349
35177495
12354832
15675138
22084427
14412533
22744842
18909534
14007532
813286
45249172
59311173
52701087
598485641
879161563
19865528
62423890
111456333
299186893
145677326
15711095
92079350
18028893
1404590618
32308393
143543242
15978412
14980820
246923540
1246494763
26540417
92367751
6587402
1007541319
20641995
335555839
163486896
25535595
19089165
82939583
110827653
17291452
18084775
487618293
14464766
142368496
754556
54203210
44177383
15554163
14949858
36934767
547142960
476193064
56828100
43638469
21419847
58598187
5392522
59541948
248900032
388555493
22093615
455390561
296533679
18742394
14246001
23845853
19824430
487412249
43891668
13590162
188000721
257242329
43910797
80366372
16002085
16517217
142675822
1337271
20002475
58524428
297670919
432932738
18128725
267915933
139909832
26657119
41017380
246088673
16721061
16046730
14412888
21403204
16467789
37303498
19380829
15808765
257102158
7219
1615463502
121626258
506652594
19697415
33235771
20196258
90484508
110509537
139823781
66263785
202415747
29330030
53429839
23839835
75974281
254218516
37982492
495463485
14847633
820585
16827333
17427587
534675241
531627880
187785224
16442365
30000912
20153725
51426896
23521677
22503430
17351666
135060958
102480261
378117390
18215973
20861943
928481
20800328
18924291
22407421
17814938
355906128
29450962
15956067
7764332
9507342
18510860
55355654
15220768
21879831
15862440
29516310
437019753
188019606
509726800
15369355
18174520
313091751
1023020557
88784440
29201047
1129029661
234141596
18906561
1470546726
30098259
9780452
1339835893
7591572
1485928500
22166136
17220934
16006592
16940925
68558476
253208526
15519766
93876666
1286526630
4383271
62665933
42975222
31333373
185757755
21130854
205711807
59527505
27024870
14695133
316095133
46213956
12244082
30490986
20832374
792696450
17934812
64857643
380268462
67378554
90429166
48073135
194233791
240852602
20556015
373986281
405090964
22491937
78930261
66715629
16227765
14745059
125547081
164389929
23717572
31058145
183367295
216854549
1074096654
18852393
61346752
119010935
7764652
135173872
170374076
15441965
15458181
622088636
1286312880
66379182
61015700
46731542
8241232
49698134
224320485
297532865
87333533
93963456
16085390
249791824
874916178
610922415
21844854
55334133
59031230
15334380
15827269
14499556
91355798
19940085
701725963
156016878
45671898
269314519
250867477
11131302
130945778
11347122
16789970
37291805
109974187
334079075
37011248
15554922
13493302
320983079
188478027
312189104
14251225
77517639
97474887
148529707
342803375
24024778
10922752
27511061
1106501
18622869
293012979
56700964
18983840
14377605
115979444
775142
593286632
21265109
16410940
14930580
16423202
111141045
114547989
114497182
14676022
19572264
386461356
121178112
42660729
14454645
20608910
20109973
41269920
48802719
21220931
25300308
17029679
18077801
79827261
91386979
52070270
20474813
93736499
27965296
19610051
107120201
33972882
18227519
17291393
158426909
48802204
4207961
21619519
70771229
21228708
54208274
11762572
23080711
18587457
17223014
42389136
18766459
19268706
21862217
44134773
254117355
97503010
238259855
409456907
295899118
205864193
75052666
182503471
91180720
69193833
314185810
52437996
111389021
153140346
614441689
16228479
341251022
91478624
330592913
364423298
197536380
436913317
16017475
11856482
342072272
482474788
16666806
1877831
14138785
28134618
18767649
10080132
156651229
64643056
34262462
1994321
380648579
16675569
14765253
14569869
14499829
18531639
14856951
59157393
430250670
38630618
36339766
40839292
119360445
23588075
60627728
61193131
21225519
23189508
17028306
14893712
2097571
23677312
19706851
85289376
14361155
14700316
16153562
3459051
20609518
33933259
14159148
19394188
62442994
36042554
30313925
14224719
113420831
19674502
131574396
9624742
266991549
490126636
15234407
11348282
612473
14677919
69181624
34713362
2467791
4970411
15012486
15224867
51241574
5988062
28785486
14293310
428333
1367531
5402612
742143
86141342
759251
807095
14857525
2884771
58911156
475286355
377949581
29764993
35646585
343240099
1652541
52419540
89820928
27939638
284991184
277165873
205887871
123635625
14061849
28717107
19534873
23055689
87416722
114617430
1025521
17746914
47991586
210862000
21027715
163995093
49620730
24464743
20776497
29366567
280519809
14173315
14606079
21111896
3108351
218289790
182142894
193537965
22695548
50325797
6017542
8090172
47438401
15959560
15994060
6246732
21517540
20402945
48335027
21384333
15174798
16129920
8054842
8036392
7744592
8839632
11856892
11856932
11856032
11856422
11856532
11855772
11856442
11856592
11856142
11856342
11856372
11857072
