1117313910
1553393953
439380975
164412502
14437914
18245639
29732063
4171402514
373156225
125383306
4169882413
1614238466
193869900
3016049684
296623811
299384020
42782695
437030761
3194678984
514011820
1536791610
280334933
3257951894
15418817
339456686
1323663067
2345767754
242052370
574772067
386074486
150722613
123417995
786118628
2334267420
33093405
269483469
619708644
233793003
602978507
302272670
297205815
737158567
38936629
541733305
160970765
16160352
148430991
870043220
835929792
2977019564
493581434
867090272
169393263
50210792
2317524498
3016165023
2994068293
31456546
212123251
23620660
264910796
52979280
62887462
21316042
148779151
1206103616
208755112
974325452
1764205861
21207027
244321682
185802351
2890115761
535789798
47274360
898584936
148457466
1688411022
265798293
33288015
222486472
1468571624
79602196
750040232
343101407
596984609
261943375
55990685
104323639
632367950
126354972
392517175
2859411483
193867537
273231966
59504346
393171966
411189756
44549349
260013244
258778432
101574643
93267951
393170969
332286545
59962307
20489344
605660898
27382421
456267051
1860831901
377667498
808060747
1613474262
359723135
576560629
185022192
331869016
17830029
144695978
543787093
828456884
70772966
1393688335
259316646
773827812
315492176
776944272
16990858
289552805
392948317
295138092
231665343
1463922062
239944105
324611889
312178940
358359980
145707927
321506481
2529057931
426851990
2422235436
519894069
2837643903
164162091
2273807393
261929028
130690952
199798702
280775103
18419307
255731724
31575905
58834517
81270312
529158764
325970418
176632447
2452019413
243011767
184263187
231969495
331784912
172093539
181731084
49845781
1132870128
2300844996
2858825282
360208539
2860823378
593900171
360395545
372439099
1581770858
169750185
530906636
152242881
2179475466
2732150336
332605906
2863914872
276147916
164745153
597128230
143257019
1169203836
185046615
1049053950
477322540
21355106
2347332236
61121556
2830535800
230048466
30502028
112058307
466100765
318143640
41409807
228178028
61047757
157871018
59980718
384568045
1472322175
2460748231
41967329
208204962
1206132546
186963614
554788932
46045435
169367191
228825349
314983935
483136033
189567180
251215425
420627962
385785061
2184908071
374845925
310927237
48618562
144389153
37844028
334481614
89333571
172802441
240819595
379986935
196870339
386296056
356289317
103375028
263968641
346308751
93982269
232608679
168210458
155580901
141668582
606306466
233058215
251950387
917103408
475416689
275177684
387679779
2222022738
434617674
51798250
348793770
75073714
345075080
607904743
454627084
1024604154
2775397766
2346263454
76652672
632056703
184517390
1849303609
221510289
28496774
442322192
453441791
16161563
29891339
372096799
908274967
1096466312
44839846
30576832
355940561
61637797
250961649
383324784
36820943
101960616
467008230
192721818
360707123
284313779
1031385841
54433406
563085032
371341499
365849604
777057961
309881459
25177249
314246720
27448952
275302109
133077361
338560142
320140594
240797113
320374970
1011878672
2714808353
1671622441
312876816
372046132
114363785
362005016
137534295
74031785
53481818
25637469
1076722920
2329586508
366819493
35907764
102738790
2198775223
16856730
157066213
383298147
350678261
2610695864
2236701954
27484509
480753907
402985461
321768305
353873371
166190532
2177122518
2231007864
24052602
324144218
312782568
2367916296
2735051981
73012669
51574968
135004020
808157772
769728823
524927071
2581531561
347341087
848542382
1170707082
592278926
262677985
235867893
621547186
341302226
495606967
322169651
196274873
274258802
26946095
45987853
163957507
981553506
395579737
2432870412
209865267
432296422
275593434
69020729
2646107191
23105307
62888867
341045143
24201493
243236975
76084220
105155118
93722720
1117027363
23507842
56702869
214986812
550635130
35966135
95346455
21705478
309317193
48017578
250015879
203991783
401124272
181537036
361503037
328735866
109475168
338506795
262405794
427928130
341342503
74302001
31319241
313542550
326579804
176841132
816645943
406601081
559989747
25828023
219740898
1659409027
1468095222
198350223
89288465
223916227
840503930
12815682
17827531
364406226
20891989
392426773
310535008
122188397
27275747
42984742
2733017774
885472194
177645704
2796978633
115446862
2347249628
335142864
378456322
2294628337
582258455
1066754576
87517577
17258210
74832434
53164682
84182459
152080881
117288714
182681925
132303731
411956893
109346200
75077661
169786131
74948825
343358997
187784084
175308390
219207522
871113692
2548603866
72569803
226318039
287829568
285763744
322655538
197200310
186180317
351648062
216855454
357681142
95308257
21882470
216453181
263376116
257001374
69997983
114625663
115064187
37444852
23685905
249513462
369492414
56626827
236926024
289418264
134208542
58015951
385503547
138559847
390243643
137539362
274687698
379401591
387960682
95518559
247538316
207229569
280648207
411986759
407300158
131618740
94225854
9998602
256203380
252914412
67539981
419578125
255559353
374310033
458842653
469408293
401699746
75624389
239992141
462323831
390255135
431982463
243471727
50901761
389815614
250295781
519667403
205428550
509506415
256333510
404195033
344875929
818812243
28413080
393688373
420676150
118926468
326299320
363395107
328719577
193372072
1404005816
1708519752
2314224084
2336756340
2247765384
2305440476
2353438952
1687257132
1832752303
78514771
2384219168
2397215438
2385659659
2319063949
168324287
2372570107
467666569
2320030518
25347327
1152786386
801744416
2167287266
1668822181
550659518
2420557560
2400320804
1607874763
1684533302
478136900
2163584347
473354756
2424129578
437817907
158249492
325650454
108403705
1410502682
2432575915
826175035
18366193
210712524
90721451
520971498
1952881866
2755764715
2732763633
111707045
381669726
2802762402
1730493992
2817711854
816112106
153877429
37664076
449210670
73181245
381131730
22203223
