3173390147
237700394
417804422
166509630
2666046889
1878713515
2158459550
835435902
3431628453
3131025791
2861324512
102700680
2178677510
2386736041
4047582653
25098482
127493929
3313625063
2350787871
3329016669
3645954988
3230913152
2918162871
3045062759
3187596034
2635543957
197450751
219275799
124176132
268376525
2361873631
3356613700
437398630
3537282855
3333462857
47331384
963918698
579169431
193301414
2853329560
46400289
49973923
16661296
575128883
59391832
2276551987
450993362
2731640539
429830634
240401817
395253547
3239165174
3089635492
1449120198
22602800
217498355
148470185
347146152
3378828130
21212356
285103430
224223395
575653352
1596072740
18798997
1153763436
3363835895
518540989
193262409
47344260
615274387
3345174567
2867024187
3156143139
1003583430
35193684
1492807728
3255705280
601129451
42594006
16907525
3257540895
2695500318
2829265331
3064857862
1310060396
757401722
64987959
3099211623
3291519311
2362524072
41358714
326578221
2364212785
122724789
79783264
2543340630
494492638
897359736
378560896
2815036471
109515460
919035620
19590713
24691376
182043397
387562192
2885042988
460073128
745600340
997629601
3163949639
424472952
14304714
1670510527
118690641
291831147
78942172
2583287312
610659001
3246920908
1459210008
1479694620
143629076
125038185
2678236062
217963801
3070959165
848942347
1565839604
27902723
1164104148
2467226497
2583382082
2854666892
16645335
3015892248
950249762
486896027
21887420
42983341
109869148
1911086456
69535060
834928597
146481375
1671299282
14811775
16543454
146082034
67295557
22612619
15066760
18665800
3202007278
35896236
362687208
16319797
191068269
33838201
17006157
2909713155
1963312058
426154706
152392619
17591170
156052545
293799205
308517028
2870654073
359289831
330860720
2894514988
2821239209
38238020
156424934
587830869
2851178843
1623184692
16171018
2385306295
411889287
202247143
2374063662
2587401287
466984899
14813500
544996968
120276125
45205091
14711491
262652556
279144084
66998204
23357735
473089502
3115678678
222416197
67339136
147924806
17895673
15917429
1489776218
1441142726
381154948
26710622
69666615
15126599
382991619
53091096
25488451
20711361
1427627245
88661980
34909048
1969221697
2150777605
434173247
136246404
16883794
2480103232
227855273
226041293
19063323
2229735288
83987145
53020453
28611038
15018004
3062275577
2414788774
32509377
2524594183
1074742087
1286506417
63538464
79760480
3062479852
2210857693
843667993
412305535
3042369459
65937473
81812518
275690183
2963830033
1361761440
28421689
259568572
982403605
856471832
54571974
17251787
3004697561
2881228293
3072522107
543319730
558148770
42112994
2150041849
21307096
17818353
131186714
2837964927
354188531
119073765
326057985
2445807229
44363615
938350616
2238934159
27033505
104849271
413558202
2673713192
305029403
100855388
117785867
111316874
242334946
124757874
972355081
93903950
119049214
2542132494
1545520566
562817107
2848259962
142981992
466331650
81114859
1103558480
211976784
274329145
586457114
2509793780
195938223
935107124
259725229
275028829
149449715
2545598148
1291215752
2545960346
2628704402
425227965
217569830
1310260495
882243450
2647214570
107986772
253032685
2172643309
2515365892
2894699447
72322983
407625032
130269978
43365508
41596136
480604926
19412366
14991920
7614292
10716292
19837036
41806795
2326120952
20198534
94647303
2912599991
213429445
815177160
2433380310
2298806846
1188675894
1111686978
309578890
138388299
54850249
588993666
14360757
71256932
485109912
513570403
775286364
32288622
2176183995
2601708656
338324005
2563681808
2968495918
1157027197
488363645
481943972
16172894
814775408
2515585057
2653767434
17229809
503140911
21108916
38681183
110665127
2338203704
411076507
112720863
64360105
2356424594
1497861619
2328909229
110405142
245888947
31936449
405033226
2939002115
110432741
46959037
101712079
464159257
2294270095
463414713
23053534
365581206
890617436
369468391
2596457474
124690469
2666022360
2393118097
785588682
21762195
1860186864
1431502866
388338896
237088996
1405149102
258581867
476238744
1060997204
374378875
441052871
1317142405
2149191660
1685620472
1961169548
2846434799
485737348
613299239
15994125
2841051881
217092550
585214503
2980949159
802289671
2816535234
525264369
359420254
141250669
1527747720
1645239654
180314037
5120691
380602156
41683247
138706979
78638438
23084261
202806809
18045594
11945992
10869022
21200255
19645534
474887690
377468269
133284533
1204681459
6132712
241597688
44101800
479856619
14773239
38683025
1920215137
48715988
35591341
229405449
334542373
385917428
461912320
441768999
142229981
34720331
186312973
1542533869
135080804
914073571
1193020165
2532446652
17165711
20631142
100468942
350341283
20177436
141140482
255975977
222931187
2830674367
350040640
5056421
76956266
389229444
282012623
1522181906
2792765694
276224538
541413971
786660433
1257280639
366071116
1431032234
934292149
261946781
481121978
612420385
1364734776
2438824897
60182202
1712015856
1601363694
2162603798
200497795
577358412
999470034
425659286
88974843
113049430
394667684
43199901
835828592
267336759
273312435
349071237
35846368
2911042761
551426814
262534523
22937176
70922877
2441831348
1209234764
553674118
15353686
336509829
1204101558
229903000
1072096782
704790487
1124837768
163066476
2617792110
227361142
17047208
2898555751
2774271739
2895365501
254567503
45547991
44099451
109324482
15110431
158198443
804142741
238132345
531231015
2650999212
277427392
525555679
308663859
463152537
17896874
1104763074
20054581
2375288959
1525048182
2843547347
2875077772
2238233438
2688123266
2230080559
760065560
263407300
2435619949
1554555565
329714473
578653038
363599763
2291347014
136325501
18514964
14224719
20543416
348974190
6467332
36329597
506091611
416176154
215939224
1197805298
22419487
2842686413
43097381
223919669
991539390
1074043914
759459703
97410697
558610612
179946346
107689659
1875270031
112572360
478949372
330114517
1951457671
59780450
810577974
102323621
1330457336
457522200
2562724922
297649960
2557915058
17471979
2419710651
91455335
20038221
2800364413
2487853952
37409635
896929038
35773039
14677919
223442374
82689705
32357365
59486068
32359921
4898091
90155353
2689782769
2153468929
478844871
526179148
288185586
246396292
271350212
443576117
2699097006
15994087
20427585
15102849
388247475
92839860
121775375
2217874898
65341621
16240525
179522150
205166789
384182912
498797487
77740842
113013037
479661997
17939037
1654902145
70725281
121477996
227264918
56341402
54641489
2385187231
125428652
338920909
2327411005
186780811
300488077
151806745
108547556
1145138713
53933319
586369903
1092318758
304376694
435658228
21079277
18244354
239904861
127568547
22784635
24891315
85355748
349714440
32588979
1530953521
789634196
18023887
23985796
399380884
373924746
300339564
295697659
324966980
17441447
15318242
807095
239885144
1707427058
308151547
187909268
587567285
86626845
384388286
18141016
18169053
29312780
2412822440
17366486
34781412
17872898
52488565
928219752
374535316
69412213
167344221
1052734094
234947344
370808273
1728408043
15625377
70100659
132291445
23811131
29782223
38213768
53184098
14803372
1930241762
334738865
292830560
20457080
577106286
1891806212
1585293228
19344270
14953097
93655345
273910434
338407260
334048260
79313210
17835445
17045060
95023423
1241258612
769228412
2172849783
1546060806
628765360
88425861
15164565
18618367
71873770
123239496
72843097
22800299
19290942
19767193
26727655
160490784
13496142
206936115
14732889
119741385
169516368
177524501
536796489
67691067
45313786
10933732
544788276
419682786
1408360915
49279876
51837775
52044744
1229638309
1552637701
371148421
1023072078
96559370
66682604
1307614093
60959527
87410067
468652016
2556861044
494041400
106117335
2462993672
2727515835
23050415
1534353468
216080074
1625689764
136733323
346740364
121171958
473863406
145637907
273935884
19393236
36320714
14834878
185967750
249714056
278973804
2343811129
217616314
404177090
35307491
257396212
1417895004
74688411
19396413
207519735
17632266
9972662
100222913
932101326
1532764717
323464697
45399329
928576272
332803704
27158603
75246967
1580187428
1444000188
2611567441
317750991
1261563098
351699614
253742656
18957805
274522566
16343974
409576747
514178558
46067141
504299333
1476647900
1192934509
57280159
164304654
2447118836
1147686728
539190015
1430018688
419514295
218483473
1280414587
16517711
2194696542
410605574
1207654748
18448883
16326343
1285894094
567275226
413177128
1605490776
2269281144
1136678430
105242077
23426889
14282672
176089416
171314974
2532315008
17623957
93826808
46145761
543700209
93836518
93827669
433254945
203439395
37595334
288299701
637087464
1524591080
264325135
2199511154
176932593
338660808
15458277
9233092
91131784
248204256
1889774671
1324333908
2537172696
2382053336
260211154
224704392
15808647
2272408254
1863848353
302597866
251456768
259772777
196877476
331487922
112696327
1217132137
329441556
64319270
613476702
491363452
2554819800
33931483
918851376
56819914
111416652
236526490
36725639
440985828
48672881
164279598
295750001
390287262
423369901
229510134
2335560870
17437735
27295244
61008852
1112553272
225198567
135572790
302638470
1205345400
2174188579
273956196
988467944
169934676
1345385060
2541053960
273405670
46947488
1178263592
18676177
245277057
911288336
423420150
1627741537
1632913393
16150688
1058716752
23602600
2385532513
361302333
76963627
160942846
185759091
96104097
14569869
2530260572
752906526
449646757
92945251
18241502
480485401
263579630
1484700618
526228460
505829721
1570281912
608974232
249748020
208120290
116716199
1877831
78209491
564875577
15496407
14962567
1445781955
1949742427
394695882
263695739
33924841
1603796952
2364277050
577132453
1050334386
517885104
239776804
2375074322
36066745
117064408
222215674
256118762
32361431
2189833509
390606852
934717466
561014615
21197261
95924012
556178124
1589376188
26993786
413849446
274030199
2329088569
397355151
580920374
230025585
108390812
467639949
2286593805
2200936297
806133
418989493
20361904
314758565
192818112
978189811
501849385
712346412
454977993
93494670
73870184
34010976
28436760
96532455
142713268
35961145
56488059
20815041
22272053
17226612
5383942
62465691
19541922
8161232
19401276
27204101
250341023
92249193
311900239
2288027320
2383539098
19843630
2342928961
19834221
29754042
111034886
6307572
873259304
1303571503
2293415520
2414789502
59080726
21295141
1725085830
48787628
16557472
19180118
394542283
21956623
331550951
518891781
702649578
552122529
376096843
23975060
1337088510
299331179
2190743761
1603721485
897353796
11178902
173992307
21126842
40252336
86740234
1145604205
25087909
18887526
18668407
2358382820
23032536
107724856
853111176
1533654151
138100407
500073135
20332679
49788537
631147816
78058480
78593378
89962372
41781185
317422543
105075809
1241433806
901709474
25259859
132218380
43323244
8683242
41337901
21298320
20782128
21661279
8223872
26012202
15446126
226607597
1250353850
5715682
1129361750
325642640
21434307
248965136
79299249
1582853809
40914713
296644509
36335047
24706309
554491879
256452690
390159434
2347646468
436518985
564171624
172399460
271004511
1415665068
1030721696
96791210
198151775
526498060
301950998
233939179
98316649
42889753
632111815
531855475
1549072812
187472241
312028258
182530815
2315551122
1660468830
72403003
2363058131
93623737
609360961
701891503
259316918
426509775
333408004
2332320498
376819013
24150634
613378164
62499092
109241118
157981564
1379662802
40234732
36636504
132475754
170301905
1753231974
34951885
786764
28912478
19657855
276643081
15028704
27874383
95245460
28309816
30767393
631232364
1354017764
257222965
89208349
2248909892
24799500
28158136
563012094
1227225421
1962730376
30198750
309694790
860456383
470118781
37732219
2202538285
1329382418
103865085
1000227607
21436960
22139698
17384099
92607192
179036742
83584512
11348282
26230231
79790137
216739115
16245822
48799978
19658826
32624460
204279080
1198316083
1036853094
1111363350
2222188166
320268880
275020671
103065157
14700117
8236062
44225733
147989108
784942741
65910646
1017791118
420574055
166978166
1968860750
132488147
18045120
25269712
14243046
10215212
96088247
37963496
478491097
20520810
20429156
85555796
224557597
1557315432
1598644159
55190298
108597883
289432603
52731868
2256510865
15270961
191381171
92512982
108932245
297091396
582615674
897383551
57333022
34302911
31932788
34267043
206661388
18608758
297719472
16640235
888287802
20862478
1164158197
221737138
971713495
302112861
74705393
60849710
198540927
121387163
60849989
54231351
18076239
60419108
21386695
177153741
16298447
17844854
394563746
117760111
66670429
2239990084
103231845
187102397
580009041
477169252
1249356834
551924657
249206356
19255050
19719076
13201312
1928010829
507217946
392791078
539894768
106729035
200634860
1093898204
348385397
495517322
554367281
914722628
17054817
19242105
245352644
211492059
73369097
50645351
1086485478
153629442
1675352647
1571270053
189474615
837693559
19534829
1120098811
250137376
439281831
183548902
601049541
108012012
70647906
16434273
442847698
19655985
596471799
35440098
57346365
35192265
1691977543
20675960
817500956
114998924
515544489
1648053337
42848722
121710887
110946158
1545314329
141166682
1178547776
278702886
304338078
103240035
198439240
143381493
400114637
143792208
183518631
93616231
45585546
442728468
40281983
344005929
1678740356
1929961664
465562896
353607508
146978606
891433392
223142841
1638141979
161243998
1381484306
1685908440
14892799
17369110
253491400
101713038
256924293
248795646
5695032
5694822
39585367
18036441
618135473
15460048
19297761
269043415
27834920
29234911
14085070
398231286
85788285
43848067
77829137
19668775
455639423
32331234
307913949
263610162
1894991600
632538212
227683706
1513221576
1057415456
226691837
124991617
42622744
33249457
15962096
1100752052
550448704
1230572004
2211211081
27001119
575655913
221147712
15502647
424326760
22607744
14717573
82985064
1361902236
227487898
132454365
768562657
230944453
1016026340
39282190
18499709
59257007
63676369
580269594
1676175931
488271426
1545546103
15134240
455630571
393550078
17292623
53998638
14592723
1030891393
1671296839
543531438
1216594512
20531146
19780648
417981111
144959113
1261011193
54483035
61775988
23484629
897684764
569921322
468239203
1685599525
23459740
785817492
12819112
386682375
110675211
1849230415
55656093
18834709
17544803
14123751
135441822
1124581568
21744554
258847118
486788669
15755223
413218333
140118545
439239153
130579391
253209216
187805917
56708262
26380564
300725480
1114598990
1376785118
367359605
16017475
35733490
20238728
20251417
1599442273
601697103
348376747
75035157
50277194
324896218
28434229
265999295
15245706
15282064
308487814
162981867
194559042
156424330
14617444
39468266
205195655
325719227
44203296
82761528
20582168
55351494
1235031679
132201480
1415907378
230417895
108590751
105322066
415726937
245307528
297985024
242333359
407068486
135448561
78037899
110751834
412933559
22152147
469273687
93825059
204832963
128160000
86909428
93828489
1093776547
748916227
22256645
18198832
96102210
75304043
14475268
19863141
448813743
217906829
93827210
227381143
507499751
376098679
832908278
208956347
265985043
168628638
194192238
111331599
423412908
322654398
309117744
36396343
196775760
320182721
413054627
418655072
281260015
516474781
534249865
267708331
111305843
1241278741
20141923
140537816
518661797
346156753
90364910
410108435
223560830
56593116
64688299
225845255
19416598
130241862
318053222
339213186
14497972
17487733
527526077
338696712
159413987
576285712
130792364
100068931
25950355
245726756
1524781
310310316
621543
453495437
831006722
32136778
193232854
389520612
127305588
199604127
1459892268
978825445
122358336
821883474
33482338
87997689
14738561
348061274
16949344
1376893698
488386787
7973282
47999622
14499829
381410598
182942957
17899109
22907292
202211958
1330213843
531817241
300739105
420250644
856026204
82566091
110394456
487833518
307771202
859363664
115351863
115039678
110487022
127910801
21754354
213346016
67003972
58507073
212299083
45373841
56564230
137836269
1230460638
19238548
366037745
16646529
385379989
380816062
88245882
49119570
245682624
202540646
213024961
96779362
46342393
71210524
23184591
241191056
306710043
18477428
212673004
89168573
21414364
49832877
20750406
65134016
44418062
27013292
398614104
110982175
58503138
745937246
210672830
472334104
15931739
397202905
82853372
124237063
46686058
50393960
110970149
79982424
194080489
202132760
199625560
15748390
78320799
38261122
187849417
19967960
256460492
191143493
169538164
18800265
15687399
204802658
419664131
20523099
58431280
104786280
80625624
19256563
19294707
21999730
178030441
312184894
415660283
278513733
153369787
114277623
336670429
407113441
1169484362
97999837
18045654
32137602
607403145
613357205
33860739
132480295
145670919
20683840
231402681
303739857
104849210
23937508
14919552
35306978
103032613
40454496
188725330
56326245
87408443
304316780
189065376
175691292
804288290
22624441
155844883
36054262
54637309
256793538
219007869
232895345
35778829
110653104
15353955
17185109
481255694
48289662
313255122
96531036
249641253
317401291
307561092
243254263
222523547
342149759
97265034
267694610
98431048
271873168
260767005
562843305
388773985
275429420
378571093
108683145
300766482
14199378
134923607
310870857
14362241
159418453
43306320
14289603
388345704
47983577
29726578
291085537
269700525
93836771
2444351
569279041
125632807
72527814
99947430
38177845
177136926
14756928
130524929
54913368
93826275
617943922
57354737
38530021
27024872
16465385
102069506
22131151
46365884
88493777
384215133
123851794
169827096
317086725
139690588
276051134
261435600
118759153
314021376
124204576
300355838
237861110
480441259
467551928
173735526
374426116
58927475
34682958
338899906
13426312
365941621
756766530
264124770
57579512
20693661
74724779
72910816
21091632
48370227
14902471
810776372
544134143
153428384
1100646876
221727850
88706229
399367322
293459627
201296675
89153759
219289844
523066133
394598698
177148670
15132081
17155856
18949452
206698353
267810251
308714072
329329055
1179261540
16010685
51040617
62816265
175419546
533389551
70912967
246344661
508879998
320210499
18599435
531750633
151908701
108282316
74453123
158698790
41583102
194087595
297893991
154202585
32372834
76010207
194149922
492977336
21581503
21289030
86104361
600181247
38674276
299180757
38651046
110476224
17232935
211219577
14331786
213212679
128161611
839468576
459087351
115647538
492118148
538485025
20272531
172322629
389972540
115435942
87820155
167382627
102486948
264914367
113439613
531237801
229396042
497901864
294729093
408579802
188685897
39958512
370711654
291623023
1219103114
552276691
15057943
239313282
23742474
34592271
35749264
18637730
57051476
19971012
15987295
25311070
20439102
89211580
20155652
18807671
72520597
22009731
19066345
16568227
17057271
226502531
26794859
12804422
26793292
29317434
16576356
19864285
5225991
54961149
426559013
148009767
282116008
328922156
168682983
304338618
130454771
89676372
93825576
151532036
468605470
137645230
267679963
162667212
77225219
104753751
158685585
15901999
46348684
204256016
126676194
98629596
110382698
72830996
239410330
138701682
395184469
161973923
41487361
252269399
87170798
335833415
27477225
95695959
123582098
5402612
381999077
40212757
109215796
25830432
235144750
86703132
239803306
61485111
186284229
50857381
1148545099
5988062
266002933
93649547
742143
44869829
277175103
87818409
154104960
202968431
28567809
123864717
21877239
19837528
6705042
9888032
121759418
15143478
50602744
34222024
118763204
43664690
1435461
42474579
50257759
71604219
110423988
82304421
256530468
375103276
23751934
91583793
54179670
7996082
12118862
15862891
15439395
21237486
33474655
6127012
14055315
14387877
1440641
17087304
22001973
788524
