48364045
1461529940
103075451
3322488074
3247141915
14173930
1010101092
70999450
34029756
17883494
18143833
21152157
21363722
21766828
22586505
23470695
24238193
24603246
26256260
27000730
28196767
28273857
30038266
31059230
35160162
43221301
44527293
47632752
45996727
49620730
54331728
76889928
95361807
100783877
112474000
119969490
147701402
147814610
166447705
167225737
177023723
177028305
192060796
210957036
215695913
216209025
218347440
234267351
238252964
248321530
262691862
281679947
282177276
296061407
298920245
309822757
340703087
349915681
369210272
384335594
444725879
431868194
481767997
522547982
570295074
631227760
2450083568
1699497692
15289200
16104258
22523741
26213879
27965296
41587384
51263592
56617280
86174088
169156588
263329810
265360703
282609416
285215390
471550586
21543021
148855995
29024380
3305433747
16145763
25049056
1994321
31098190
23963990
67418441
2201928733
246471208
43192807
41747410
26738483
1528802947
26278755
102403656
521321191
488011724
18254895
15025049
17274379
285778616
1665514478
293772363
45409605
208163
16017475
15383116
57857181
48415072
20185728
17159134
19925353
9581122
156748727
17769274
19778050
226269729
53114540
22772925
73127403
16424606
12413892
156736243
15917758
22214972
21782956
15135715
33517296
15168829
23659017
14262811
50836936
59853964
15741370
21807755
16473779
20630658
23981681
18728203
34372074
15770208
40061315
15145138
14132013
110771229
23085284
14662569
111742282
293592153
17862527
18456335
41645280
16426346
16785032
20687912
32496789
19026473
18736950
14897840
242485552
17781837
14589088
19301188
20252482
15145034
13117042
334270259
20563513
16329426
82184065
16907474
16637204
15694286
15138087
111116382
16951434
17395207
246478084
205899018
45830077
94152004
33502398
47127897
17121146
21419504
154228309
236481275
32444366
15109904
393564568
17068146
18235216
40288957
229620438
183262275
27027180
25371684
18655359
17524010
9899992
550392426
19819089
18813355
26289655
239861560
20605323
15771003
21322076
22540607
16744942
16396368
18806621
79071392
15150755
14091601
17278675
66777165
16548385
111385858
33942500
327507749
16296575
17288391
16425419
16099922
39311859
9721292
6842112
78898839
66716229
57619896
34664420
15651634
19683725
15923797
22289571
54329062
17613674
4500691
15922892
22714473
193798243
86862221
234476025
222918600
16171571
112178730
605870899
1265820786
23280828
460618806
17071052
24233348
16332755
42715929
27628500
25317724
525746551
26659703
23324687
181304710
626605422
21518612
25601045
27896191
43171956
20006666
32128783
333026230
20605001
322565463
162563093
25350311
612828243
20205271
9616062
32826744
20728526
582280139
19098792
15682251
28390598
43440784
47665691
309133754
14849086
15651396
28123142
176903212
15145073
17994536
84377290
344171667
19401084
16830830
19296037
1516597370
59212679
45128645
233784537
15956185
31611007
1346942144
20725994
20929486
15145111
21884186
246512031
386779153
24759547
22035456
136050608
305004004
16121557
279517933
21304249
180533427
23492805
28359255
120949213
172000915
19049632
14997979
57753351
14247783
213451638
28864271
44478236
94734906
302651183
22810688
239654571
2578351
22151966
15764724
178052933
16037486
536571833
172060131
603025992
126722715
113143485
27045970
19023793
133126037
107861432
152341106
47519455
363181774
1291269834
85131054
24277551
56470841
1276933274
244726809
24638657
78630078
20013288
22136487
96074197
21864200
67236797
19744317
911319404
243822289
15449108
467194649
17034005
14957139
372575989
54278340
14460241
18177016
18574860
491868769
175642863
163083221
76493853
275916037
273523072
22408312
287858728
575781056
189286267
574802120
879148830
59189360
1396671
14083763
23166690
312593987
21909682
33550291
100351634
836427092
263869171
216803107
110500280
631478663
57487222
26553086
13834162
278654482
18916432
10254152
15741451
24965555
14357989
22538904
21657051
39421317
599653889
8731312
75898792
701438185
317877621
114916322
15751676
28201438
20454530
14775222
19783734
22204446
23631711
16624539
613667174
408971802
18992712
606623006
106837463
334249776
129990776
17686451
398242107
516011776
575652469
22736137
251817689
25432501
33047848
237493841
319666759
221387428
20092165
20021711
33108701
284991184
21924525
17820567
16833750
114480290
54089989
32465053
29133549
334921284
54043630
478705487
16528097
80654397
4265721
110213431
4401811
46644114
17815233
370883102
19751038
7141302
44000905
40924038
121817564
15597976
329819790
22505954
383288767
25683440
557151599
561271966
462308361
236951336
16478230
342783101
14264410
14318522
19986521
120831413
211330724
77928347
121420626
179594425
311839015
14794257
15677585
169612620
49960994
21878635
15145308
152350703
123613164
23305915
106947492
23327556
15000238
133100000
18297747
18272476
266212209
22996985
269362788
22788097
498724802
96848782
25112718
8847052
121526197
494271956
34842458
19578305
288363743
322091286
176646124
7745472
117967849
390953202
4282171
11771512
107528411
22049293
373527368
299737661
293271819
36733297
19148372
272728659
259457156
277596528
15041321
140823028
469391218
237768359
19041309
20468711
26059158
26005969
130649891
26106727
409486555
17883285
120261088
339111353
196471681
20081036
16799094
24594836
305070800
351160210
14163003
363250443
18249498
294320596
23130592
26832616
171504932
24889615
21776428
16190373
39132047
108977933
89293119
301000474
196704627
26538676
21371627
117419826
18963809
18133805
65079542
50895144
450941680
398979885
17849496
19458372
14108579
14326797
21396309
240439648
246312764
21613190
404104450
440904830
15087942
53430182
21461944
35244356
287413569
16446177
50055701
18906561
18217624
45346085
325830217
25303711
41639777
211203773
69201915
16117316
67402151
16648790
52774637
20012410
234964697
159586103
18812301
99586721
16243242
101816634
17601020
126348719
15576754
209735774
84194879
78397856
22298133
34036028
26053643
24736682
192682116
20009816
43029454
37978773
17138036
56692110
25844225
17497090
275746180
18991175
27491049
19119436
138845026
15019344
22239799
384438102
21258337
364947550
180070398
39344610
23459435
262559533
349923620
106824073
151739057
282735852
308230587
50854055
19743385
22704269
317882292
21094888
49153854
104330659
119099920
26132109
275118104
65707359
19238745
44177383
25510622
277646538
145700339
16196334
24760049
83159566
71438881
100517217
131877198
23996721
33724044
8283082
27114180
27027979
39073587
121208305
134853277
41533440
183712785
111938493
20596231
282179808
16169849
277546050
262829102
259739702
275186860
83866930
37929475
19553709
26596727
29465790
21215620
263970953
267921808
188478753
23352757
20156726
47347193
21023681
259379883
256195442
36042554
120943272
25589776
25527966
200163448
23685059
208019751
199063110
15234886
118537944
180840144
30249306
34382731
20719191
22240612
11371612
13451922
58229315
72917895
35773039
46744791
14880200
11316572
122229206
16815644
21425125
16547992
21338421
16358939
28725171
783214
2425151
10032112
30313925
7309052
27427798
813286
7713202
14408705
39594655
15922433
223870860
18750082
16086928
807095
96699263
13397202
24221395
113420831
64744352
18317022
51241574
5402612
14688489
186272947
15164565
15778641
6375322
15782216
18495954
56651189
29465136
17870328
19084864
14256759
18766459
15441965
11348282
21982720
17787008
36686472
16688247
18342955
16247383
18391051
17028405
18993395
23686162
17006157
15399512
14328066
16245927
16669075
67378554
428333
26330111
5988062
57917441
14515799
810424
15891430
816653
38669064
14120215
15189391
17238333
79797834
14353761
12193342
15854730
17004618
10454572
48397904
14749486
36696370
19058681
15012486
21327697
60919240
12910532
29812841
56396685
26642006
114518329
2884771
759251
16589206
106916931
16457400
19416225
69181624
119107959
154333685
130267706
60156743
60923421
49917903
100601004
8953122
16715398
608393
15931637
17111646
51728323
125358141
20188593
20061482
16374678
20108051
22982676
105033985
27938809
6017542
18993104
22535018
87345930
14747911
22639491
21881296
19915096
25166595
10937622
29484644
20267484
33514869
56223278
48071844
33933259
16348549
17638328
29115300
37299039
11745482
11745242
17769743
44418249
15588907
17171175
24703826
28639260
16561730
16570313
16579249
31285982
17374975
10301842
97206226
47820820
39523386
25522083
2467791
6519522
86141342
26953547
80380326
20009368
28646919
8775672
2557521
23948496
49720839
20255815
15232635
87777131
48038024
20283059
70403330
22134978
25092574
25355724
21875890
14135350
27867017
22373419
22129280
62849256
18950931
22031607
57768217
16084841
21234528
18217304
27090222
18638502
33515703
21481343
47738611
54567781
47357672
40167082
50683521
20067354
17074440
21232507
18172905
20166674
15234546
19740592
22650211
