565048938
193867537
31456546
198956632
75624389
344875929
14511951
3564611293
3510743233
330057466
576542107
265537987
1372782625
1409013018
89479498
2798966795
1117653019
316896267
2903060119
1555867021
68850999
123141259
848498262
708440274
408306967
259929869
181695556
352501279
386364643
3087531780
197200310
301748040
281883453
1003292696
341342503
3028736995
3040765646
3015292915
624222535
261212329
290830307
399637551
154923520
2294628337
2798901975
69914829
323428679
174902065
300663695
27312254
63780091
383844300
27321348
258190138
915077738
379377976
413602611
1010166780
89288465
347072095
360367174
470614670
1265079907
374262553
36093299
391864018
398027246
251295500
743339821
1534212392
292613763
474091620
266328475
443175267
1031385841
168239876
291171170
489896656
340928877
180238440
212471665
214501225
353800399
301115782
391757870
216855454
1007633432
426303738
73786394
1638801246
115577624
1491695732
337450823
533248486
456090067
329346906
292556889
382910588
551387543
337468035
356513782
305199100
609332806
255300954
2350682624
510405778
600569582
374893919
227831796
166425813
225989431
316240047
54433406
342263524
1315656703
1528804796
271772638
435539397
427817017
161964922
597153009
1095646328
262883829
340014335
381117497
341585833
452785934
1948485541
40991948
220832604
66775886
389823760
2421330386
2767982988
837741114
797018628
338803213
215093834
409736267
298880361
353483688
218737630
321603917
393034791
304802054
799307197
260564718
169294988
347597362
24854483
140196247
574526959
137155251
14211910
1287278905
106469888
436961630
234633854
756258876
2248067042
572059901
385777679
362902216
731196392
447700076
1614422395
38322396
257312397
289965392
99428334
431170819
41975164
347554108
711219280
52623649
2562472166
1695660332
374814529
404982409
460601805
496234139
311530465
57353840
341994355
165513858
353790443
321565734
603716844
2888228267
454922337
413233598
312081307
523900784
32241770
434246102
253576051
300465146
324445347
355002682
380705568
517141545
479932430
258596239
351127250
213536923
525943897
285259365
35380572
286444206
432119755
729350390
221170119
320447522
449450812
262868568
346302708
446739753
502384812
252367668
244756725
172982917
391073653
270056326
2774038280
164298739
252322955
497599280
322973451
783792344
354519122
365838403
473553554
307670935
315529837
420676150
406697304
565064284
139896145
244379916
527946060
270221906
183693365
205972515
593259883
344852653
96250000
713494452
304726914
343699709
183479668
44288873
290344135
313104019
316066643
2540658402
396041991
376426299
603379014
182210555
2935565556
31327570
383503587
128410707
26560958
19201915
421298651
298316187
398424603
375965256
386917870
1334641476
59538784
464072495
355270522
322694476
51574968
352087008
280853508
328130329
291348938
820494476
444336858
30562186
850611985
81916683
1184852173
168907453
359707319
77372137
31238757
356502832
334278636
262017615
448663364
257773118
163243529
187748136
115272713
385393805
280229912
268413467
1582056458
472578980
186296753
606813156
324500815
529752910
184186247
483043878
887745912
455243353
2165554286
270187405
323938211
261982712
394376528
236167122
293327240
248015141
1472054509
314179245
355270203
451916481
44245785
1694334182
280249864
601445164
385773103
255785765
259500422
383931991
65213695
42337088
62851550
39582178
308748923
129209307
331373076
154776094
346801968
182541559
427985365
244165890
389185891
1007571229
319822693
261550822
346150410
636316624
272633658
288006655
369669917
363347478
363305120
166323420
536914430
337374128
275339367
954799982
363818006
341307987
151160852
31254379
19318010
297111927
370105411
48563870
334426949
328085946
463144273
369901959
248388260
2387525946
414354243
338034086
250391410
566881402
1064811115
337275383
515979846
265203153
965544146
404502534
310073482
564787636
1508421133
326873606
2202199033
2451963762
99058949
1455883662
343631854
406445949
330765544
279349881
129227621
296041849
190322112
349512076
1141470643
277720368
315911723
450104066
1297144195
1553133931
950314070
2282905194
342297888
156150432
389161908
414033425
51551677
259079466
411189756
378853750
100790658
592349230
29014397
998865924
275848443
330795703
279276009
151202051
301139537
307016134
392954934
403499554
622567509
808157772
791813496
240979585
345111818
266189850
278325217
221510289
455811057
64502289
368728371
35110336
280283210
190109814
260488210
154150592
358314173
123352939
158109141
359222942
291476820
333147554
721261891
323334103
343836667
2888811700
340030988
325259268
276604588
315532062
879306181
43179359
115962216
402828583
335034296
317542220
59963307
359501480
462615322
35306956
363960803
269912935
369247831
354299869
345373269
51091913
599846005
299276518
131738294
556006715
303492085
122766487
363437423
2897771826
222315362
152723999
280320486
241710139
48585162
881370589
175123095
386269410
254213549
1218731258
454194850
65573754
434417565
322067397
355936300
364039820
176299987
437963683
564345312
330033395
35900757
1700398357
60672091
2290071157
544869480
240038060
56030908
521993267
22984966
730282160
511066449
24306378
633052946
228893454
230084352
2735051981
635576793
319122136
1164954950
320375407
82779444
2277120186
382105454
473385770
64065244
604998675
304780267
200767000
161000235
136086189
748552320
26669130
314386216
279054694
347341087
152242881
265087304
338506795
2812281492
389585318
318843266
207858823
333642165
357789054
332573448
302442459
49755415
140510698
509506415
2902692497
36128030
531621611
109396720
226438621
53808665
250751826
93732187
242434066
32505840
15564486
273544994
61289898
377462713
448567312
221772145
583386342
1651819574
1651767864
559989747
870043220
369892823
370220000
166691104
367377319
41756118
459895601
783551798
341762383
72717560
404485579
334857686
879031232
17762306
216573801
271435023
603273369
372046545
313108398
1123157125
2233759656
379889282
208815443
419134788
2432870412
186293873
2535556512
387778388
1018452103
141723946
519123961
277248866
1258393454
1508208078
316438899
334297110
57849342
494156623
308170496
351680355
1049402388
301156494
43248388
44230035
339310871
216572264
822308461
1214298265
190524292
323011129
129389910
560855369
363905962
575083012
332571709
215782136
302288576
24283940
278323871
252422583
366978186
268896741
255538058
409010981
88922618
265086411
329357617
269858881
17578710
1220831984
887821603
338689539
347628360
317813998
1970608758
576682682
340120609
61360961
221534329
118515453
353188418
325272494
216493527
826294326
342492599
580020269
334508452
321598625
83300366
480853988
496688805
387819190
417501853
401614147
101574643
401695728
318137976
124855380
467008230
255325620
126095720
600650485
212437452
243885931
373026756
356448864
454456108
422974953
304123402
709607168
224387165
74002462
502609115
222645217
370838317
286295810
175927714
393154274
37519748
367352833
226735919
24983015
268456374
223705686
1327327644
102524640
28257718
585068868
261085972
619013812
180950386
357553818
250656099
47284112
201875202
1849303609
323014560
237071031
1627209709
405059171
411956893
589283931
82214976
82967688
233729546
48107139
202347327
173615883
319281285
1586945810
1659032929
269587434
756277249
842852030
462574541
497537214
472497623
249341671
427089188
526802982
505395798
1375357574
1730877324
30974292
340091126
2233537026
201936658
342625478
62437301
1697401428
1696826772
367546060
1734091783
367370702
142435092
71873078
219416122
785644184
2757514044
445086416
766106292
582781489
1247564532
2801021034
493601237
288517843
933519822
774945746
203991783
411835717
284265634
2856245772
417492517
289418264
263376116
403559471
61028019
273231966
115446862
2798810741
411785983
36242989
254349899
246108748
356573233
437174052
22438492
360366144
709023000
58995976
635577431
448483412
415169418
494521102
31027375
196401156
64312459
579931652
379473814
2385659659
1945330290
340657032
423964338
17850264
369492414
262860392
274258802
215853929
862485420
252727959
26946095
340454575
336131326
1110633410
278152929
169342525
351020275
196870965
281333678
1127094612
88798353
327635814
329928347
309526034
192721818
344527796
977537262
93238146
295469827
249392284
767782292
190117898
2420557560
237975550
128700485
177832071
34005146
64344247
742062104
233336034
47107251
2434237177
573180320
497494676
781242812
1222861135
84972939
981553506
306558128
232997665
169580959
423924861
303590282
24194786
209865267
264370006
212809343
168324287
2837643903
375869458
2977019564
300626460
312259017
2881024622
400895646
83448870
349298144
1700447930
486292564
97367953
267838048
215511836
48522691
1921804069
273940546
369000951
72167768
470456796
327689615
240487002
271547360
210556328
243371097
300076554
185899106
384619895
168346519
229577639
193484263
62389805
338734734
256326442
344468990
331057991
238010125
99826372
230851688
71060850
246059474
303259491
333549471
498104872
180919122
272433307
325276191
236444433
233346543
44821608
407946918
499552542
285913337
322970359
141989104
259018416
378864350
462619694
243875919
247921188
41247095
167885933
412824781
99332963
244765746
101352852
64094749
516874954
406671523
355272121
401768875
21834681
576219400
31621297
1692225091
95346455
41715375
469983486
246080673
377066417
190492580
163253218
384644724
871139377
360433712
450892604
265989472
248478154
257708707
1576094725
272623332
130010234
260521592
392817890
63062875
289599815
499430260
2330672292
2345834180
220470307
337411105
38931765
197674803
784982738
313054322
1247519430
248984147
215014413
357336086
90968598
346291628
335958626
216813250
300518715
222496003
249863623
226339564
2787160513
284225808
211354533
547012938
239443640
320932639
110169554
97591966
21437452
1024641638
298309951
179219070
612955488
1126914037
378926917
295869085
21355106
313542550
15211602
51577976
132355146
445181568
279279600
1002990643
142120125
93722720
30248029
24201493
346304535
186180317
55607413
551278206
56702869
1832752303
36483455
117485485
243236975
23507842
35966135
580129426
343358997
291797837
226318039
223278069
54449787
1901872838
42984742
74832434
137539362
78114017
62888867
114625663
548872399
214986812
250295781
423937677
73012669
450893347
382411885
287006810
314855657
250494953
325879608
128306321
438865933
261507609
39913521
283744394
295825011
38491185
399203840
326433958
611475870
765079849
388581901
51611034
345132228
325253208
383912901
502626030
331058495
255309752
37354035
261382537
577714877
256203380
384974199
337795612
926256846
94180289
485318093
392841371
295907413
996363978
267455605
479959312
871113692
443472938
500034618
437685584
428544081
153108578
176841132
165636646
289518628
28496774
94225854
87517577
153877429
36066261
24052602
221631233
204632876
182681925
37957896
74948825
279239110
233377523
200731391
395652609
2432916282
268322051
245075154
121277668
52629909
354603486
6519522
348217963
90234324
297307220
480114183
112944594
816112106
213552231
271586334
1458279769
176491159
26782478
22930958
111425667
14730185
252436839
276782229
131359978
471694740
307520419
291292697
423529573
345075080
122188397
406077041
143257019
619717545
261042885
353372324
2566881536
421231596
396310280
261977464
45181034
2329040184
340945616
30333596
265644285
216924715
344701800
442394258
100154870
302898515
352406244
213916935
331290303
327790007
374105467
263929812
216473348
383298147
256364048
822204290
260755059
398439691
128741307
285814385
338811891
241262552
321052939
278720137
196161743
299387061
307194569
531678938
431826763
323479386
430888894
301490788
234868634
376542057
950350879
131052215
178173337
179486571
356914272
236227324
202909571
252914412
290821198
2767943528
287954469
308109913
363773791
241199207
221592435
432084536
266904675
336394124
310400908
21023554
328851549
32251527
422312465
311533285
133076256
168820134
169607896
204121132
53185632
66275574
212492064
116574369
337409736
174135887
220739802
628689387
325570226
40412360
164001147
237572958
355119017
257319059
24055773
113539432
237503472
291430156
413623488
343042388
608659544
563363553
142526229
380087512
330797852
496415954
262000484
865137055
596005289
374309549
176270164
213177942
329233487
41663970
349290661
59060305
246643325
309696919
302975219
1167537674
1552103948
34736213
243883808
412371335
345049455
232447497
102501058
248436064
228588958
70183805
273194240
275307424
213456651
257114690
68328712
320033235
339371744
376317646
243904755
336300822
358211009
31550617
163957507
330646027
483050806
204480755
286493384
18010378
2285402774
443423785
348133468
227519505
421439253
332690058
256814548
245143475
205803628
320478840
376518053
160622215
2812251265
2844228057
138559847
152080881
169786131
256062065
281755813
207804154
61065352
1684533302
208755112
2312696240
114609586
18366193
2290187083
543981673
1170707082
475365026
478136900
411986759
145010790
135284373
19404907
183086575
69917385
177645704
162044457
2372570107
2817711854
2396726238
1072053368
902190924
1132948555
373496849
456872471
503320148
33600157
84182459
404195033
117288714
132303731
62887462
109346200
2247765384
15441117
30971588
21705478
310535008
21316042
22203223
23620660
59504346
53164682
376288055
256820568
30500033
50802096
2387702358
95308257
2578816416
2739996085
514604846
253899547
491475274
24540824
174743599
87950273
17563656
187784084
778905373
37576003
95568808
28567504
50901761
35226723
