3664800915
111382999
845904529
2996717478
479327386
569265603
1971185396
3086243991
3298531616
3384450724
2203649861
1356868274
239737474
2903971147
2608577984
2342573012
90598116
3290071450
2415834740
2874889887
3028079339
2849545492
200269990
304450404
3191759386
469150860
3107409579
3056041492
57346365
2572747513
2793553659
2969861212
990915744
2765716360
3028130145
2992432258
2422205369
2885462758
2834291205
1346660286
1588972196
2184513660
1226740892
2870572883
219872606
2412897384
1374690450
2248771189
522325596
725733464
92947788
2217677318
2364231403
2467548038
1640964582
1705054111
2550051840
1709909047
294015408
776143566
18249451
2376884976
24921818
237317743
1612779949
280966368
965867935
2422341578
625114343
414904919
2574831858
272317884
2341815068
2517994100
1883283740
1560487652
2176215350
326142866
2343674335
1875161064
20057312
1111112300
2422147698
1147516243
512490724
2412660464
2325431221
2308560942
2390524917
906077922
2343597768
2291038016
2169557915
965701500
183323231
882341742
1871315082
1960518145
703017848
2306442542
22569720
118650887
2168745614
1227745309
52354784
1899928795
932798432
1439450268
2217585584
413811822
389112627
1924116727
44937057
637008966
1247454846
1652995909
1094901061
744924979
886476062
481446832
1322536790
2174235643
20840908
1922999426
1930801435
1874790722
19239595
1337065086
1536975590
1612619161
1635025436
106496178
202214705
980527488
149842156
583116665
943644415
145749926
1731331530
1057439402
1205822802
545942492
65856096
1581236580
429474807
115081394
44634849
20445725
17682815
25523996
19360351
763715353
123238121
147607991
538050312
15537973
405695447
1433104638
1430840870
1510830871
554317051
347330403
171153500
734330598
412111755
243186911
120413839
605380971
568920377
934944012
280920855
1065317454
1165636962
203357203
244099477
609928262
161510599
906554365
193209813
1377721039
859437858
182866138
496394921
551426814
253499144
368973612
1193633406
229094218
493095931
595352203
13579422
951767918
1282902000
19683765
1259551915
330993102
108969768
46114448
102503323
36066745
1010970266
108583578
428950907
343409610
110386351
249069103
618889714
193797587
169453042
399689183
813746520
539894768
14442585
278706657
262718013
138175338
1140673969
890578945
22883586
343434300
1091500538
435793682
700728846
282618643
264230506
106526969
52866154
171818251
142686859
251732930
960436586
960487802
249761127
474883375
349083158
212264825
288264449
429877936
52801259
150600078
205228700
222077983
57306714
64214063
18982136
80872081
92067857
48331473
198861182
198502138
176375943
31725397
54200333
85605697
59024415
42846017
52048510
41116508
21214339
20131798
41826516
70981583
20764354
26548941
29723894
21854291
25066159
24871336
52351492
57588027
59792963
92735843
56705806
26742279
96093370
88713125
103876454
120184404
125595021
156287157
61490647
48356881
59771643
137997171
140077855
117057009
121057178
123574840
135935320
163891182
174626277
18226657
70916077
40018692
67433747
151513624
58490193
97479037
26746630
25402088
71506614
28079772
34917694
29961079
24709806
37900861
21186044
22630625
10215212
50614366
23962360
56404189
50618146
37881996
22129041
70931611
185557557
23059658
34929086
69246975
109237832
65648399
49600056
90162506
100453427
59092623
83916402
149084524
92587602
111613782
94531020
31129844
83609798
93828758
100459580
87416639
142696517
87191924
90633289
43426240
58496390
214065746
108133599
234322284
243990980
235084818
312542028
85808407
21400092
148788201
24703791
89683390
207937709
480319778
20447987
543373972
407632792
245558898
435279327
283687745
21766799
28824136
390031191
140344419
201698706
366720607
388382971
587313538
143397297
33068663
431452098
847536019
335950885
115496754
297019278
179977736
728666844
35021876
237725563
414752636
533138319
177625724
369414649
52084584
256911319
182736670
869617806
580849344
20996426
16411617
817327975
804250604
31002593
140427956
183377768
30044225
210934434
614531669
262225096
319093234
788897761
21849222
412998178
405292480
608057610
111566978
217442176
412939468
558442751
296518559
17833269
552582089
478491097
373283324
168590399
258836282
607257615
227313461
373305456
529375167
725854729
310275486
398819287
277666248
21795874
221699966
140322564
200118526
409903803
370022448
564528782
20444968
313180344
364840896
472009727
52497914
273994373
18953372
218815185
365454253
130775512
426603665
44957814
420627651
385424537
223461155
26993786
21127905
106796680
256084727
14837383
23410262
132921596
352307634
549425183
104778706
517856135
378761087
25054647
218605102
317710382
427849153
284119702
305052983
160983208
14359728
431586713
14711491
466457075
22939103
21121491
47904520
441052871
20445178
154152436
35554164
80296980
343586203
330990243
361828036
163606215
29480649
350783818
45579282
21880565
53039176
366088902
116280469
413849446
418684000
128884885
384787749
94118358
377998324
156625283
216314816
153741027
131935387
263696739
56493220
342669691
27646691
377459777
146513211
121166583
275179147
374374310
22757856
26832834
15134240
38489678
147500823
19019298
21754354
16432203
23742836
25562183
357482854
329017860
196756414
66349349
296316261
41822696
39478054
15300222
29943362
48681681
82612443
112400963
357536978
354336249
164673608
342142203
130108575
161463987
25950355
63679873
66998204
65667181
248664644
263165755
270873775
328957126
73080614
129843570
20429156
20520810
22611141
151485395
113323786
218493027
27013292
183254309
216104373
92035807
16816155
84296426
116716199
15905198
312163444
61531474
63105537
17960461
20428039
148358522
95178874
52778770
200086251
14491411
93661863
46150175
19180007
64484088
57579512
33481728
20693661
26476395
27629414
71290317
78839216
155844883
19837528
171066607
18979328
139338327
16947313
110397757
48734816
318969583
85555796
24587389
16864209
621543
37963496
24704470
264444975
21751830
20508091
20502166
18045120
16949344
42866391
17487733
38530021
16040748
224557597
