1365419089
788309576
2442015493
17799837
255334719
2438637042
22754573
336728335
232553852
68583134
634112471
3536482395
70784139
3242263762
335359684
44943266
20478716
239153508
17964468
3324356722
205759065
2769132499
2301852505
3110777490
62183077
3171245807
2154127088
2939613928
394879847
52196137
3015479277
112475924
1589244330
2202163974
622063303
2296526617
2860985124
2261718086
810709142
232703759
1209887330
21506708
939949219
3092247629
1006903940
14365634
275804704
2913998913
169632361
43817816
87615156
37149113
1859680070
2900741152
260211154
384787749
461281139
8518982
113740810
2999643467
1516237664
80885440
46473066
1599356184
14701062
396891593
2188790054
195500610
2817117380
2678236062
1631690197
2872351281
50690435
1115365544
52010875
1347344041
44903491
2302548036
26858764
148815591
296624994
439749649
633095212
93950513
728326802
224631899
536943873
37732219
2850251989
14589654
790219195
237893980
1553936587
1544468570
27841081
2493407430
242328548
103925618
2717089861
2167059661
2191109263
104173962
2287193222
1692248610
271767796
11824072
12285052
172869874
1128468090
271521413
376971047
251312236
76348185
110031075
46790946
194257799
293116923
1425644274
29450962
14399455
634109297
140781979
14187403
17645638
764036834
542619823
71210524
23326696
1691953982
185631499
589535421
6742592
514806103
36294717
219172924
2196267576
168508631
17979038
19332174
2511556309
262802232
759955430
318988563
483302311
78473138
211685001
79489732
172418264
818543700
23547345
1206099626
590368542
1551017384
305015198
804915763
334720576
17061155
32427234
41182253
1458320232
50933459
264138087
14897792
199938696
2192592792
191639705
26710373
34540379
713648564
303130436
1040758742
745320876
2360981360
57092838
285165232
193144020
19084034
950398340
36953014
581012668
1144882621
836350213
622238344
202902841
363210621
962997733
958046214
256363817
200456671
18194162
88936048
2373958050
143086518
322658299
55656003
404442001
2313699698
125695429
40241541
65634864
538342587
133239513
94356698
100567485
88764812
156989502
223529798
500867311
22483931
334694339
406014990
39694489
479575950
59128257
302597866
1423600448
21285557
881369844
53560219
266302665
281031538
23721490
2275114487
1571707356
991600273
26681305
1350675174
240408892
29575969
931147927
340435374
575655913
279418921
14252342
200084238
2155956632
2190906684
33972693
407476898
33279328
2167304513
199462709
61593294
1421096077
44438256
14506075
277492046
453892183
33773592
86812925
492248801
74599038
917105330
269060233
185910976
155439838
1462834692
10328012
2232352123
1547838528
1860665467
20746400
2180030328
194465215
1536953341
202387918
1536778088
83589523
22381957
270609578
87508937
792624728
15869453
377150513
415075929
61643889
166022406
35315865
24001758
398581149
16983297
220403886
153258015
17974481
1072269104
320268880
17042078
18585425
114142293
1517018450
15684633
14043142
16486812
116867280
27385436
17115693
317216139
190840128
211244884
487968458
48966898
42558652
245974145
787765068
1676175931
27470287
147786817
125181345
1671296839
242645565
17174089
155230346
22029897
490012520
860158302
117496715
83424009
17175139
298029693
893411089
44120745
19048641
228586748
17396170
27247475
589975555
97532053
1490348881
26616462
238286255
15638615
466717262
150592308
523669298
274703515
237753770
365584363
18481646
38146044
223092461
28373693
14729597
356788303
14085070
59307520
274735607
116877838
18569484
303598509
29717083
148117155
174847568
17047208
33998183
182839127
42680667
17385903
972839048
352026528
363276113
17221246
31443503
85906238
52133120
14741250
19767193
549316468
15154811
25140707
15473958
4620451
