50014224
275690183
1620885366
16604205
3254050353
16630098
3178131275
218892908
467580777
2710580269
57354737
19341683
326453785
230944453
291085537
998407880
16939942
212507668
1158733934
952337156
2821239209
1115365544
1695065382
250121453
495909430
1261001742
1900944043
2258772237
43848067
331443376
372748789
19292942
492118148
467551928
392527613
1924615722
931450722
3144159117
62186709
330101315
82920974
14324284
38892114
23576240
45923583
15276911
1286506417
862100563
562817107
39282190
635123740
782615960
2371947403
2802558480
575932743
1522181906
91951516
1241433806
24001758
464159257
16172894
815177160
110890208
61268528
10402052
61013534
228586748
424326760
760065560
19416598
293116923
264124770
39250316
2364853507
1959469590
19668775
2332483018
531855475
479327386
235072498
315024285
490056323
1447788685
520766752
1625689764
14897792
2535282108
2407582093
16629477
83987145
1850346780
3019975299
11417572
2895365501
2778781226
49270737
2993994029
1479694620
495498585
3045062759
588586596
1370684718
22353109
2557915058
93950513
15755223
2678236062
2562724922
320268880
589113225
485990358
14267832
561297215
475296846
2550149892
17047208
15496407
25324110
17905977
2444351
1314017694
269700525
46485024
16645335
29340609
276573828
3030643245
16640235
16227629
150794946
1425644274
1489776218
456361953
296644509
59257007
27081406
2402009862
131999950
575655913
495517322
314758565
543876839
183548902
24974525
3034214643
396365748
22195223
7973282
25562183
621543
86626845
17251787
31443503
2833754464
17442457
28160998
13787352
15723971
33279328
2667385981
3030356495
131574252
158396052
26487100
44553548
59769395
148815591
29328707
55351494
36078825
16817883
75304043
14174897
205195655
33998183
17226612
176089416
5383942
35961145
183033795
16150688
34010976
2876159943
90424954
100068931
102417054
32509377
19402238
43199901
68999404
82675316
262665364
75069067
161801527
50393960
174740894
837693559
297719472
17899109
74160820
381154948
16465385
2293415520
20750406
89517086
33249457
19766166
339213186
175691292
19657855
851503992
21218554
18198832
17292623
13787402
1897673072
523339137
17376218
77287465
16245822
53560219
15353398
258847118
380816062
146569971
14412844
18249897
27922157
88914175
1769551
22750673
14282672
19596228
19658826
14592723
119401334
98703000
216793572
117064656
31461371
20746250
26710622
20815041
30064358
24183388
394035319
2809615095
244200123
39478054
1513221576
202968431
14499829
2233173834
2291347014
38489678
1551296114
25950355
1968860750
41561657
1732599787
15282064
27295244
111584424
14062554
1077802308
260685403
191463787
62862144
111331599
19077568
20739038
8814152
28173220
55586523
18089292
17221246
14085070
19767193
152889033
56685979
67003972
16122379
63837338
71323069
163848561
210672830
9780512
37732219
272017240
454977993
263768986
88425861
226691837
543700209
420574055
208988759
601697103
374378875
1120098811
29093157
1235031679
778427430
95245460
908688188
386682375
1311578256
1268038951
863444443
1949132852
1552637701
265158526
2282547589
606760856
20675960
93655345
460593762
2532315008
282741996
2375288959
2873912921
67713333
144626914
2848259962
130579391
96102210
473089502
49832877
17895673
2230080559
18477428
20187065
1345385060
1883938045
2238233438
27596259
1909761859
27024872
55158413
1112553272
14617444
20693661
83500405
1307614093
1900069801
18499709
1686022801
63676369
59126394
805004869
211261440
19256096
74724779
412933559
20272531
54641489
2149191660
72910816
2837937689
102069506
57579512
897684764
1585469030
407766714
580269594
19956296
127910801
115039678
20410279
68454824
380546646
133350077
998051376
439281831
389033733
50318478
388345704
14738561
8963722
84144613
82898546
583233410
350424151
23787335
65134016
27013292
19776354
19452570
50998548
12413032
21437654
21185158
32361431
268470247
16045268
621573
15110431
21581503
1435461
39736088
2798941923
200219772
23602600
252074645
158378782
253588542
39694489
2364069320
397382869
397385515
397381576
20746400
397344385
397306055
2364779197
256793538
20507623
28567809
123582098
200634860
21237486
34222024
130241862
19837528
223560830
184931891
86292908
402157926
402875257
12819112
17871298
2444052414
74474794
32372834
26268870
14647570
21423021
111305843
397300402
25327370
1920834342
124237063
15134240
18683406
407644381
403530978
38530021
21704941
29726578
46145761
35306978
33360722
224631899
47983577
430199139
19697773
323325582
63202045
2828454453
19101772
347276297
1134396140
212299083
158198443
87715935
71210524
107391777
46571758
342710270
64354305
199226563
48801117
454952766
407068486
246348124
114454045
407624682
36066745
206255645
26748889
23575322
44418062
16649758
1080753187
264399952
26832834
15862891
487833518
