82631036
29675916
37000452
3330060909
4027765453
234306659
41144996
28370738
130649891
36623013
1511263122
196471681
1013399341
463016850
1115127925
26829777
19480470
3313443312
437561179
27241561
14836197
264498030
71023061
91208190
273060588
167155452
41651800
15729027
360099026
48492831
365644014
23508439
61830970
36362259
123417995
16403943
28870086
19362299
16672159
34701524
349297814
77801395
311633735
17158140
344284402
27553776
3341821992
148781366
130997057
14885860
64736207
346670872
14857290
484815388
890891
26981013
3355143851
581281429
110485995
25117278
21823306
16257130
116362700
3303293865
21879024
133448051
29264626
39682297
262915519
29460627
90741779
28173550
74518740
35936474
23083404
20346956
22571216
22449367
1428219750
817260552
563877297
39623638
372575989
373471064
818421349
381029233
2545680959
22178780
94141566
31126587
348910864
111037335
24141542
46257156
77841951
67095962
36806880
156132825
783763632
558797310
3145919378
69970838
1059194370
254098644
42519612
23505298
492296048
26235265
3058916672
165028606
1330457336
2980476791
17329538
57100687
21586418
2905172500
55459700
271636708
14454645
140070953
2327988998
719735953
2580393118
2409683900
2443518684
2463676838
1903382054
2155215398
2229542462
2281496462
1682971130
1657334713
1139001474
1117317140
1090303602
992977652
790921536
464441662
442209771
382018313
360699754
347349823
268361752
177618803
154410419
110855776
108260481
78270570
35856249
1964571728
2249227194
233498480
2533070650
26257166
69347129
1497211892
39114090
31663569
260387793
14868380
75892358
28956433
78395235
142030852
47462845
610971462
402922629
450297822
65140007
545196776
1183302337
329514189
14700648
1687230368
1033765070
2324754200
53853197
331283041
12320482
1093090866
44677303
1169330720
1952038357
515345221
56750710
412987901
406423103
466519713
799659324
492194446
252856965
921432451
1907654515
387010052
927536900
282661693
574466093
348538152
495062434
381687444
741236185
615295439
620938681
412256714
413750312
350435183
278550452
80916277
265512847
281027350
135918631
310013997
227249392
263917672
280582332
325239619
2171601550
149035274
77142765
484435489
216263137
344204656
868628131
370310806
1155037915
2197430121
1129729038
373550792
790801777
1728176312
386052092
540313256
2248245124
799757288
386043161
417235061
1001454073
1105582658
784832892
523326512
1637553276
449564255
1224690620
595344848
1060674738
482774586
247654759
415119114
351572784
827993342
467392774
456077120
258083464
932106618
463763785
584015753
394739447
561319972
371160025
516585792
374715997
247375470
474065166
617650724
377529280
769883438
1098388603
625303738
946388586
618071143
749228929
997106030
540022684
319152798
800845968
1147358719
716826348
630944557
765402348
425902865
328061661
724219440
403704626
387025195
901624164
738558476
537305320
2307899084
1867118934
1536774727
385959350
424324973
353027719
1926560072
304895477
1247932830
624955926
1640163457
404955895
1173761552
1570790616
2274463574
2285597966
1428208370
2314181561
1249618526
1553491375
2219760048
39710312
49588813
151137349
111421350
189891241
57406292
228173042
151572135
190670131
44189440
53913969
42073863
177882367
75360857
27710472
51014746
211354162
95136283
51548357
79190356
34045039
192648148
159935750
86737527
111353068
198481735
201616159
80269997
190376751
190997829
114695588
194799374
89695062
98471832
74980824
60932834
174365901
211113409
204754390
229528937
210574613
196770672
224036024
223092642
236845318
241527558
27698202
17951932
836295889
1526228120
40104936
789605024
627673190
52422878
21870081
202416362
31122496
16877611
2557521
14955353
7563792
177547780
76682652
14063426
18479513
49153854
50004938
107146095
19426551
19923144
783214
