246856495
1449289027
2455283157
3230913152
364432637
906947648
2482038661
2940151785
1419037717
2212967045
3039420538
164350287
239369297
48404973
303794034
429205436
2816761225
222105115
3031648422
90544961
280125301
398592983
45406324
3385830101
385560060
117755693
100068931
202287419
3387193750
2296843274
3377048981
3356965701
3342566170
1612519718
96531392
492069710
2432229181
440954376
3073109162
2639266880
2334925568
2904988139
3242420663
1378991880
2801107668
2943974151
181403832
87997689
575372775
479357626
348061274
425021073
2752355256
3109963588
309089058
3131335900
1260415038
255999421
166621911
1675682816
253494685
1061189850
859997011
247482474
2858620179
2865452584
2429090382
17292623
2843760363
380816062
1603445064
425790025
843487556
980968026
530992758
15862891
65134016
32372834
258847118
487833518
27596259
96102210
136325501
1934533388
2715197143
95199382
2346981779
341643950
93966147
2167087820
861574608
273946973
1026556303
79145543
2461849040
2414086476
2725014574
2249440891
1250082110
946568227
115395687
1518036960
1385861262
71210524
56514501
118690641
1032247892
1362887798
611785595
17507347
211551972
262082115
404871982
2615869656
54171141
1648518740
12819112
2549384167
92739411
468186996
375563841
467551928
562220973
552884442
974824952
2370046725
534012935
16509488
228753695
132527721
121056754
251177334
361697561
111621439
16782373
14389177
1076212921
29965737
2317371876
2304941706
1851821022
832089986
2241091213
15277602
706963012
338638593
462022763
554396535
15521075
143039863
25258047
266603816
369991790
738914852
588271994
184010593
132445278
71476254
38139746
468778882
601374365
1511481566
528764013
14855613
873484080
61450361
84849147
922644738
1887102697
1856913889
1979438882
475707185
368377486
1919269746
172726193
72103117
479407925
523055200
1265012875
493426907
1067734812
19063472
396442168
182857317
912084145
770219646
172714860
195685046
566391982
607143527
283168050
285520634
625364803
131618850
42581369
102074868
25104112
566452545
279648882
83586556
292312814
375783114
464658291
218100962
81855775
237372770
372934978
425673428
88167200
155948847
38679388
375612405
311615046
399566870
402965438
399014523
398997424
16728499
72814308
386457424
392323693
99786872
390134315
11694252
392213353
119519459
144827627
388783300
253174014
386548586
133279134
382339570
53364119
16465385
783214
52664714
371771479
249701262
142646999
41334851
363061783
110425971
14601438
289229347
123224805
104604540
108364911
349243149
83178762
129516385
259010677
282482818
160871906
166104027
284945599
228865070
16222469
58835644
38824382
267634091
284626544
263338529
124766547
92098024
52526150
54856170
66322195
105793107
12588552
122070383
16717501
266229528
85128781
257481820
271776667
86956954
15721942
289910410
87560102
143909021
194136698
122343912
223463222
125296735
57273558
76932591
38402886
46117074
59067266
44144458
235961651
226496782
54484288
47087394
49280512
97416841
162992137
88631646
34939006
115689849
58184651
242751278
