2326324214
123363339
100599095
16047873
2394018424
3431452179
1686161388
180114637
30675276
20370552
98641149
1184643194
983134303
3005678588
1081891736
2179231086
2354734953
1248297264
3008840501
488182910
382885532
1603926979
65532967
132992591
3298594054
3080890817
28937851
219376647
2961018223
46387391
3072853157
65455905
2670249056
3052525452
479893577
16597676
2729028239
2157960751
1488265087
2793226001
435139657
588632201
2407826538
391298543
595769533
54766919
2859342137
2512690831
138656943
15936717
189832643
52918149
16927822
2174696564
15676492
61633477
104807690
1344469878
18921925
380321875
168785949
551469750
55348381
399675801
324090104
25928723
192345664
485469074
192942697
61898938
312715076
33999522
190672938
60218450
19022372
459416677
104450799
199591615
188132264
32435496
208111828
259891973
282307079
58701489
15846407
59787105
59333276
14433949
320966984
15485441
36443375
7744592
5392522
6752812
13787352
807095
14665169
621543
36719281
467158841
442274918
129192150
467195071
467601118
259075312
311185337
50138284
92300581
394473420
317230713
439026292
244640893
31423194
395460196
282685321
116544702
31746745
17394021
2086391
38435380
23678636
15063139
29209404
22948692
19778050
16543775
30008146
53194854
16727749
44666348
456163219
272017078
274523630
310400480
343524714
146695265
318463071
184514424
288854711
25162006
384603363
48742464
388507599
364236266
332817867
322815438
243648985
23008482
272572699
22150401
230133912
365448045
361033730
5478062
314198203
110728743
18222469
26662910
233631354
10228272
304617412
234206624
135200379
30527493
52034762
22760211
16561861
26810542
14592723
25589776
16360046
30313925
14511951
75028535
21658412
46288971
15012486
16870682
21561620
28785486
17093617
126278510
58605733
26354217
18161391
23825062
17597875
169348711
156464887
69802717
21691949
136027141
135459177
103006545
21347058
18659776
71956305
37636437
14543481
15221465
122497360
15149021
10285432
44097999
52613847
33434000
74937461
23405240
17992851
110714837
20464140
28111879
19557225
48870013
160577729
119713388
90188852
49092806
217491834
16462106
34344030
85436798
66790956
133929545
35512261
164448431
30871091
28022782
82164445
39477679
74720992
15647101
123185516
74223072
15607358
173155048
14281883
58649305
112860375
14816978
116279344
156432234
127577062
14050709
30282103
74717107
93467011
25225469
16932168
33714491
87101624
68691769
