397912882
591202090
576647642
313054802
2596163306
870475224
2375643853
3414880439
2844260161
340435374
495660553
544617235
2998721833
1613250103
3300794127
143629076
282154878
3286157401
870080730
2731401072
2883988803
256793538
3433025385
538342587
2441878111
114857580
3399907337
1372189993
317151085
21199534
2492022368
1610542063
474088050
3290125081
3128588967
2786436114
2609710545
347276297
2383448151
1362639276
1398125510
3309486033
473879788
1534499294
15496407
3305960134
1551017384
12819112
25671405
2509437955
2205348925
3042163425
3224262413
3084793295
2599475240
2956708162
298475370
2835179069
326315360
1927089876
486425923
334292179
2166116277
20446182
94542631
3279394523
288462455
29024460
565599247
779931264
131274654
483302311
270619901
34616736
15282907
2893477011
1115148079
233935521
167815870
194465215
3286893419
2446941812
384212772
49780094
147295417
3180033032
229795142
3108939357
769790761
3177505453
6742592
268830189
1391424277
326314496
3032093667
2191109263
194567509
257350479
1578193502
2402497014
15364617
140781979
1373069432
369137083
20478716
42558652
85906238
1137135674
112386661
3145075625
714382352
2842602243
912248030
1361693606
2542824828
472272881
1549058570
489929554
2554819800
75937326
251582759
554502068
3050614563
3070959165
29717083
392176673
426547456
3110777490
990595098
2377328995
3061255931
1676175931
16325864
3070112081
398176168
155202983
2279162833
2625111455
20177436
24697560
38146044
210769277
2257452161
545804009
2829451169
2547700101
1524781
21184460
2964492268
225481809
143275672
2165843324
240286563
1556554867
131574252
2376755796
72843097
359920994
946065337
330164748
597009469
331202983
2760974530
2848259962
296433450
18585425
2938515873
27320089
2875018475
1857972290
35247186
221523713
470970230
370101469
2444052414
314158631
23962323
1843791936
67713333
27729504
68820980
2895671283
2904264497
298029693
1489776218
1522181906
86571830
2686377187
2842686413
59126394
837693559
269426340
22255496
31088181
2378073328
158416292
453495437
2319587492
2524825386
20419926
435207812
338941617
2826832092
574983669
355032358
2612253007
2329676395
2770242926
2800364413
269700525
851068448
124531889
320058226
103834123
1735651082
32331234
21285557
177953255
37732219
117064656
62862144
582872181
177729631
19645781
55190298
16629477
42061611
2821149839
53898393
1589203201
259224297
2802474784
27924685
19066345
569226888
1382326706
88764812
50933459
20716967
334912047
32340834
1128036061
66964327
933330985
2383827776
2813099958
106580083
99173786
518227085
17638298
55388565
352940883
112993329
237650650
15150655
991600273
2802558480
48160604
2474452219
1421082818
2773810802
20517668
407200271
247359606
1708268306
2209140956
93655345
14184386
1691048341
302597866
2276551987
2717694091
11348282
561868016
25819761
185910976
237409428
851425314
277478106
601025225
245564615
289900655
311052101
107391777
35749264
16649758
412933559
407068486
246348124
1435461
21581503
124237063
56564230
15154811
119401334
32441895
14738561
19843630
175691292
50014224
380816062
167989139
7973282
25950355
18985501
155230346
613605522
20862478
1671296839
390266289
34615585
152022144
378259736
589975555
18584665
760065560
134429434
2562724922
2192976756
805810843
93950513
224631899
350424151
402875257
1915349490
1154354713
114523768
21242028
52133120
24167460
162711906
264138087
958046214
590368542
20535486
54956437
98877698
285165232
111584424
205195655
185631499
901776655
1547838528
1949132852
1442392040
464159257
463414713
211261440
1158733934
39282190
1230460638
39694489
25743783
2487853952
575655913
561297215
495517322
768562657
713648564
776097036
199737585
77829137
347749926
136532538
57197507
1356535016
14267832
262012549
321933
424326760
14813500
487833518
1448198220
407624682
209716736
87715935
26748889
206255645
264399952
359120549
2230080559
339213186
44418062
26832834
59518694
384182912
314758565
25166438
456361953
27046750
107174526
198199656
2420762352
100068931
40914713
111305843
2363974111
45580925
1949299478
274590281
482163835
28567809
58431280
2291069634
141603000
267941881
757000110
466062053
2162905592
2161609544
17047208
108476677
132693527
705226320
75134478
255654947
293116923
1190072533
1728408043
23032536
1605924253
20198534
74599038
223529798
41358714
180476102
1093324700
412305535
420443380
915579368
230944453
1531123477
213012200
562100356
35304791
16640235
8446572
90985028
360489000
510966162
386521020
22023030
23991179
326761638
29093157
233686855
1342717921
19541922
29669400
1353940969
86626845
420574055
411796268
543876839
378272434
19313995
96102210
46300208
176024190
383253688
23054669
1097934120
148060655
290477728
479856619
32361431
950063329
87198154
212299083
25804096
348967781
14897792
14229400
131154374
627734398
20444825
296255607
20758233
113740810
796230781
22602800
407141780
18477428
32372834
71210524
21237486
162088304
299580552
15862891
65134016
208988759
127910801
115039678
