2452082108
730316442
1734828559
1559282804
157261059
123910041
42097354
608583
71542531
46854930
86165893
354880191
20961822
1259604578
15108897
233879574
3208921420
20298671
2301509348
115751488
143895296
1250097229
2253705216
158055180
23115658
148732032
606152631
57261575
284755915
145969327
271666929
338158657
307547977
275590242
631039752
138735582
143936211
145976804
1874257891
873663181
39525118
2719119901
48984952
49259278
68648846
3306829289
2994639981
48493497
56412100
3108645004
300377047
258003948
3890866097
289832027
20988060
928219752
279329068
2733194172
50147579
2840044602
1664809116
3318441734
32175942
2762811290
240169742
18635843
23121340
17406610
587720621
213539531
8129122
382527275
48303214
999864452
311363131
378126181
27438655
90873043
3226409554
1913472884
1265060760
2265661259
2204433672
188912567
34393098
117405670
2314089487
108978325
17675923
3037836592
1599250952
43372454
300804086
720905130
1329989862
708776977
393319417
219474746
3015911510
189118361
98012335
1350969721
183749519
1605
1664825095
365231575
200761391
40629323
465982543
421678652
160233018
386119884
85607181
2451194832
1552399116
145689688
297001766
16680262
328101617
595555737
389529012
213604098
2167780788
47138228
34239289
4105331652
18873795
258771369
2236141224
1658628930
90668879
1674843294
116114922
3630026656
363692837
2271933907
277012264
1066202484
31354182
2537814409
151325571
226890990
1612675436
960218089
68144413
1246536608
415868675
426415870
545008689
461923935
71251611
3207571179
522533136
250150808
442808926
431582097
2255141623
42918167
137004563
532247573
2928297565
57288354
427642022
38621860
2507389159
388334968
301012638
287200194
2271750470
2716340250
273488139
1244631446
297704171
2969185766
157026040
146173869
769364971
2353562480
16389180
2155032720
84816752
49285803
495252163
2293401723
2773787474
3153723127
965268559
495890479
3094275048
359479454
255240911
42509297
344251495
28582497
536477074
38659827
230816207
3158098821
86990395
636318646
49449357
1567265376
260726832
1731861157
2628204198
3415738318
364880716
146309345
18313146
424139480
190226961
167814664
3745346543
121964744
17467881
98602422
563102741
2992339449
439825740
298028366
1291720447
386088450
1961333755
97057796
486711094
3151979446
79996146
218443914
11708322
2278536517
80330381
110996156
9397732
3308519643
356685886
32360225
34993839
381557810
49483520
914082186
365945196
1461527948
64151383
322027461
2759890094
3065061144
28337813
2508116794
1083813182
839166145
169671188
630878634
14889370
266870479
368452871
1555592808
604394396
630204975
1581289837
84048685
242448573
64354305
259044967
487833518
431062678
158469409
329481492
20244711
3213518355
11086372
2438961672
3469465453
58662957
2886619245
580120470
597227075
102356778
578759159
310373046
104502080
414816878
836295150
335213266
429047408
72388551
3239169267
3432092937
2330851717
1381917439
491942051
4010754552
14088587
444541588
519983462
27290104
51338718
3838979480
86683904
475532969
48036604
1586444120
28068719
151992025
401775393
1189532996
2721769511
1254480637
293333232
42839877
2164309314
1456728522
58408750
1004188340
516720456
484636121
23574074
2875530224
2510772589
1921012670
16564324
291914818
278688378
965748488
546051230
485855142
21029059
344120055
2347280246
2572693466
1095315812
240664803
303339927
22208731
64744912
191849753
2467553112
86598271
86775536
455722297
355574573
212494307
587975235
21504121
328059298
25081451
69231483
311939820
756893328
187653133
331692146
144816970
155211550
284401927
87599773
61183558
131763362
56650317
74265849
377920202
14079288
303535030
88735534
808130958
484169923
129770791
156005263
317073623
309115480
1248174408
2583889045
620909624
538939039
158858541
77147856
1625743140
59376089
110692399
627156320
90474926
80850919
61375366
21251225
258924022
55156489
574684578
1126395138
2916757422
313696094
321395723
83162598
373289126
547186804
287589453
34141121
237742285
24199781
37641696
235891694
24670390
80185804
40247252
59461392
203872812
250455054
199597160
865005462
320971248
202934450
34364681
185602034
307642463
78297104
1624071703
197873831
280098725
49084050
376435807
17735875
48906364
563260498
69232915
268456597
167151535
5117331
10321222
17018005
125645955
411072733
244714611
164753226
83820677
37870119
2371101
18857922
111889850
38819371
38899533
72940241
197719559
108052920
34873842
432429226
24922595
15692695
69854362
184855917
391483419
178432683
449695652
269250473
38846499
88846611
4733651
1546896846
2491369285
2776016508
48302217
1655952998
17261818
321215177
14890970
289472677
19401169
68678236
16689804
39082174
49568059
36749067
50689310
29761798
14819030
418509252
37267983
166873223
121887978
336637701
396170119
258295561
224414165
300388491
431414814
49694861
42103712
3746392514
3487298414
162662527
32813320
24136198
26988955
18933832
287584679
85259260
817714106
452905017
277624723
184740858
231770709
18725815
281948138
246740933
8300812
46744791
24046270
213021392
965421942
139000702
1107057350
2277594722
2890770580
295674527
123357956
576132519
157348963
319027730
399891012
344261512
2803773763
23311675
247982939
197016444
180332824
607436174
105743153
860927300
1272079495
62241187
85405988
547604101
256822794
23446959
416485580
47814419
563600054
2352931153
149705221
11688082
271069429
82326941
220416676
45192838
50024098
43318750
240760882
107704850
131605132
144614309
48602764
21273874
562363
46076929
9576102
18117362
74694859
46959678
23588075
203425978
380207736
15334730
154555544
182646320
256051335
45555185
780418405
220623516
359368666
3106986522
57393661
98388319
102420077
67226241
15787718
246318153
166800448
315675025
323021293
185517078
55167974
22518134
1238412013
67746750
2548957963
7654272
1628232979
103362642
36615385
21413192
22332114
26587993
33083079
254554719
145065452
141311342
569544773
34928719
40503127
1010582377
28035879
394661098
33842349
16859797
202113290
509760488
75014036
131803623
47066924
6176772
89436969
86052196
244966270
2796273628
16109501
66159588
123692265
1515777577
17756081
14250699
254873869
18759415
872052960
1093064581
80274550
388259663
954509178
3335481377
54359582
149696442
2849869065
7640782
9103722
5697482
2399045929
2713837910
538414963
3309082091
277999060
47436023
3338404607
19254568
575755244
532473420
2852116036
619514038
2291832446
1053815832
45211165
47746339
253673359
322810914
45188226
298759096
22899683
29471554
175330919
25667195
130549887
20165058
4921131
1410736951
2865368758
2153767148
1313142331
2791551460
903564260
37036390
47633485
41789292
253004443
28810409
47156708
480678403
1227326168
1196841164
48878503
714091352
366585100
635296787
19919875
47455112
56806379
46833541
42176166
27699738
1404590618
431773266
15987295
2318485374
72423087
889086978
2181527676
90844643
3095785398
256219605
256259899
229861081
497826020
99299893
3165997659
240265305
196460981
386991485
2242891972
49740960
415102327
2327600372
2493209941
3270905162
98614702
2749463678
3308345914
210107261
959728592
2493289560
2492975174
2350059300
2595976106
2392656283
1879871635
56978361
357628355
3069324895
237548529
129832170
434757408
353769868
17895820
3006838432
126664186
473134719
744954361
1013572915
2775832237
17089636
48440168
497149605
69827875
2292947142
1458487783
90657881
1926272162
1533699836
85056538
28172480
4898501
400031753
1522751070
780084788
15147042
2358302612
943123746
256127101
155261012
2296039772
141255641
886962811
122042844
185316183
2907244978
50414448
165531797
630477377
14074860
391481978
705024595
16176939
1550967517
16076032
574326098
1193339844
2901245151
1359748184
50073784
883619466
455656289
47591883
207515163
16973333
115754870
20245775
69181624
2884771
372575989
15224867
4970411
5402612
192547775
35428478
2810047814
2330753384
70753882
147488561
6218162
111072713
46078438
2481657398
48827911
25042467
1481617022
468186996
469509327
288755234
2964048010
75742264
1606242174
609966385
84339577
29238281
1917293047
121179793
41004033
9233092
2747199106
2810903930
434911979
1108240568
23962323
308301944
2303312624
14085070
19767193
1608455588
15519544
159588456
34743251
33602654
40635165
166122648
69317386
125663688
47722432
2373735295
153772652
1319118542
49429167
219031449
275055781
55481546
2293415520
535033743
1045258914
2530583821
106730860
1355340494
2819818594
23631506
82282572
15249166
16870421
153741905
42901319
87711816
19402238
552473488
532284837
112236047
275305758
313112377
382678050
21764343
21034324
114718302
87818409
15762575
386437541
69172612
567289542
256199675
48788453
27502088
373252683
121912051
72946284
61004770
36083751
1735686132
539199149
233573857
2423319835
2508091384
111296300
451776898
2777878755
2218462782
1017868118
70993934
17905715
15545560
105107549
25974040
24149387
24158257
32133238
18935114
34673698
179289531
118221824
326665662
363724934
85599428
611791931
1105373893
94562602
2411418108
20596281
39511166
36683668
20065768
125851115
295713773
356147501
517697500
277912844
312254799
114416213
119049214
1260044826
26784273
19673700
538180715
999313508
354904115
442847698
2374821644
1879821056
2624577608
66124383
394528187
370615895
283537678
2097571
16434273
18424289
22240612
290061912
1652541
185043343
816653
193565038
221702605
151106990
22545453
853668180
628765360
2365586707
15484063
2374843106
2467040252
425298827
103581841
732944934
818071622
130557513
205337978
49413866
36412963
19801854
84480308
2431254637
2349917990
87019958
23917469
92503159
107391777
58431280
16649758
168983259
14877389
31465017
710278115
2404760498
27266075
22770373
2352982249
826062924
97728804
33485597
366499177
14043142
17484656
2242703814
1053724531
46619546
256782148
98746249
413875411
70779420
21734241
1435461
23841368
17918545
104517739
324238773
471081431
814452788
62558731
286014445
61902439
993240330
52869686
557353458
268662889
867058873
1286118968
117189136
1618365691
1180486404
38497819
55195680
55452097
58515800
15300187
31694001
52443782
353713690
32659275
1539584695
67283363
15234407
18244358
34960648
35459949
22692199
17842366
17471979
11348282
15473958
1498006626
189494501
951020755
2400343879
51508212
33388399
18149219
1594379568
48362339
386994844
1403560700
2308178952
1956173461
14603515
11178672
211848704
41814169
208209869
159589430
17564905
544083914
549185294
213917132
46114448
373639969
19657855
22708797
49685201
240137207
200226529
46238080
428450289
222015809
233291463
267892998
31720113
283967550
276958085
374194678
329093905
171542456
77197827
90362888
1070911525
2162416602
45787779
284953007
1396575560
1522103095
45535365
13787402
294103988
18198832
39571271
965231036
104786280
491723569
268681897
392530820
227752089
208621579
119812235
228981999
17545687
1465515512
19019683
30862829
16334429
153394674
346610232
5392522
425907208
1926614066
324535398
601537020
1057125960
244720289
416511844
247756220
291596941
28646317
239286383
15084853
14499829
1769551
15723971
621543
117356282
20272531
366987127
284693877
443721779
240710285
312536945
2320821690
439348486
33552794
21856390
621563
197378511
218984871
143039548
53374143
23602600
20551303
24907913
1090182433
252124716
1710779965
327819837
242686426
16112354
1595283139
259617528
15164565
280172306
245275454
2342708016
2362927225
141477247
18916965
109577961
2317098440
143531181
14293310
102700680
5120691
2467791
759251
51241574
150972583
1344951
1076790859
152667695
18189723
102296197
436650121
246800983
14815685
291691995
249022032
149495617
125944392
132493630
81048495
61155779
187102397
386377029
2317806726
34022587
385282961
381555825
277975297
459553909
34819624
734609269
18264226
185327973
383720454
127420260
149970298
23525690
15428397
300449911
1364880776
145935897
1254483756
98719748
14647570
17292623
264727833
63082894
1917756824
221678485
196038788
715095709
84315849
105242077
14407089
458319504
323777090
37599685
20583993
18860860
20578408
114579672
316680054
364761686
21581503
8963722
1202383459
1108445816
2256136316
430247730
557466837
723584389
538281041
157253297
519442683
20646711
90386519
19722699
18036441
114454045
404342491
1260176245
137461663
20214495
975914460
248568868
14103189
36191823
8413942
40227205
33933259
14159148
807095
161801527
5988062
26250872
17899109
115002787
75069067
23575322
34305774
569921322
1346628450
17552387
309087942
348352704
18065266
28567809
15353955
103264841
68999404
276192869
175691292
487636902
174739119
164970627
25253684
229822883
46908377
511402689
81916981
1369859173
213240387
137207244
31429737
292992148
197351064
22378059
617961439
754871544
509744485
114137290
1521304176
241718438
47984283
1586392657
75329075
131829510
16895274
19658826
39522692
18700629
32372834
27855248
81094688
23785474
22547762
15862891
172280127
19457950
34896734
1200524845
567240884
20419958
22501769
116424578
329562672
18833257
25128020
16866617
