347315451
2184614086
2273295432
3220814930
2296727675
2784155624
2917247449
140962092
133430519
244164192
3041054075
555941979
362904303
15484973
3146866891
38215965
4133419161
263528840
87208479
994223635
462221028
286619754
2903651663
3368041882
898840860
4025284754
18597967
1967359123
3908251654
2833754464
36361956
3012028978
4108773681
173268847
609120695
255571432
107196197
199737585
1155688602
1355650081
3429947717
807572245
2303421296
4065149968
185714109
480880833
236478046
3701477241
1711408532
3932191647
477131488
359120549
47359773
284759869
1393761997
553011707
132520269
110846939
2985735220
2541667448
841971758
94365736
3317383055
432992338
707037571
1875882782
1683973213
18518051
4053934427
438661334
921324824
50203389
3727794673
3389342548
61420092
3130775993
127277969
271536707
2260978466
572720358
541334851
4047563818
116363792
25841927
38997257
1728408043
94846506
56815890
26790913
2706667477
3015143656
373079416
2366020921
11274452
2655594823
1334169493
3565713439
33046629
1889004655
1713218060
2571192054
761660682
344053705
233805699
3028922475
269995352
194227635
207630252
63490046
102844435
3181961448
863066522
3994299725
2350618921
42641353
2372047428
30340726
2787646920
751623961
68766990
414529752
2676074185
1519341564
2842641145
3817767922
2384319703
2584034636
419690948
3996563841
2647522568
122220299
1370813522
121375422
2889486125
2444369104
743368848
3562155855
497991403
44582973
338935434
533291915
3120420443
315322262
39917822
3427499644
85658990
3120572834
2917025731
2699097006
398140709
28119084
2826292747
1961113274
3439096667
3320168912
893566992
3439368898
2552906269
3216241983
14074474
22622497
3058704205
57030951
1350757747
612084854
1592146578
2727683563
496096132
3949962797
2382138736
2750007175
701255647
1080749822
3402562042
84613009
459971289
2377689991
3557486601
1196808079
583607156
3612683783
126416038
2494104896
2434042069
3304816953
348520806
15987675
352289827
3892034296
3490240933
113383320
3316278582
3883477227
503394074
148991478
56050543
353842152
236031895
140980031
30820266
2402548327
924340896
55874399
129540152
20652557
1559220552
2556570272
187519079
46700380
2873605907
3803526616
3271587427
915334854
145722701
2164511882
2441946757
104253734
3236824063
88843660
3505608734
29781852
152073153
371352104
1081042932
3888520337
95439667
304919459
185567498
2360650908
3016727455
2870321468
2467319924
2313275360
398057763
2980390906
157771224
1175891730
3299728562
101712079
3667744227
3811893867
342724408
2369351552
176229965
180122159
201248735
1920585852
3694421240
3807146722
156295900
83213583
2842512217
211001085
30574928
633978297
3302785661
37522724
24973799
564859781
3708312796
3677986762
714636637
1424964642
2194894580
1877166841
25445276
3376306972
730263762
20002762
3439152995
364560137
3599687353
40517222
2903702021
3177195498
3657304035
117499026
177840705
3414720558
227533004
49344076
2356169851
2220241836
3484583832
3722394556
2391258516
581331685
1887657187
1189738946
1551022897
798491287
19889683
190734647
64819384
140555950
15799594
269825074
95961445
409407839
105816248
370514670
2259363626
127756121
3669023062
3078889382
2934700445
112991632
2467067472
1500157880
3598099515
33279328
2792536814
1969420141
150680456
11803762
25387026
1263165697
121684992
152284850
382281159
87779569
995327124
3008223446
24190439
250027670
123313980
1552847876
79851644
1398948588
211191392
32563666
1311059342
21421580
104366332
2837852515
1268038951
23423648
9527932
129461115
864242821
85883677
783869731
35789155
3128791331
3374936991
95085833
259368958
405141209
14164193
490150112
2980924303
3608783002
261443355
486997945
1945249706
104241990
3034461285
93649547
3335898575
1111521132
17911240
118276057
1945085910
114459727
1606176973
1176714402
3301509496
481725750
3249775824
3532566329
3513143475
2824339448
1142621034
17871188
313212081
2875393715
3018072523
2308747424
1279624999
64653568
3077116578
22252504
248361097
3428598201
3526893742
17400407
3143589653
3522196695
3372618860
3326306971
2827630500
180689987
2748868231
3504412102
16044272
3495232583
94311946
3046301254
3437954488
3292603795
1289069959
1369785872
3272366239
180833774
3354827531
28056801
2997597571
2382793933
3301763688
1278966415
2861117435
306889678
2329595875
234148625
887421030
2935123446
3486344535
3171391914
3432807310
3302735308
3356797338
3395047572
2763863266
21303803
43345620
256098674
3320549834
161009473
182209575
6405842
3073929614
43831635
3241518136
56745215
3301259993
3432639196
3261099978
22523357
108708484
2432486456
3014392414
1400564712
843120673
478011227
90386746
143044718
3207795621
1965268782
23174871
49974658
289311242
126760894
2227202353
213838211
3335215933
588534760
2154551424
3131231087
3301023373
1418816948
3428540554
3017358193
2829123283
150293702
2828039523
249712302
3064903552
1244372730
3242055857
3330295305
3434515732
2842703614
3331669865
572826596
312006446
3291912106
246559005
2512602248
2532923294
25897149
2301761096
305015198
3402738658
2333491682
3030662970
181649872
562100356
256793538
253184910
2548791728
36167840
1244715944
3186933106
1671585252
1379301222
2279548740
270900518
27012894
155650832
2991742193
309728693
531892451
274132854
1241647488
1531137950
325497645
2674810560
485695025
2776091545
3192009729
442170776
1431492114
89536126
54966684
352487356
74171204
32037390
481249768
19662097
319702634
1055364774
3345339117
607650336
206008144
3301334073
902409186
7446242
2508103291
321026466
3213634851
112796409
62839179
964495602
2341164409
20536157
17093617
783214
63796828
243228907
45683903
385885734
30866314
25661626
351886508
592912724
120578352
2885880525
382992148
838464523
269034911
18246734
461879656
212004459
588507814
171567873
949399644
363851443
23462280
208120290
106526969
3202281
124237063
111425542
20468289
701088258
305221233
187196936
485990358
376347156
246835418
116748080
268550726
17430200
495517322
228586748
41592143
23962312
115132543
461242546
223560830
115039678
127910801
21237486
844616582
90424954
83987145
60633599
380546646
1897673072
112544674
1416401154
2445528445
36335047
361284534
5625972
543876839
282741996
2169023419
84347917
30217291
95104763
22813422
44986993
15974185
27254739
1092624332
1711239283
2257248577
324978824
360054369
164787325
529704495
1262727931
18696855
16045268
1551242316
92512982
1023020557
434681699
57579512
14062554
16645335
209309794
1615933364
442982534
302255972
100266394
17286690
201857425
26476395
1299752738
191340385
310015005
94081649
31263849
19071689
388256745
70746099
154428908
46546693
135270262
17975357
369758402
282066651
58899280
283982869
701293278
192871068
55606259
134757154
18294275
20187065
424706684
15565076
27708036
277430885
107546300
559118259
385564907
305552158
176742975
39585367
248795646
48289662
33474655
5694822
5695032
90692540
556992335
919856245
186040407
29881875
17226612
22623663
5383942
47729329
186928428
925138136
540233480
1246291770
632341632
1033377594
138845026
288402550
256059447
41602160
25562183
26077026
10791192
17918663
28160998
44783853
8963722
15245706
14282672
27922157
1069206060
19402238
1769551
22708797
14592723
20272531
507987512
150180480
20478716
183584164
129842864
741214165
72791208
22988709
264399952
108655269
326365721
53050264
82095703
42418669
583847259
964487156
930435480
12819112
397655438
36289839
58838415
165757778
157642055
47585965
23794763
1076270604
250997352
15172980
15141509
198626308
258375812
171613336
44314871
89253100
62465691
191593677
22195223
26832834
392516886
343341273
290158392
52107586
242359515
32624460
27900939
232939597
39619445
350955752
203470497
110630743
957191768
301020177
46624164
104849145
102503323
238179466
199392897
707170567
1150772954
260844627
51041256
16817883
333585299
540847745
466062053
130902749
18726353
82792815
1092597763
57084370
1077633912
380484026
252213671
29100243
17663756
82214420
119428205
174770559
88702470
22005069
73181712
15110431
66580327
23544771
84312619
233364902
17843236
86626845
21626287
101778101
6429252
111054964
169489285
6436872
23323149
9548232
241116080
24212723
73310442
49445813
104893583
35315865
162535413
18478452
19313995
426909329
19416598
16050032
13649002
14441143
244969675
23631835
17385685
96366316
50758087
47348249
29113916
39653167
295221061
310630578
56486495
151551090
37710752
19843630
14267832
232578837
50753411
44438256
102094857
102754598
596569701
15173603
380816062
18169240
370710707
65457124
727094240
17054817
57107206
432848802
364909652
15790717
50403804
593359147
18165687
351736842
701753095
307222426
326138289
74748331
44763075
44367878
606760856
15134240
40047360
634792291
266657756
23006082
503881599
331014034
66325641
66369181
35961145
68784803
158336781
260219480
564984688
148035544
67401481
37929345
35814702
366768759
485757615
75348670
121743449
28336682
3355281
52488338
20693661
129975687
254183350
34010976
588389497
586948424
356324811
486321765
469324230
45537659
31164769
282615966
18516863
321868094
542239976
17583639
411370334
356192579
90699238
38225654
86455649
15537973
17396360
200634860
242859029
438636386
262151174
321346435
56879674
18036441
20678850
56564230
133444623
36478822
263819136
32492934
44418062
15862891
32372834
32615991
21155592
21793154
275690183
18026170
18198832
18294197
404388252
15912113
94345657
23799349
233442777
81178714
288678466
18659676
22977527
202578100
281598440
29067047
210672830
312768732
87874240
338240032
367195155
210859928
161626270
334094849
55280741
261473143
279225819
219476481
16245822
95146739
14987728
61902439
19614356
65669415
227739261
30058454
67649244
106054904
23101387
25324110
18216990
19185441
63138926
191582651
96822785
82702821
38226126
66255311
191584909
26759915
61157369
137684388
76003810
267327862
23583278
128564900
259760160
113375214
277660111
148833919
177287056
28436760
69089843
124271997
196412661
183033795
188152921
229246832
27659232
46478786
103290257
41646382
20410279
171131696
188566481
185171375
66449481
95265217
239805236
191563802
122131645
71490827
18683406
95363183
62544076
40746498
97398563
171566372
65595647
269552103
205858089
25084400
39958512
196114862
136461022
27320089
17897474
34393458
103138795
212037098
213012200
143140614
93655345
259276850
244286175
117840729
219991158
35238243
11177602
67432574
63689362
81938389
298056973
30862829
24939988
15460048
15282064
193140815
158407255
20746400
21928178
29726578
22497950
38793346
222546544
56446462
281721477
43937824
26521820
119462048
47730394
254162198
218673086
17850535
277950345
22943922
117049216
148981702
233648657
116660005
46650231
51269871
137787127
21922029
39825002
49685383
117198511
150958479
61208260
27716868
57130713
16519380
9233092
18436601
130241862
16044589
100721587
29601340
37334808
67003972
59024334
56593116
272986567
112945339
156379080
167452537
38986882
92094438
85287931
213760430
90726014
16465385
111317745
29812651
112654230
35812001
90629999
92501411
222147370
199838108
16866617
257353887
27081406
14055820
36129360
14461362
32879813
46485024
123953357
121408550
218477080
15154811
59221014
12993382
87569989
1087421
123582098
22462234
130080405
22746537
243592010
37732219
85906238
14550448
86812925
194451328
182032037
36504063
16381480
20830163
17047208
15846427
259910222
211261440
29063555
102808318
162060297
260979419
267866065
118650887
269963687
38148704
11141732
20865389
48347254
25925451
85141254
18694163
23498831
20695614
14738561
19679586
87255753
16624106
15458277
17546952
30062649
896221
47726194
21232238
15737554
93932440
62862144
36078825
130579391
237414965
30005585
14847903
20603062
61270903
19658936
82647279
21754354
32491564
20461563
15811193
41337806
54673197
36946378
55319806
89767179
16183006
54642275
52195943
102055258
50385459
163066476
17045933
35306978
47367118
147350456
23682830
48643501
267863846
268318888
197775660
24043785
39791632
25956551
39924174
28879788
56378468
51444942
19083313
125988509
17843175
46342393
15601423
29024460
27143494
46371428
27024872
26681305
14324284
34115195
14095644
19256096
75015382
65633697
36759379
37499588
20531154
23803504
110751314
235165412
81043960
81028158
80613392
63538464
17542775
114897776
16373526
18537317
71573736
18089292
15370019
39694489
100658284
74690215
138473180
56433349
180410174
124781338
89570058
54256505
19039108
208988759
55586523
137836269
216793572
18788629
146569971
17082745
87508937
250201899
14704086
70020543
86538102
14824213
26487100
16150688
7144102
28173220
49020544
28023432
32160273
21153870
10180222
31461371
50318478
9780512
19704268
20750406
34222024
71323069
15755223
49107488
148764505
123716764
40122267
28870127
56758053
70548606
43545463
205888667
104228250
14155350
14617444
35862569
252225857
131202922
60783012
50076223
46145761
95732573
25689032
43199901
85627837
86594757
100594412
69334050
32427234
41103524
54872912
32523291
127894600
166525012
39284958
39349208
15058309
132117349
123353318
40397358
15383592
2443051
22039659
20457806
15724052
56488059
63837338
36814136
53039176
172496840
15551260
61008852
117064656
16274109
19837528
14837383
256093331
250271525
197530275
172366806
159322143
190307712
71105920
52856944
97079923
143960873
178985715
18091025
17702586
14401544
58788614
111187133
77182937
14063950
20093607
43263915
53104364
15237935
35944566
19658826
11976432
73171278
49048541
1435461
60918963
75073960
22603283
15118311
63183702
19408917
46487042
92164206
86979356
45559061
20026466
20344535
66188731
21234787
26108734
88763057
20769532
82104385
20821119
29260426
92333032
14742431
85109725
94399894
22092980
33191649
80583164
76959901
92010665
39753738
68770833
48409357
56685979
48071142
6756572
20526984
55364492
18723114
55558365
36263925
15893046
19019298
19753290
17437735
25316676
20739038
17278322
15907076
26041146
17779259
18499709
20815041
8814152
20638800
25510510
26454087
20102364
27413705
17867582
1940581
17984760
18800238
18953784
21892013
26028174
9802572
9860842
12161622
27646691
33948417
32051030
25527351
15781123
33267785
22683913
17593937
30097985
21413951
18136006
