353595458
282721598
43849753
196521046
68654425
910672590
369746571
3374608911
2487308412
151820189
3021758846
1327504387
2161477598
343267635
859444603
453893556
897457670
19649135
1087267946
116526242
132549715
114102708
78404406
297015909
57095674
634927056
1632937765
57647745
574772067
2321505098
1653647731
2294628337
1117313910
21437452
872881308
484182229
733384358
22699484
2745447155
1444094413
1531994442
7166582
14600977
15533253
109346200
165139241
2796978633
2384219168
2996482889
416257051
1410502682
196274873
95346455
870043220
115446862
22930958
335498133
550318943
467666569
15211602
69020729
45928911
89288465
36368002
243471727
455437631
216453181
615214895
355025858
62888867
473354756
322655538
97349265
287829568
600192798
2420557560
365486065
30248029
2597812628
186180317
208815443
62887462
243236975
74302001
310535008
113685351
109475168
73012669
208755112
153877429
917136926
1126593422
771786890
580129426
1686460650
56702869
1653459445
325650454
75624389
1467510890
74286565
30313925
1339835893
1330457336
50393960
1093090866
385798001
23105307
813286
185802351
774142460
15441117
205428550
21705478
21316042
22203223
2247765384
23620660
