613493565
3191421627
1034679306
492882039
2745227702
2911976341
2800094623
1120139934
438500346
3115221348
3050217884
2654666060
2342764929
2756409323
60154337
499103536
293965839
105992872
1939088438
463859209
1158066967
503019048
1698315715
2227753882
2335425390
947523433
16542390
382508095
1043211236
392773244
32347467
1644769477
2247381398
87192085
2177887381
1037267516
612797013
9908282
403432319
508763841
3670164914
452312018
1546634383
95009868
4045506261
164988687
239415421
2912380740
803603628
1665286051
3181440397
76970976
76584425
64492144
48219360
2580148910
242687253
3228935514
566336271
2952672855
302236105
2310990899
65466071
303627356
3904048589
455445452
3318403525
97466896
2337419703
1417757425
497507884
43866049
465383018
175175270
126286411
42024932
762103951
196171683
22101371
1467192294
809150005
504287812
162762380
1657220197
3420779349
328640181
124674583
348734313
409787202
158411248
797468887
3542158216
3956937072
284128911
787364893
3067290751
30993954
320181594
2761095396
60619147
2884989193
3399902249
3301926908
270771330
2323003348
144837968
357687685
3017464921
245495852
132190080
146563129
395623179
1565899987
2429934776
15145073
1856532362
2228954056
3271216723
904132304
416350977
3242989958
44552852
193223965
340834656
140558720
402288751
48022536
33664693
3099820056
3130196711
3271676977
158220257
4009973895
3937859055
722649636
125083211
267915858
2671769338
69679257
2463289706
236234079
216303531
2505254119
60034394
3322080185
3843654732
1549748922
2602807507
2545883980
471043083
366089337
766813686
2811431178
2834902633
2838230316
2776587295
40990888
548536741
2649557253
2205032452
103543881
926318420
3221107468
581614870
170358646
501935591
1491698864
1158314846
785235860
2507957521
3255840975
347881095
3240363302
3010253552
43238571
1069765628
75213543
1681725830
3248568432
1514873826
2417239340
3984216794
105457573
2188555658
1726149360
2515639111
363163590
3920847328
3937915587
483806484
221874730
3937257732
558696659
2650999212
2904167341
82352427
15694631
2689622250
502790604
2226736826
3930309560
13481682
2271509000
1023847387
1859522646
2497428774
1357797150
142251264
394097252
2564661608
2183551525
475062949
384448184
3257379450
244317966
2889326605
220470918
2377247311
3435142396
634346252
334032462
1719363344
3075364957
459265585
2941662787
53500544
1358771396
3390306853
304955899
838903748
3801933854
3322475983
193521567
313478161
244227528
73887388
3323988474
182298599
2493954458
3419491814
3316012100
1259786971
1455349080
3313210795
49517025
2780166577
774171198
2991066083
60474876
3683520973
3232644242
439291341
802181923
815077273
3008595122
562775005
1541022918
756377406
2486317314
2375406199
44469136
513412159
2293418102
1698506232
1353491820
3284163038
1237876092
480371205
2516267209
48937722
194849792
317783133
224973464
544447745
2938799466
3187251156
2791953405
112650509
24449097
37683201
344496766
1483935336
119594633
601567028
797770519
963840602
3379449238
2659441980
352789116
360493450
2660662738
3116559350
3571186339
102037970
3281342162
52502040
3513914234
2948809485
393099706
464208953
158950855
49233000
2367501055
3426529933
55465518
364730544
2715587878
212273141
103811289
264004582
1973746874
380196926
2172356485
264294647
631985370
2888861024
433905050
50350342
371371884
235298285
583703650
47603787
461122140
3024221765
427415956
2714271986
62230168
65813496
2987370337
48634798
184833682
303149443
177171200
74713570
1133724474
3195331086
322516096
1309059816
2258602885
2259993385
229341080
1838401057
249429178
1418704651
2510058893
2208670394
3015157055
1065798043
231139385
392634549
327448576
1363776572
1825158840
2888724625
3239595316
1157205781
184029459
3313442273
2231435803
902841756
3134019071
1089054182
2533881566
2943330010
3207843383
2169102252
2837545762
2535307104
274693875
2492255617
237903258
212127385
184599763
2535283975
2972602624
2533402586
806130732
2535706214
525171812
3038565050
67486584
364192302
1053817212
2682302543
2315786760
202751326
3757787895
256603336
289797602
3115130275
2565305905
2588497868
3757879521
3222155008
2310320376
3956302392
1322420269
3758007142
1674108092
209583856
597320092
244957467
2903562782
3433663948
2371217232
1049750328
246805859
3392068180
200094724
2343117278
290460051
2745291274
2898588043
44157315
3263123395
3758178863
1153331502
3536282844
26778737
3240478391
385731887
2829401246
3758170289
3240889550
185595289
5120691
889629320
1610075503
2656824386
2274628063
259464558
2872300000
113655965
2673461712
3105941239
720023119
3370428695
31035261
2952816242
1117060014
179678231
1044817338
352926998
3308780199
18270633
907847136
183968677
2691895481
408235226
2732884233
512817072
2371778796
1033062458
3921844279
3103347040
218505318
612698577
497363497
2170652923
1291560554
209522455
2750990109
75521696
3344458419
3888052514
2877627180
3365165597
1880091354
56682701
564739170
3429161151
2600147630
1661853888
2529515989
80966404
1569643249
1674612464
711967130
29300893
374536712
3118945738
47067373
1621881205
131991728
1652460752
299535448
2224468105
487389984
3184854554
2286813090
1417779492
199429748
3215359150
45795557
121446843
348376946
132802398
2591699511
636502818
51356369
3268775628
3226895432
2609412948
3290278999
369672854
340887129
69696542
443869077
1290992688
3318815863
2267096714
234376341
2785345735
393202608
2279199954
2903549049
3212620426
2438234042
24179805
236486209
2662272408
11900632
15323677
36809964
194463108
2417844428
509176871
291683786
411281543
936197708
2505353882
3178323608
2924100629
47337879
315802208
3269155632
213485243
2258141783
156772034
92787545
2844953469
269014791
520870305
2247408236
339328361
1112494458
307930952
211464439
3296652046
3379301532
717101058
1475873286
2504532324
333805525
1179741241
620235663
3085545022
1050140238
2774044023
959727432
63528484
1916923496
2777797080
356533780
763042242
3828430581
23197452
1267246477
3122912254
2712589909
391252120
1316303648
226301414
949553922
808658839
1044862482
84927296
2848158540
1896156637
3152407786
355496920
302963499
157867445
38400130
204855841
74886399
14378429
378063383
198393228
2761464558
2295240846
3014460343
561851419
560148401
1961860560
475798046
3269280708
26183143
3302340122
2283829819
1246536608
905493228
377459116
2315089813
1321431708
618733437
326626427
117227534
2439735457
2797990302
1462847136
226178572
3094744713
16951323
245041227
3233569854
70073042
3118625393
2424743678
176123374
112238542
1951004220
368193080
112097990
7810332
3261953450
2234471006
321918128
120023425
86241294
2985727758
375094610
1479388945
41559981
2691037106
62040713
2647215037
3360687433
197736436
330699465
2907145908
342026724
1905457188
2282059237
1360971068
351230018
32802508
3072307395
1218859896
742143
278006137
304443027
1026870007
2227738352
2993566454
38479938
1445458916
1731163332
63453161
403780910
408254832
328653957
262649260
2946184498
2552103793
188905417
62987842
3182535313
2672131417
107391511
95221873
496956881
124944130
472912426
1573256910
589173799
1183059596
3689314093
143407752
2982338121
3073387932
417732580
3870341293
66393606
2765925153
102570095
2385638532
2822827040
3066010279
225869417
2527849134
888257310
452845910
110647525
1930337438
396369340
1062856344
603480737
2714638010
3062015678
2567183066
3235557692
624312051
2765562551
343403914
404856450
52074241
2344137386
3075035431
77299913
3045204214
522061248
3682046173
1667979204
174870726
2315292894
298499916
2308685204
313018991
26450469
955317906
2458510246
3990356667
3315615019
397205096
103301653
2936851151
1461247272
3066556320
3167411562
155909757
2522710879
1669672969
546115256
2986292681
2172321758
1863263880
3243774759
992067566
175875725
700674620
3158542724
172796191
3013279921
273701778
44881141
61928745
18113714
1552524072
1549319371
551887532
88366277
1613968500
88889613
3076778633
2833593343
3400126246
314950067
342590731
246694777
344107558
484588118
23014254
2801010265
1552416848
535885828
15065365
339903277
3266564275
321406842
71198049
1626600926
3835396486
3804080172
2331966540
2716419948
557196535
468683921
3290900529
2245325173
30238286
1384182667
402734464
3257143704
17557380
3217417666
1711690530
379580643
1028780653
1522059331
3232641518
2566901336
19519947
42700240
451361654
88388328
36684892
73320704
387779506
2280325974
25999868
80258865
1652963324
1550439127
1318923116
1560525565
860650242
140395322
1281326761
843726030
3294271363
3279217308
2493363253
101082297
3278324196
220588239
482590732
85243004
2923280833
1223390256
537730114
14108257
837103482
791124846
1576632475
1566855540
165767668
66351939
1129564884
3298400469
105826497
3193164726
102157541
2996941212
357357693
1900679084
1687226095
3293193465
2882711961
91573849
2583730628
2897274312
799128883
3305702641
2343449520
708319914
135841599
297703054
375972410
1872152918
136471087
1574720826
2830130615
39717907
859313034
3194013768
71859773
183355065
397679331
952538978
314601333
69641780
16579578
474831666
2178705410
2282127096
1909746842
209246840
372805507
609813993
296172361
3964494792
1538521
342797200
1319271379
1078617654
133440484
715528057
736226022
3358095111
2908602571
1927812548
2932418154
597496171
162379135
282108773
1650335600
2919308304
469907181
745002168
3351633124
2954912221
160471778
421288845
1006241150
38393107
130804470
3129877914
3182477402
94643052
1925841066
3243648878
3191745968
334480212
38840891
207571569
22526181
284536194
3054371309
88442281
44445691
1410782874
102898925
215772944
1601306750
3393513231
323665178
2404038691
144169908
231375815
340285986
578266551
1602264654
2401025588
3163326352
582812781
23458031
3550736365
18961853
19407258
128916334
2892487618
2691575064
57279114
138145772
20761193
2525537522
3062007386
2352380418
1954604594
45543485
95630943
3206934553
2424229969
250658973
143774537
1712114491
1117082868
2229398918
2539016140
355178520
72084262
3522277218
75243680
303916577
539164368
2669931979
3284344698
459842591
343501758
148346142
2907790674
3199723458
27762826
3140614432
560780311
3195022231
10650732
2371663639
2863652042
3708029549
397354891
31128798
3017695218
83105401
2562386904
575376654
434489828
564567684
2260416098
15084853
164398725
3016146934
25660622
3131272989
3257891899
486836841
304339805
2646787573
802140272
246262161
3285000025
104009903
1443262112
5854302
2908932439
2897669244
1327013600
3192317521
2638013203
2634630375
420895151
129389158
2310728066
1116725156
3182470242
2517697075
1513902578
3083783657
26212450
388102903
19808626
1633123069
22508024
374024007
2186406637
2574081156
2311043574
230534882
3431535441
68156126
134447544
130947553
3176075211
727430089
3000400046
1602326892
1940886054
2785109600
262096548
853317242
795704384
2418846596
2281630268
320573800
2791939854
1097483281
246965665
2965327880
308642841
2255339659
2627067789
401989002
352871102
237528202
3313259059
3312384572
3091450559
3696631993
179338767
40673718
2194291837
3851431875
2805032190
103087195
3010907666
3212513620
1918216322
1925907140
339632288
164622407
23380392
616885192
19742482
712392452
2595655416
56670878
524526508
367033460
634806734
237017876
2547997213
302587410
2776688257
398594332
1885510056
3226167398
545462949
2474125729
3112402096
481968153
29609464
2168539838
3580179733
91134076
972936630
209386990
3002673733
3390857561
855541386
2270080360
2889515011
2296046976
3194263440
3975196042
3191960161
2224361876
605248395
1497731778
2780230549
523270573
3226045304
7961422
409599187
497763465
283309087
2811744973
1591131403
3046129099
1616649482
3467369418
561420144
2682159223
1446276092
2781025291
548166357
1877831
3149797644
1709779824
2962981914
2839562916
505644158
567207497
429112432
1365046345
19662223
3433440171
3388034123
3993967895
419838650
192913031
1626267996
3246580715
39956328
193255505
868112707
1091295002
29884908
3241815936
363300139
173028561
145207226
118176912
2946976346
1510396417
498733074
599325182
1275363258
263984652
2274675757
3017988333
2903068733
25896459
552975007
138223321
138224760
191851355
25066346
2515523714
1337700890
45100806
625172280
367184161
142291045
3646877724
473891337
215044194
274083789
3044577557
1682240780
389753891
3453097640
3016822157
2542725020
810498103
3051082268
6107422
3745077272
79048890
8876152
259229575
3178665529
5988062
122081594
2935496925
2892759746
236207452
3186455073
2243504280
409014472
777281389
100342484
1857213025
976372106
1704238740
580407568
3271051219
3181560859
1014742658
3691509492
122733486
240913423
558429165
1333928556
2309265247
450937420
132032573
2938263066
222853800
3291969618
69212244
31376377
2856225008
39719161
1682777208
19237117
3663297502
139315736
315180025
765322382
1702243980
261470130
880400546
349340623
2896752884
3289111376
123228144
354041852
441789035
1827211244
147589629
54206317
59541591
2328393420
58758532
2976777786
176304625
107860859
109909790
20696985
2605632744
2953644715
1706722537
158625837
102700680
978367370
235340432
252076307
14177696
1641777133
3195092966
2170324046
136756642
30210882
3279944630
235101565
1547481037
406919141
70156671
437381434
1417084892
314973582
49842498
437417506
100966160
453088398
118936250
2171814121
2829581478
1410549512
2339732719
34322296
2915721277
133183469
1149835933
544768770
2164220029
1409199804
3901038027
2942830543
1144067581
347856887
59554714
337738154
173387420
3761444356
302087748
16252903
3074687473
1132776031
620205398
198577337
3349946379
3551057412
2451072715
52047532
70250553
3400012641
2253132835
59119971
463488039
447591857
1426778316
431696472
217426144
475462788
61297162
3469909635
576093442
3166681916
3182191980
37432206
150963967
65418573
14145739
3631121715
192479830
1423036867
390821588
160830176
23171667
75971080
249293693
128787170
1313720209
541528090
447949846
634378524
161318053
1322373367
734953902
483174575
3173348733
3614852064
85212577
2946683635
3355776544
3346150931
322249804
1421241288
3243155034
308163949
1204814623
2420888094
138223751
74697886
138218746
138204314
740929069
338985423
2904489946
2464983572
258309658
3954564562
176123550
569839826
3767333053
512228058
3308884668
362172166
490089222
3687075977
1966707559
2315590069
165357686
39922594
581663387
2857735980
90619524
410619929
602608366
109276609
2585467650
3141242064
1404204816
34504292
763464150
2892306785
15892907
954782642
2840874818
1897215386
602569084
17727604
2958437315
836175288
86142824
86927333
1024013707
21014877
1530144559
2478216571
2279674345
442581001
2421712999
159352308
175349053
3118613878
2903448109
831632904
418253777
99932847
3590690974
847871077
33873490
725752302
548132497
2864472345
3323133246
348272086
3890065520
3109581614
97899703
1292103348
98361561
17394236
2874617958
3212888771
71439987
3350831986
165477824
3878838613
2368745481
3734610914
2496615095
21501692
3316651580
152577504
3613795515
1637902171
255538541
988383181
3286352665
3182772721
2922737604
1540323444
198066733
2570817998
444055041
2613791900
1627145996
2181123725
51684249
2455466228
3704265613
3194036811
2573620843
260656713
496876332
363213384
395011813
371164025
2300811721
2836160444
2797189926
497597422
2926734925
19013879
2956271622
2354357696
165452552
76053500
135697124
529310339
1555947438
144070159
2782301334
569751407
1485683521
3164534772
33238084
2817454597
925620756
3846446772
3255651366
2821262691
2875078728
464953245
3252934471
364183980
1715254542
88171143
2953717996
3359810363
3009368917
1259497776
2895862548
394683053
3238023407
408403671
1116655081
1022233435
2471782489
1964205782
3119785856
2537899226
2781060026
264104782
541684629
159038252
369902855
288050018
2594840274
2998699937
33388399
1128452058
2351361726
855990524
146315597
19274650
461881827
3645462316
99408825
1541684016
2821095374
2362484630
3274108273
1229584734
1233173995
3293864967
1617405324
1645581481
1647302191
3238089788
391171134
1659237332
517838608
257905298
850598983
1658523253
1657316702
391550231
388337579
347416802
394809604
962243287
53372965
571181530
1345953037
32359545
2683934041
3583166174
416369906
560413895
1448757211
2899900742
3272412944
1246210093
137271696
2917525122
3307849371
154786071
607952832
3767355978
3231688735
35896197
3232676461
102025365
326632316
3682119798
424171507
233924478
1443521203
3123585585
147125960
458748115
867070008
3448389632
505267902
1004395910
3912785773
1409222114
21261468
358076574
3052468128
625773130
749069754
3075812854
3312259554
715235144
1891665510
3757575194
1017667920
156436982
361493865
19733334
244880469
3631161792
1060280900
3191939049
2242777291
2929441553
3162903476
3519570797
615956915
963570266
497978172
3252731185
3294167711
158223187
2279339060
590155987
3377753479
557598925
18717127
2194445160
2755815406
1451446363
374842590
2830198114
1441978518
494958846
1443980588
168067572
14569981
3228152923
77200208
1229885108
3172057770
1529796421
2953234268
2978668894
165674481
1454391031
111769378
1070011975
227510699
227342756
1382114917
1351825099
178745425
486048411
2349086388
953821334
2360216292
3253424187
95302483
518435708
162628558
953269891
145595563
31101943
2917622743
2724486752
222114708
30106386
36663894
3717785357
2190286742
746072840
1943686770
29161746
295245660
341336894
3175707903
605783587
232891070
2482537845
280962879
2794092460
2464236114
627566854
17463137
3070546195
3762617179
227023972
571671518
315435190
2984348180
144569635
11262752
2402332226
2584021040
262627248
2302795094
1645080612
3315796784
16914655
507239123
2876899867
236753010
58819992
2943464443
3093874074
3281162466
162383645
2476489621
456534862
490557105
3425693427
869548801
2650350343
3692042234
3309024967
551895510
1682392531
366377878
1255857205
196144743
2978834038
2302332660
325347801
216551200
57897633
376729090
1924434625
384459533
182354952
2556607502
2159450197
483814938
19531488
17593440
103849307
3767275512
956311722
106277663
1367648112
3243437345
291676686
539009841
115760304
93856813
2939710172
79769567
31234006
167321831
3191926604
481011796
227682918
2933389454
2219874457
244090270
2962209969
1291115107
2999308197
3018564234
8216772
2806840676
3228786216
912706934
34697179
430491117
180418277
1719763742
2597920868
3368997633
3152916344
3351226289
601207710
339304507
3012277868
84236859
1363472509
205601523
2720432684
2450946961
2192579019
81678159
2183823518
2891435572
596167424
1430793200
539890910
86302820
84249029
391904417
519402663
3075496579
3280750029
3055699439
361115204
2361604001
153368495
3662766497
1678187893
1952041471
165286271
379675387
2148916037
1919392430
16308572
3128774231
3310594335
2834599465
3160658862
2950249200
538443797
285455745
28413173
3638997133
87150284
3000123060
2803824595
3177045109
3303099121
3816213141
2510073643
119169612
3247312055
3177179390
3297495499
3374746520
118828459
16169888
1570767128
2323636807
3130798923
3101204803
2894219103
3311828524
3045103072
1732181940
579721606
723970452
462814413
2758181963
817715420
2708636053
171958610
704837772
3139901801
2794329535
2838692376
2823072618
1467644845
173165968
2972658759
727527806
226295611
932431255
930826736
3062347398
3156006710
53775527
260116053
969920803
2371810276
2485052588
1320008575
3032803151
18108933
2873611347
225719591
3312087027
506495827
3151498374
789353790
549882500
708463050
534089178
853048452
3107087718
317464730
3017605851
3252355592
2900696378
441392968
86168729
2297078043
1396506788
3250076899
3233826619
925473613
2227642088
78071454
2612084223
1547677586
1606073480
2926643941
260012406
37411102
443318526
1448437902
955016910
375535696
1107570475
311803980
47591883
842285408
1557674269
3293550539
2370135055
367263750
2497868932
1075334460
232444956
402585553
72300301
252833871
1522776600
297408678
38063800
2355805394
424481428
1225233846
14426884
187649345
1253062926
848434886
38959926
2653341560
3004836230
24127675
479228341
2965602164
603563652
2921985221
2164603466
2255943541
1365903721
2175511359
498614695
261718624
244453687
3214756967
2854891474
3228665628
326318125
1662379674
1103585816
2469332075
19113039
1712097205
19288987
25098164
3108896957
2884580111
3178058599
582075569
341356240
2904656993
2170446163
11466462
2289819867
2999484422
2175336800
251553070
7154912
382564878
2386323578
67230384
246849791
3225036751
2907575528
241094572
77075072
2210239021
2952661676
15711069
2439518564
2821858859
2906871387
174465733
1690706515
2909400341
584404839
2311819736
231485884
380816821
2997950195
2410966871
195306759
2948603153
2500718047
280629938
49947202
99831609
104640018
14861800
304547610
2447789955
2896137460
2922907270
549983199
374899422
9158532
146499885
154843137
48082857
17874364
1519909896
373843965
2170925357
568396203
2469607075
449149322
2921950052
2787880658
704703767
303307812
537628712
2472948314
3222843446
2991591928
11162892
2965173885
224306495
1053883536
3150615320
219665123
2611625719
20573081
2908332092
1566060126
3176401191
3065277999
293256611
533843346
607266393
2881707438
1418323939
556761678
184504138
2455553926
1454441665
60192669
2160659829
340742822
1357417620
2822424025
1850333510
2302060226
23690988
344304869
592641430
2230512962
766396015
345217542
2330408869
2325695792
317932377
2964222905
2383801265
114225253
3105464486
250859264
1696955581
188446158
2369427842
1120743348
218410378
379281171
2515199816
636202331
847876141
2729219784
40870988
2658545425
1043408910
2982626337
3087058934
423840360
560916515
2779612200
55588504
221226600
3001003484
832186339
510996222
448550581
72932531
120889558
1492820996
1869297804
1123152338
2181047266
291361869
1271827374
359091020
571145268
2520621176
2273324028
26972620
59792989
304953547
2502781693
215307932
3192898551
3159676795
610923386
70834053
2939590382
2639983074
2298117710
3180024020
1850601109
1043551488
2942873624
1706316146
76532437
564368350
1933506578
2907020330
2689237130
58739835
2407734968
1495383156
3150112478
1668273313
2249449765
231692091
150422942
2813582449
49640250
2897063984
3066520776
34709518
2822426365
977731122
2948657445
1054637239
2977560454
165127032
3152096389
2785739959
31322989
361517124
2800131685
2799803197
100201847
2841876288
3176393923
2906489831
253481245
406454738
2880340788
36316268
2300925985
1039618663
68148212
1175168551
2908914569
304927172
721237069
2688015169
3017634832
24873006
178330503
1872483385
67813133
311852242
168698201
1216229678
3153250104
62825408
101980274
603577729
354886662
2384738934
99086422
166890327
1930432789
3243797255
942140712
2958536600
3021578168
2787202153
2241676898
3119416160
541112365
2945201869
14367284
407700824
1088430199
1722055598
1134237000
1456938535
1627116115
1895875471
2309183833
1053175208
3109755000
567356053
706597549
2990878739
408800295
3108618263
3228773079
337259573
3037911263
2826570443
625818073
821557639
2759331400
2788676965
2942422534
3182383376
94248049
1537308278
3022139153
2655984071
461454813
495979534
924222457
127272052
450901440
617858801
345202924
635400598
2864757189
3107232691
2935958820
371112413
2863047079
154136909
367044385
1000473788
1352823914
150644055
361843407
3078663841
2308726730
2455074506
2652193399
888612666
2874284678
522600515
2252853445
291134257
2154843182
1589672618
23508652
3018344547
2483531119
300782538
40565643
490403722
270709584
2866551626
3014307101
41861064
866491124
3201108424
83205211
3108415260
40122365
2994865974
2804472523
308810586
3055145207
167980308
2301002276
2247865477
1968343824
845575308
1198393650
445349160
614792103
1652595236
21168179
309051075
129826373
215043351
80076553
551541505
147469256
79063611
2841824400
1604043877
2571054265
562792903
3130789565
2380300274
1107220326
404791345
393092671
25527667
3053971753
627625826
1059200256
18130641
1608705374
76281280
1233036002
216571851
1083086136
2730053441
573867436
284433083
2548465747
528550718
232207669
29444665
282445843
2902517516
365650403
1039931564
1631433066
2321142318
2917325165
2817052043
2370324574
180304771
2968416274
1400760565
1880495329
298624829
128472878
320729956
2968481667
3171678173
1884601501
393172012
2203227877
3074596948
2566196863
1878014178
2394627746
1974898183
795881791
990788839
2826884525
936865177
1899146737
3081231278
18689651
1628015432
962506644
3076044638
543938483
81603807
1540817634
617143118
1590263941
3164507330
786307776
2311925715
2941963167
876939744
1476739046
1452428454
149478896
34473025
2746277240
559324248
722149633
1047497299
107083249
49902248
3208404976
1637882683
1885732782
2951918790
2159733594
40158401
87204227
2903220463
3095262747
2413558897
304167253
2501830423
2841894719
948247591
1355529192
152752060
1667926057
3106927895
368501339
789288344
594224037
2173519679
1046930030
1051843052
83294672
2660154946
397308979
1930741196
275371645
374466806
3053005270
37630691
113418252
1402699704
293133632
257820251
1137361476
39516817
3026700778
131863272
2498230633
1706161634
2320684598
2749491502
3131433250
45476950
972504043
1163768905
248099202
36833311
2803294932
787629656
2769873847
91153214
2280134821
2419662812
2873825231
2191902164
3090291390
87806624
307519266
2737976806
132872632
3092888289
226688335
200101690
27191716
891305388
3023600061
2530685578
1025126490
3108228935
385020913
423166960
480858416
472088232
1065593336
2933903888
2254883370
2518547954
24086718
197959564
2380390320
1546011642
3006468175
34873425
2984169884
1023802381
400515033
237675861
176038255
376064827
3024474223
378633951
1677182803
431004387
788231354
556228900
317047184
216979721
1914314269
382339597
455461344
3088610627
3053616903
3122523394
3062583698
202874740
226121700
99703058
67602809
63686385
1053786102
368956330
2842302609
2314133138
730005596
451794402
1717649448
988216314
2168593791
2761653548
3034741910
1485322092
8526142
2840963593
1867953030
2873916637
475186383
2298477252
395003975
108410407
2664275094
501042325
17356415
618618589
2725330352
2188834417
3093314733
43139696
484385708
290501327
2957768822
43454935
2590252788
388133987
2667893928
2382413314
261988135
2214387757
3045331543
3091715261
2350275853
2318189718
42462028
3002703417
604953893
2969045631
803128579
185250368
758445846
3131222121
49287570
173272707
2912417738
1827300025
94701678
719436834
3142907682
131653043
60163758
2656069771
2949854212
155807668
2552711
2601880833
1045945736
493605810
18547396
148661538
349812126
92569412
26135737
2554568101
3002504110
621432922
1554932382
1947980804
869440548
2982240208
2896114415
608751831
1129626110
17155522
129272221
3114374576
798779941
438184074
227236707
30847369
2685204909
429268185
3081137177
183028327
1669671900
2900500188
215776646
2901818232
3033438299
90270756
2326009891
122161699
2254673281
536713081
134191551
58880982
2532387212
1025302532
2728466409
2368069565
2874162467
3028183705
2655191875
378583295
2263462428
108671610
765481531
1716980695
721601899
2181369367
759641047
3068739584
23403718
2735388864
609454724
2970493371
36989270
759250489
3074875906
3092112069
37676602
14910798
2770059900
1112219954
920327756
490199464
2389404684
79863691
269452390
156014282
2472760426
172084853
3104913458
1050940806
2536025643
605880641
2993906582
1619012624
2482962214
435213691
3048022453
2872420197
922078087
378152927
160208541
2790413813
1277981040
207547992
2297683659
3065679208
602659703
2566896728
223700876
136490382
2287612675
41892215
49380599
2952663251
2931904091
1975355448
457740553
2384987888
1400292871
1176803712
2614607646
26917929
2352337729
1897607858
2152810804
2473135338
545499053
1429024723
1180567344
848723322
860435934
2429791030
2527582897
336633730
431228481
2318571965
2582914460
288387907
2493628753
747096494
454179268
60370044
2963175369
1699487874
423398760
924096462
1057625036
114259125
2474962959
319937406
2739275207
94819123
125992450
2218416849
2813401861
2718173905
36834088
2175814540
1363082310
2995438463
570975346
2450131562
462399361
3037793644
524265554
298852678
2501782988
338791337
245137687
1307685482
3080934114
3068075239
198027606
1543581079
1005367670
2269962672
552848365
565619353
1882740282
734793530
263350654
132437932
327140068
1628569602
249285476
2746884419
1054206606
2332589652
519937228
860675995
1719880382
2903230735
74984838
578264703
249650278
3014265550
238298942
2222048827
1133124451
114040642
505283157
2615888460
345661398
299215811
49789092
302429852
245742080
262585377
144046149
277001398
3007438783
531358186
305137159
322411070
942968504
2949223966
3052780592
871318183
339695358
336591152
142977059
1310970032
165011115
1428444864
19775606
1308697609
2253058926
1663686122
1572229106
2530041517
386114854
350602939
149601437
1916096204
291942688
245467625
598371043
3030853834
375965297
47197217
2880075625
2584226540
324298954
1420149770
1946417658
2952840095
2162095811
3005815880
3077427005
125389675
61795333
319110231
566802068
2502578907
265304638
1184179740
1138899955
2494203973
20051870
1450174340
20636168
1002042960
2154008588
242305497
3037040902
2984545564
920738533
221618096
424383513
2876914163
2434805112
2501478290
2627585573
1609242523
360849096
2437379240
2788920002
2896263171
443074263
256964244
1337908718
437087268
919778311
479134067
241682338
2391242264
94003889
211990322
719676118
596993350
331324794
390068764
2851539231
36055422
2985433126
551780375
2994043697
255352812
443607431
123491113
110693377
2611510800
2905628988
1617683815
2625256857
43855624
847069418
95151875
26454751
2350991114
45575704
1936862816
409129345
1062530786
2907607907
68719786
2437233169
235512161
2981509717
3013256836
2961960377
1537772827
372467872
131918683
903100790
430985647
521574404
1332736183
2646559760
2244917162
2285969550
2767000321
3068460174
66200493
2850045989
291698878
173069636
29684382
219219106
615108061
1477840074
2874102118
279955299
1849523852
167182688
20090066
2886421170
452064198
1710153552
539450977
374719834
2334868820
2510461411
3004255880
241590589
2557215661
2848350232
2429413145
631773927
2236395340
2422010755
461672963
2394683198
2509194011
262162762
809840586
456367786
1339577672
2152668080
2921069725
2218380896
329526624
3052802680
2871198984
1417232983
2581179624
149837603
294205936
3027217112
786473101
1612220395
2762268857
2345066416
2508536926
717865710
106094074
371766146
758074308
77160513
2682478016
59513079
342022127
289899824
47083884
135389546
1416786541
227216175
1030784628
579426634
435799786
1321230834
320515853
58174329
3004155160
391546285
1531125403
43934031
1108133983
342312971
2872181281
2937554914
1302152959
306270994
585429355
1471060873
282930359
3021903698
1598738286
2748453567
2325378727
2591729600
2952815365
2412811585
2247247338
782909496
344404902
37176428
2686999560
3052127698
493808318
1634356452
138469880
342378626
131101723
183187616
83459363
2450294564
2277908918
170514269
2975297931
358030239
1901434370
617154626
3016750001
2904038904
2273775337
588306025
2990790946
95404309
132234702
2373401372
72194281
2915253367
471959951
202006828
300917202
2155457262
487738005
2873107482
2787982537
966974706
78836856
507203613
301437835
226504469
2308511292
1479140444
160905517
2923745719
365176365
2335380966
120615478
63407642
2432325072
2904436301
238107878
194137601
321517958
3032910724
1180649815
2694858535
2342852592
867959814
91252802
1085237940
2993157114
1242557976
914359238
141393055
2901884649
533273906
612876498
967070178
2809331999
1244769805
702982178
420561935
430362030
2991326973
305913426
2380759628
73374599
1711046989
9144112
2703096894
2998012902
2290103510
483738949
2974798389
2582433979
2385406821
2246277224
2298399269
600545485
511620099
1169969112
135983880
1546612896
100032495
158756291
747870121
2997979949
15935749
32916265
142952288
604579860
1436129652
390365792
1857460261
2834315482
1333758942
1420028552
3021933202
82555299
2903480693
1744276728
856283604
2921402816
751375255
3029907046
2375222336
331044298
2340183050
429712104
609373231
1914165320
2938190622
128985024
115887910
2758793508
3009311870
2911440253
2210946235
263149819
2886069162
2272571108
1572116546
267813174
717616026
21823434
365344719
2168336275
43328616
2344744590
2961188315
2794866152
1260027554
2613650059
358272455
306212388
186260968
2916101556
307643555
899820248
76590408
521555890
3037111029
3016291963
57487964
2868449245
2373029730
525565148
2739814206
20916232
2991416476
1602893730
492850418
22664148
2991668443
1673283595
2491129207
2809453221
192689212
593618170
978157501
299122217
2157437648
2411068094
795101502
2938504797
2694496297
50855805
428359299
2964274623
1455978224
3001065658
335842257
1398042494
1476662112
617331813
118691672
1528757058
2298334143
37872147
1376732372
778714123
2205729548
2288490336
592285361
480734760
3003590108
35582989
2835631017
116494290
847794978
2980908707
2219914627
395141879
1268093276
1567432153
217270877
358457612
2998774459
613371976
1342750897
2627314920
520092341
2910173523
1009720212
2214688819
366689705
2793029303
2839874536
2864596059
49923286
404086499
172447361
30155350
1160788687
2875630981
457655199
804884173
2413097443
17397526
3008100052
2356416458
362647717
2347932549
491969392
1386225936
410148093
86007229
1462706156
2252734927
3018836009
254130741
1435532575
2952974304
148274368
373161249
2187403831
17330715
585656986
621221293
2859089441
20901422
2777963055
2899405951
335007157
208132243
2148647980
2806036292
230362151
1931982157
302836638
2539639409
1266330577
1311502248
1614178530
2750400540
414609961
509988096
378215053
1429286310
185011672
74469812
1578836184
2296944205
2597220980
2336262625
831599556
61141570
27315828
1730004468
2265203767
914168887
2737088710
282793901
404615759
1671914311
410693040
2891395015
2226455693
2299010966
1023576398
430163968
2266063304
3013914785
1530864469
262023642
2796677182
2181257883
1891907257
488867712
2197332447
801051710
2830510225
42436150
38336717
2953541926
156008598
2409914634
2963657579
2804729611
2936435403
242616689
567826545
2437020356
121439660
306265454
334721765
2844825018
2789371784
323439305
95582774
962808132
65063700
1518775898
2784709195
2443468654
412427706
513105975
1885728355
998412475
2950648347
2716807026
2841939413
588488031
2816598817
144338375
204430518
460421896
2198799080
474278753
607948576
2500179804
1227731546
381406456
2783813587
400716838
587930512
1893785514
2965177581
11478792
897392030
2812629056
152902105
253672382
70896129
245473868
2878176391
2464337989
1534267009
446089568
2967870304
397835539
826457664
2484316658
2211386508
1540305649
235432520
2423875947
1693359115
887077470
2805128941
258269773
2243451524
2247786774
2778177238
2336672305
