70267719
273231966
344875929
75624389
42740629
19672451
390257187
1020277135
600583058
3567820393
269668210
53164682
273395923
435975937
56702869
426308179
59504346
153877429
1126593422
61216742
3433497197
2321505098
2350433226
186180317
21316042
248740529
16834101
17132286
16685232
19404907
21437452
45928911
373671644
72694289
226664403
14600977
3182142841
325650454
208755112
37664076
3228442370
314036790
2438866315
289721171
314588877
244356187
21279472
30971588
569535554
310580330
382674885
226303454
341692363
1250329597
569533616
1216902103
22203223
550318943
44135367
41607361
1166926939
2881507908
2294628337
57647745
23620660
574772067
21705478
310535008
870043220
2426201670
2238448549
2355075816
1131421448
29198561
61028019
216373220
76443001
52530778
137482436
2327405318
51668352
36066261
2247765384
212365802
