3437020558
2837643903
21437452
14600977
22699484
122188397
3233217793
38264132
15533253
3567820393
3318363842
14774158
1927342550
1977118100
75624389
2424129578
3882019694
68330395
2314224084
131184459
3766429032
57647745
38720617
410506019
2317661803
3004201088
3656028503
3351921853
355940820
829622509
97349265
2294628337
19404907
18961745
172593130
1305266461
74467780
95346455
609430747
313542550
416257051
115446862
402846264
12413032
293709920
468855237
36368002
2412945776
1668822181
915388586
1117027363
62640489
2339652734
2420557560
2347332236
246090881
16685232
1531994442
820401331
45928911
89552596
495153072
30971588
3178440042
750040232
870043220
78114017
9998602
42984742
455437631
600192798
437817907
243368452
932963461
473354756
69020729
196274873
62888867
774142460
335498133
243236975
1410502682
36066261
322655538
15211602
205428550
67539981
23105307
292531199
917136926
23507842
214986812
365486065
70490179
574772067
287829568
471504594
22203223
21705478
2247765384
22930958
2996482889
325650454
1117313910
21316042
23620660
216453181
1632937765
2321505098
1514806915
