3311328981
56879674
2471315234
14499829
146569971
426909329
268958063
595515713
40918816
1625689764
16624174
851753935
121764250
49279876
159124891
20297062
22255654
44196397
200176600
223560830
543700209
1023020557
42226885
124237063
189181037
16228479
398129689
27081406
14630696
94391895
545666622
87792156
30313925
41814169
19540483
14199378
19658826
33998183
104561488
228048284
8790772
32372834
12819112
15862891
524653593
32422501
567360618
19185441
3355281
48715988
15282064
39585367
112775879
15460048
82683644
1435461
93957809
50393960
233364902
47433923
21467321
35306978
34719119
