713648564
998407880
297460701
1403263087
321933
1564178612
776213569
453495437
60944552
1492807728
14897792
107174526
3280432514
3772458980
393621632
314758565
858438721
1190205782
41215558
2917966793
20444825
136532538
1061092242
14538236
2562724922
18758175
2766468809
196877476
3245626133
3316179578
3374049802
1613604966
21611239
547826546
340435374
384182912
16939942
2191109263
2557915058
21114887
2800364413
76515242
456361953
546017714
9308212
1676175931
207256884
3551831052
177729631
296300255
233860875
1237502864
1158733934
251007206
2678236062
330101315
782615960
919284817
2467226497
526642819
3238448948
2325237042
3141019256
938350616
296644509
3177505453
562817107
2802558480
575932743
483534226
188520661
1533890036
1087183776
2213018582
328321838
2165843324
2164225381
1938608077
1958058648
11824072
1135472480
635123740
19416598
39282190
