542747432
2932547206
527706284
3290364847
3000500361
29462444
2883766325
2386127004
84525427
484913037
1244956536
2350395900
1128725844
1400517288
1128132072
2972329191
1376641550
44438256
65134016
3654847993
14594443
1334738851
2352296922
36819554
100068931
2469853436
334203839
3429615418
19034669
17241004
388345704
14491507
3388410460
3333462857
2531747360
2981923861
3364208597
3034214643
1343132275
1235031679
1610566350
29717083
388850360
153814910
136643096
2802558480
14195880
483424887
3017932241
1653057672
8711912
75117670
978944851
17396170
1449120198
215067401
2280554040
632538212
31936449
998407880
501791873
14410756
381589648
9207632
2516897582
353226065
3156531065
755419584
547826546
3098181104
107174526
331550951
139598778
30233007
261789755
636023721
221304470
266650070
233686855
118106351
39282190
860302657
14275261
19599946
2790341378
38446941
1158733934
2678236062
17004618
14677919
1856268535
378259736
3092247629
2253593935
575655913
39906381
2396799331
17296792
483534226
485109912
1671296839
20854616
579299426
2537677752
44261504
3012954081
1522445748
1891806212
17047208
280922916
406414765
1253721834
2357230213
1370684718
44903491
35337456
453892183
428694938
17371549
860158302
71180562
143086518
110031075
22171156
48799978
2293415520
20850321
575932743
1097361890
635123740
562817107
590206792
110890208
316327930
17292623
159586423
1227373182
2727638732
633095212
299245392
16817883
108656502
2801969536
48988084
14647570
146502086
15949242
2800364413
131999950
223953813
387112097
1120098811
543652202
27081406
237409428
2414788774
47983577
569423891
1434251
291559186
88425861
1403015364
1537587704
19652445
14734393
25585110
15828654
19808176
2677170210
19658826
72842277
20184945
51837775
388392482
1726041176
19534829
346568888
2412919032
16630098
8963722
32372834
276643081
318053222
2562724922
1225840568
78744277
86127317
77907514
33972693
352026528
20806880
95786879
2569701126
917495210
21423021
259568572
177005581
2199727597
317300859
15684633
2296191061
910466912
2528791116
26616462
19416598
230492604
214200223
18477428
339213186
2193100156
2467226497
16435797
2167304513
558148770
212299083
276259528
366824614
319770079
19843630
107225267
232294292
256793538
87524646
19108922
334969657
150607679
274063094
20800589
1072269104
768562657
1286506417
314758565
274000727
613491958
17042078
19767193
1237502864
713648564
17385903
380816062
28583197
600803781
143571157
1949132852
39348006
91455335
45373841
39585367
14043142
946065337
14325025
589975555
21242028
52010875
1679260675
50778320
16227629
1676175931
21123640
277219019
1096234057
72344638
43199901
15154811
17251787
28912478
19256096
1435461
15862891
109379148
17089636
56179493
241278137
17567533
16890386
18414364
14085070
