893421024
3055840047
24449602
364847264
134429434
50998548
41561657
26487100
18036441
18198832
3356981212
2740992903
3997154893
64723867
1467127267
1284199292
1716913423
28567809
16564324
3131358718
43213031
23814999
615050438
2553590323
577132453
25633231
4007899992
927924745
43093791
1313979709
533877810
352650591
2972329191
3017753586
128200579
3906202993
1655163306
2980458689
2364818107
2597010505
2301693378
1534495344
19344270
321519809
296268527
419093586
3669355222
3191140198
423753958
342355796
3306576923
2655435078
3362291183
318053222
14507726
2227658107
250137376
518540989
205732919
604416116
3091256457
2971349170
2175843914
1076370253
1345385060
339213186
2564079448
372346807
442290056
3932191647
1588333890
3526212987
2923608030
2431785853
2917010942
3911049741
2903702021
3906335198
3807730573
3961285822
3947645897
928099818
3942686357
429806799
177650819
302899238
538342587
581076102
129540152
3189001238
77977848
424326760
102417054
2967874633
743892144
15641779
510740358
2792441448
1283959477
3862453876
474728484
604733193
2382053336
2267102010
3862027438
2929660372
229388721
3741156382
727320776
3785586552
16240525
378740424
1901405066
1018962877
202968431
334912047
2315551122
392157134
2696020178
1393290463
22026168
28628202
64319270
535690622
610737163
351582308
41655821
16645335
3654847993
491721305
2419473368
3461397976
572225652
384507734
88425861
583233410
3745346543
456361953
543700209
34003355
3034214643
134941111
3651860473
224704392
3522324612
2628704402
892871317
3106346081
92051144
15496407
3291486976
3279357156
459098720
41655173
84395186
3699817697
423643729
303527426
23442503
526624220
2852116600
842143333
3507425594
1852628844
2778190080
3244132187
71210524
1464677300
3008072613
26748889
2562977114
1279168772
3377847723
43462357
2851146208
2562029873
535334166
398999472
85552375
2393330924
1245108114
222070084
965125170
147295417
217743781
3385572855
2978546749
2320030956
41381657
75304043
200653387
600533040
962997733
580411725
508879998
21242028
2273069534
119263864
1060823148
46128549
44132347
405212879
3082998820
942987817
111584424
16536844
320210499
16337598
568757967
14173649
21166230
245520753
2792042478
1153992925
26793833
75302402
102069506
78975854
46476909
37391507
3099756243
2362847948
2357185740
350465217
3294361060
763490779
3234413342
3225332998
3308018219
582077676
332689516
3244315742
2611820504
19357137
1524781
159012668
191150208
1520536830
268570500
3156143139
3139177656
2802846453
2927031541
55295275
1173255505
14814313
162673776
1419589106
2259115196
3329259844
3343168449
3105174602
168371479
152232342
16799866
2893158031
590773477
3262689416
3034948115
3365790887
3369307881
83459123
3384095860
3289473482
88418458
3372128331
3398663777
2845361716
114658711
3309732834
1490853223
3422209317
463610838
1603101492
481542930
3355361206
1380263203
2964565835
3017977001
2752941137
3364996690
3318197803
120347847
3457036515
330292980
3236400829
350794652
1936133454
865897920
2754131748
3406442531
101907108
32334334
3311706530
126024407
479552374
3311062840
723943
2782211491
3417691995
302484298
75745715
3354986981
21091632
63518732
2657225238
2473322648
123907274
2592025530
2971506592
322263129
10209662
2823584339
2809950477
3011950018
3242478362
324978824
3131248869
3231715692
3230279472
3286157401
1921380482
3404639717
3322773958
259606392
3321058138
1911220147
3155681050
891377682
2906451059
1877166841
33892163
240408892
3170973416
1705276302
2363910010
238288292
531154069
3300791196
954390980
16806380
236069312
836350213
412933559
60518486
234309722
1352668002
36129775
1922973744
1382326706
2898555751
20359366
76332033
17292623
388345704
184931891
22674756
264399952
1968860750
96102210
224223395
12819112
260685403
143086518
206255645
27596259
258847118
18477428
49832877
146922125
19891535
8963722
3392338973
136013508
3241407739
19658826
325719227
3295998210
165551457
123355518
550448704
34693826
109046256
1087087134
143938104
15786546
366173107
354570003
3135282155
1674912781
851746938
2980387427
487844011
357019722
1832603161
1463043054
536866317
2696665235
740573760
717726750
2190545690
3328449561
28912478
321652549
82761528
417885365
38225654
2372348492
238179466
287568380
35306978
37279166
2777471661
2830942788
3286639908
471609060
1874790722
261874900
30862829
3100097446
49664970
3259051920
64653568
2172622974
2237581626
743368848
260908660
54551715
125423182
365557005
3381573255
62346279
2411297958
558148770
3376657599
31035700
62183077
3367181266
2993758934
155344910
1249421005
3024820132
218464830
1307643499
5438772
471332078
1340033179
17065308
2920141194
16298921
1151200609
1398074671
8005492
60882947
13537162
94356698
33279328
2802558480
805004869
18499709
218601716
159891548
32147629
2923597456
206162681
370680823
68987936
18683406
2189994379
608254360
1414256335
3376904619
2464690753
1443891559
479852747
2716350118
205761374
2249060059
3341807141
34595738
231647765
2811580519
2176183995
19937830
2322939810
3069298941
49897474
595062571
547070662
2313732950
41818272
3238442779
54702132
1730945030
28421689
51295549
1345481306
798914894
25072482
184035960
902608980
2458872907
1977674826
2887066835
62722503
2690286337
1367866038
39349071
39284180
210552280
993725407
292686014
19843630
22223993
2875077772
2826832092
62186709
234059290
412305535
172280127
2313275360
17530296
2848315457
3355521333
346718614
980738562
2199727597
69699044
480441259
320268880
1477791876
2307166278
499247031
38406457
226944264
1536697262
454977993
271445515
941543546
121437821
1192841532
431262616
110238196
26618913
376982795
754126638
926128908
1914709724
297251552
1295348160
233686855
2841776049
338115221
3330208288
1033656470
2881478882
3131025791
17248121
2742094580
44970026
2482822578
206004357
2900483614
14518761
392527613
155844883
2801162854
54979788
2577635288
413218333
183548902
2789910212
1624373090
3335058417
1489776218
428145096
554491879
332803704
66450516
387834679
43153641
1282543507
2194507915
1013705742
1522181906
713648564
607351007
24043785
2241108109
2170955128
38022768
100068931
86292908
76955139
40491876
240286563
170023430
837693559
2790341378
420574055
65220509
3255705280
363675611
531901060
80135530
622511438
839950770
31137371
474088050
114857580
3333462857
2411059286
3024177377
3230130325
3197360780
1144882621
154609383
3166616173
23184591
467551928
27688540
2459502768
31358350
40659784
296255607
38040667
220005467
178983115
2542824828
171369255
144725510
69984874
230379758
325448132
247495395
31088181
2788297100
24749103
187518287
1486827408
2368764104
350993723
2885883298
2306830256
773556150
1646370428
2412822440
1675346359
276643081
3129215770
15308834
1449214898
3257540895
2969580539
587616992
835435902
966935694
2725014574
308517028
2748476982
2735135634
1211750701
1073142780
373023757
260357057
3342888298
2273295432
239496104
16629477
399790946
186550485
1232047064
2361691674
3082141778
20813165
24280870
3310859914
3300489892
511297315
2577500251
2935123446
35741756
56815890
483534226
447509005
1213590199
91583793
17092924
291116936
3158344044
109298777
250691008
34043908
1861580875
88978022
3292276702
24633727
1360330398
2947805523
3309149794
1161958190
37710752
34222024
897899845
16817883
13787402
138550059
50159801
1680089370
2902736003
2297218596
706757348
2449821722
2296469898
2587401828
2402009862
264315612
2678043187
86455649
2480103232
1944763633
2293415520
2495422695
2322117006
78017072
228865565
100762997
3245493350
1975323068
157763258
2392532797
100827532
1610566350
1372189993
1075868107
3228908255
3233373534
3318696112
3238205853
864572472
308407719
1462944734
3247836201
541345048
1261520766
2176324729
1685620472
57579512
380816062
16465385
74724779
205195655
1513221576
3145577612
3024621587
2540700248
2796965408
33187062
1845459871
891231048
27158603
946151395
3303256084
609274851
3207635410
133444623
3240295671
44203296
1546873776
1928179945
379253804
2504516154
250316529
2514148184
941256654
2804735302
242955648
967874216
817500956
37409635
2218649491
246877444
38168168
2863678077
518807220
1595627858
2310046634
2365479259
3069541245
2268916306
2149200825
405982405
3003470411
73746963
2795849210
2698280268
2995359997
2821539472
1486993513
3236148113
1907327198
2393023358
423420150
1430449225
2464851560
18277244
140568823
1942575240
221616111
526226529
59017163
2253957595
46485024
1631402228
161112648
2205553645
563811286
510966162
84666958
1250682007
2831886426
20713213
1376893698
21169293
215559183
2437006993
1265109260
1133081606
1662391848
608128026
2814985341
2904839271
3006059104
1381484306
810577974
1695065382
2414788774
2191403582
18204420
2150041849
2474634343
2544261457
517216611
2990045818
51519389
3241044436
11177602
1670510527
326578221
14834878
1235031679
110441210
1264926026
397202905
559910810
124237063
195204139
2319036889
2666002952
580797552
295329905
19837528
19256096
3064857862
55351494
342632844
67003972
2530377914
168909916
71061891
2991742193
111305843
361888051
375231342
27902723
993442903
1518036960
16540766
2238075110
167057702
76611203
2393172355
22577561
1128782370
28434229
131999950
2386626780
533304862
1113838464
488589499
16663879
1456299877
1115365544
900060926
33209575
2934967294
26233068
2612917682
294786717
416105754
2899795181
26530673
2839126987
33350577
242044045
617451856
2266145328
27557706
47983577
3230040842
1632853128
115376083
2729770668
2647716960
239490677
1541079973
88343462
2601226675
1932218390
16649758
43199901
27148824
1626122676
59126394
3153301456
212193802
336122037
2689402845
124991617
19091819
2289913051
2921613496
897296372
2495454486
1325354862
1857972290
542747432
1648754287
135976145
407986547
539048663
3295519215
2770281924
525280753
34951885
2238233438
412971472
15134240
15862891
16245822
1435461
2154707768
19402238
32372834
487833518
65134016
111331599
2918851258
118690641
3303688390
21435174
