1470321924
5120691
135387509
116005395
3065741392
238596411
2438152116
436784817
238010923
255976193
2443698392
1853863896
3942597494
15659814
30257834
22894243
153209413
629608893
96941094
14369901
34000178
1254483756
42874717
279567096
741188352
115626287
2596066746
234573331
18267636
2168155795
82364810
305013257
48076741
17303277
561266861
311010117
116704897
26579339
47323938
90435017
547452978
2359416884
953248862
24312877
222762589
87922339
9158962
2461075736
110437588
299364430
620186949
315669483
416338412
156306739
145935897
248698831
4013737199
623615343
42950781
234947344
51771863
114541323
27029537
381347159
21068991
18087450
1345580348
2535455623
47791189
290570868
196521046
3930747493
493347422
242434448
745600340
255019703
122743767
888230659
2489298668
198584761
64902758
2302798239
37329581
295940283
74625926
226018201
2474749586
252124716
221104855
82453323
253104982
755419584
3014044273
1392956425
1901325403
35306978
129193125
36918513
1642995530
490618480
1376602561
3796608869
303339927
44438256
2815780763
137445561
60284483
237893923
95869752
36203015
2475885734
50130106
74793134
26541887
194042592
2978546749
301291205
3378377920
21511168
29549589
3319041606
1447305066
14578616
1975695888
1613077171
17248121
341010772
354880191
32372834
47191725
147149131
85670973
479813224
820585
5676952
15201021
2339314981
22642788
341251022
11183312
15825547
123334719
138781309
378204367
69354861
25228282
299865722
22545453
48702842
2942978628
606872678
197147355
211263022
238197721
1344951
3313922734
226281344
142230413
344877109
79596159
18667838
458966079
250024481
3233625076
1290082680
6731422
76348185
15808647
110727296
879161563
14262772
37228630
18895192
205257492
33509142
46354706
135389546
250940066
252479319
19725644
2574072036
280315897
1181575242
408237456
1626294277
376211514
5988062
19805321
155202983
24028945
19090219
249063728
67242892
2932813026
373353117
173106895
14700316
337094563
18567018
47433923
129461115
30239268
183665035
2529971
1140451
320787181
1952253805
18028509
22754762
3239192692
146462541
279029242
54610911
2210111755
406816463
17834336
1179521676
374566029
1949322637
292403049
280260681
21014078
1259604578
31713108
172280127
32789366
1108555303
16248319
37601149
44584492
2234350681
15480686
57659546
99269431
16838443
329666643
97268285
20704106
41335658
56891751
3309216941
103261358
873949513
157253297
1241258612
118355791
849702962
187330176
33472480
44171091
1240038204
422042612
18865214
108315250
16016427
22428054
330349257
2751594014
240664803
2812472208
499584878
41592178
323216653
42651647
45182880
15066876
81305054
21749564
1257560250
19064162
96779362
2480168240
1225477645
1408341811
140003488
556160767
254235974
124436459
44116121
246841572
1379223859
1421379786
123109597
873894241
59708490
17004618
2811548749
54664757
54956563
54949696
54327995
2915531195
32896052
32133238
141485359
572225652
897457670
36924745
108624581
127625168
38489678
280716675
34223450
2400492211
494855838
2314027686
252531143
214863186
610659001
25979455
17388396
49921218
427900496
216453387
19649135
2660755152
485481599
17895673
2392613534
81052454
6980622
53337029
2293415520
478067304
355696940
29573746
47249007
618362387
12594872
2443378248
250495841
16564324
35724945
145607857
256259899
193301414
84586019
86626845
125512325
208747547
960848401
1362368612
22059388
271505240
16683014
130906331
312254799
26521816
2651907582
17899109
273418969
223589812
2610018072
194247026
133426260
303862998
147491390
838464523
31395873
6385432
21274701
277985183
1468151
120789086
2781923376
794606605
2341757372
264124770
16049944
5607042
2741165021
1134465295
27015055
1721492940
2246165587
191108651
21098456
20902408
5943622
2363142735
1137972109
15414807
856587308
399266384
114998731
300789811
1049214776
1143500834
33925131
305318105
379109274
1098721718
18164805
149666064
189868631
71643224
1368100356
268672435
115628224
243821406
15093629
177617074
1707854317
45914458
222161312
394060363
49229910
90386519
214821759
606582227
277920665
1336611008
14449903
15821039
248616884
17243913
1488490069
86158995
469509187
191849753
33098495
28089461
34350419
240629853
300209907
102700680
637133655
1334110484
43105334
117157321
17939037
166287856
226139693
33960482
14236327
1151362506
86392183
243291022
16348549
27604909
59134808
112242470
6273552
14535900
970563998
259725229
56138069
116763916
19711691
74021073
259044676
37069994
569921322
52911590
20382472
27860681
114841519
14972974
128002776
271452947
319461350
529097431
35810531
14321959
24705126
200761391
54290504
384244480
69328538
42188336
339872087
339592888
17573273
25914886
279010305
36670025
16712223
56564230
348352704
17578470
127881681
360161737
136905936
178272441
33235771
61004045
23584333
17594761
153625503
162097001
15948486
65466158
48476482
20596281
41103933
11695472
15862891
65044131
35986561
119958687
39585367
282076470
37901320
137207244
135187648
17469492
42953038
107755674
169021842
30324031
21303464
248568868
23745072
92576336
19037859
