36066261
40518097
4169882413
408536997
2321505098
574772067
807095
2467791
142735168
3885084372
744259736
3122790161
2883949766
1592437206
118926468
208399923
151342304
78514771
95346455
1377322334
3351921853
2347332236
3166722445
2996482889
712605422
109475168
61028019
826175035
178067345
14325968
89552596
778905373
134208542
69997983
370267209
284352660
159237022
3656028503
519667403
382794869
15211602
1410502682
67539981
69020729
271411400
3182142841
148430991
1195819542
1909801087
3163069867
74302001
38264132
22699484
14600977
15533253
15441117
580129426
2840712124
335498133
1832752303
1117313910
1686460650
551278206
168324287
56702869
28496774
21705478
59504346
113685351
53164682
109346200
22203223
78114017
365486065
2420557560
24201493
42984742
310535008
186180317
9998602
23105307
25322687
3145162683
107502883
608591083
771786890
292531199
93722720
2384219168
21316042
322655538
216453181
22930958
273231966
870043220
600192798
325650454
2424129578
344875929
27052776
97349265
205428550
75624389
1126593422
2837643903
369492414
2247765384
208755112
23620660
115446862
214986812
153877429
