495153072
57647745
18149160
1129250114
1633984034
2840712124
61978248
4169882413
1343059993
1287235166
311083599
59396627
3931253314
74933052
3033371874
443910660
218283493
37713000
353571694
245942141
2937753766
195504255
3743366002
2931649634
1604052056
355025858
16106306
173021419
4126525505
1534424083
355361516
4117637723
344875929
1198190700
2997403410
24969592
1270464522
17459233
600192798
1209776804
541740667
917136926
3438731261
17815638
540812894
3266848870
382305668
116991492
271098584
2773923264
1614238466
4057621881
774142460
186180317
932963461
40518097
46830565
369492414
2959114340
3265702682
95346455
1632937765
341746618
48289324
19941653
2881024622
1525322376
134651379
243471727
93267951
1370956404
2566213556
232671785
3257951894
458726181
2344512319
403703726
231956931
213459139
269048217
623440759
801767281
2819198316
366819493
2822888024
47767785
52561984
360395545
2381165839
357019399
44847351
466100765
1581770858
2427661128
3394272700
299924991
74031785
169688416
36795620
3885084372
111707045
744259736
2352041312
815632428
3588586754
1293293971
582258455
3860223852
3339175274
3697602629
1219495140
3801140240
3318363842
3821256198
141610848
3016049684
33271602
68471382
219041768
76744430
131618740
168324287
244356187
772503890
356269725
2991898147
1426877294
3311067150
127375220
596859508
125364868
208900033
1377322334
2460748231
250674666
1081496966
2745447155
280648207
109475168
3351921853
2236701954
321792613
14764240
1653647731
370267209
226790559
3567820393
314535864
26934851
256333510
181731084
516041277
20121960
1692761226
34322247
3033301338
15533253
1117313910
2347332236
250015879
69377495
357264084
75624389
3099905621
574772067
74302001
3233217793
113685351
266898345
1977118100
335498133
78114017
62887462
56702869
42984742
14600977
15441117
410506019
208755112
2321505098
62888867
2996482889
3322409232
137041020
57985423
3004201088
3166722445
310535008
1126593422
2384219168
580129426
153877429
22699484
115446862
97349265
287829568
69020729
67539981
9998602
325650454
322655538
870043220
243236975
3433497197
21705478
214986812
36066261
205428550
22203223
216453181
413704527
292531199
2247765384
22930958
23620660
426802833
6017542
9624742
