3999755902
57089774
21487022
21362008
2830389057
34104616
67182538
389880635
2786110975
60644920
14378113
1059273780
22731782
1202033696
263305327
577038352
3029216416
41404125
14434063
3221752004
716351162
2927758254
499359329
17338082
10206812
114870386
29264626
16220831
2591698982
20291394
15679641
2467791
3108351
807095
737704297
486276624
16372009
46845373
561598188
37556052
228726872
165222643
16697017
65448844
1895278116
39181868
21359564
76453398
1444828009
41791181
15308469
34042766
590052098
12413032
28221296
292990275
25922185
432962544
494051685
2167124718
234901346
292923920
67006861
68800859
29489300
17745909
22870549
91478624
30962487
757459742
870765564
39829356
74594552
40308406
833612402
386244525
15111011
186651623
2469902530
33936517
309066576
28550405
52253803
16017475
1582853809
41796688
2247765384
57100687
174740892
226813554
30720072
34691316
28341593
1368083346
14800270
242777947
26747046
255710366
143824089
69433717
17889970
18847632
23959776
2205487998
279258982
26537922
26848907
18589998
105588068
15679444
831314911
234571138
663273
544857774
1230454026
263148000
26665847
111037335
236558989
2273537714
16581322
2434056534
92080081
67701220
245240007
2244943692
138804063
207553504
19180118
64453962
317427383
20247932
3894011
45468295
602188858
25053299
19407053
277074065
29787675
364284999
1049407375
576559070
25556083
37068085
871648566
861935210
18224645
14183663
18224597
70432141
82179741
15836922
23985200
1184184392
42258864
343121995
1252360333
2254303830
1716413114
7090212
57669873
28582499
1419015211
16807883
14869587
41980930
701825647
2153421815
39861175
12561012
14326426
1599414734
22339402
390632810
35218566
594257142
106238997
72378116
77276617
113387422
1101937369
15813689
15924357
14307319
612696422
630825702
336116660
394801181
917815638
44612148
412709256
1491462193
397317318
20714206
177387659
79308001
20100510
15443269
14086764
31582509
356929012
177772210
17583238
16026732
473084222
776126942
7212562
14429119
39799180
150605386
441189138
404900098
37066397
16044936
80235855
20691563
26072066
456038960
140244186
20244987
190314992
23973831
63725427
48443722
348559702
14315150
788314345
770120310
19346308
356882524
17677608
31281673
57853650
14824849
149140928
85377379
25127156
22855448
38813536
72831048
119386598
163592098
37036894
41135782
271488542
30866132
20379995
58639365
25019638
111734160
35028566
55253484
51052623
77241949
222586648
466005813
18322918
14180365
9269372
82420429
36115331
24277551
20344118
17172508
167419868
131677792
5577902
39893131
14389031
14963032
78140378
96497966
216765454
39470718
382217070
280183446
33395719
28163299
266302212
39194722
47156389
253336220
19785801
27934142
85961526
19509884
36697854
10675392
14440142
18224555
61495036
80607702
16405451
190399332
50772918
355766917
86161692
18155773
94597012
68441962
31122496
341748481
