176883031
262504263
169249504
364560137
2335386721
232160423
330101315
3327102388
2244469219
233652102
17995402
58371677
478372135
117636319
293116923
998407880
782615960
16649473
1305940272
1363249627
396365748
2563818254
30973
70418674
374378875
235893096
931450722
149706579
2516025612
633471246
9237012
500651859
362786454
398458864
429298552
499336680
205302299
288304848
1363085144
249974958
2342519904
85452649
1513753861
23576240
16150688
20999976
1452845036
200176600
1411552897
59257007
473212919
2308609188
325126593
314758565
19668775
48306404
1414130274
543876839
256793538
59221014
1565839604
575932743
2172854560
396556273
2422331743
15485441
62290422
19397785
50393960
28706024
21447363
26565946
813286
15846407
81146519
37717313
25833655
471019288
239255514
1040758742
18351686
35818653
301187201
495517322
492806249
17793440
87569989
1963425590
65902514
1519183848
57371866
490056323
16017475
280515710
67099546
123582098
26817726
1285945056
439281831
426470160
19202628
495334428
107174526
29726578
389466979
182032037
98043625
260999369
305676879
32427234
63837338
275690183
700118168
636570073
47442513
388595556
215420646
43848067
15173146
45923583
16174754
17047208
212299083
588586596
27924685
58528137
18089292
49992096
12819112
22686304
97054111
5051171
39694489
10180222
41215558
137836269
56564230
19416598
175169648
45373841
35306978
90699238
87997689
543700209
27596259
223560830
296624994
95233492
152862026
381573739
26268870
20746250
106895787
38530021
102234123
68987936
97464922
15757958
90258002
388345704
21237486
26022576
115472158
17944633
96253785
29833161
16303106
124237063
20609518
115132543
41164651
140856920
405033226
20410279
295344317
141242032
27081406
13787402
16555822
18237848
487833518
184931891
452225824
22674756
15755223
117064656
119729504
309093539
267131012
466914285
262365030
235261861
91951516
14738561
16629477
69133574
20361904
57030951
173835882
62930380
16122379
16172894
146978606
20444825
15641853
15496407
471694462
