3541118301
556907313
3537192809
3847808056
3376197045
3405866518
2832660092
3771733162
3762175042
2936260107
237870957
320536849
1068958044
85906238
3822328582
3535653083
1697394650
1377886994
211715910
22474195
3863426477
3002045610
2457390198
42262465
2426574403
462103088
3667861997
3246251385
3262183335
2790994072
386588472
33279328
2199902928
85555796
180551057
2980458689
58558418
2715295771
135885186
3341298533
2544207672
63805060
635833627
3160981337
3233891354
609034419
2788241264
3436775644
1088600497
2788089391
74724779
3429751725
361446358
1431486211
994111800
1139623021
3242072481
3031924044
88581667
29689091
3322517721
144972081
472777204
2423289337
2905850416
482111890
1662391848
1593946645
3301912554
41561657
3396048429
637250528
168909916
48847246
173249324
2930361524
1590866462
2980985795
237893980
2493434756
552625290
38683025
523646826
2157198915
1586881884
1552276664
80655195
3234601428
453136650
3133804127
3240126936
17706654
21751892
3327314451
3242054164
3063812035
2934070301
3093701772
3013463709
244321277
2667111313
302801002
778252922
3114253519
88091269
1522769281
3155197838
596338033
17340643
1441194067
2670484788
153565404
574469626
288290958
562863151
389127416
57579512
3246440719
1645427820
517745034
1329214104
1320031304
278924056
20387289
391301252
231335222
3333821415
390265730
2990459828
3326764235
432780043
174113012
1611175159
703189859
2200335817
74291937
802897500
3326712963
311401404
20228651
442233493
439314088
3166346229
521410513
2338933314
3245593964
1058787812
3064457783
3131344053
1561985868
3048475689
793813568
1672702579
2822482797
3286893419
771181627
2435443049
370221292
115039678
490682931
1638756390
55548956
3315268871
3308714692
501103172
3127963112
3158387048
393278847
3091581755
144971492
2877458154
1545530796
519120680
2290784659
112274189
1902333690
2559895971
3301608406
2181072128
3196132137
3094721877
3289004062
3227501666
101467275
1544158117
3225888973
525322746
1295989926
250137376
1954350067
230821221
1494367885
2998431687
388399616
32724254
361217884
3238118099
625862583
98224173
2467073754
3245269162
2201843995
551243636
347959055
22420947
2883484643
381143484
3153676875
3218559677
2170901422
1379240383
3236906187
2193063303
1697150797
3023788815
48701696
2746283730
358502522
728866352
2838794315
220014802
46310209
24322935
2556581714
266302665
3221517904
3229234197
30775130
225042505
3180991424
3144121715
597741550
2285326620
213870347
294216486
3259234067
3170366115
3218574664
2335820473
265046075
306920796
2871279543
41864134
893900090
147842836
425381968
2204867796
3102653993
359587781
49473208
382547173
2712930637
1006916881
539977167
104515737
2906696812
3197851775
18984108
95221142
287204695
75302402
75304043
18170896
2718435414
390562049
870200923
367612772
326671854
415231947
145558858
3180180390
1522181906
341215131
769790761
223529798
2949283630
3123754336
266037616
1604908225
3091732437
1714267782
2238441784
17871298
1585469030
2326118995
3061992332
1268778571
1570760659
723197736
2784501141
104778706
2738000387
1860631945
2876540752
378118348
776234850
519050114
66591469
40784837
19493692
1652545867
2300351503
3017636404
2925147952
2229735236
18585425
1420394581
2697887658
2929283781
1317353144
43824557
3143722030
263481455
13178572
2372908374
332968768
2547700101
185631499
733480542
3061255931
16240525
2821239209
20303706
58550089
2962118908
2993994029
392617778
111361565
1232354696
218430860
2301852505
2335182966
2204921460
2780544887
1466677470
3067509539
351765039
2306028071
325238086
37428060
2314470451
143629076
931102927
425733656
2180026259
1479576277
2664457938
2463501726
1011602256
320673997
2861196953
1019967199
2909512497
2843694004
2496945950
25581253
24958115
352352605
53898393
2893477011
2375643853
22345455
2901400436
2908393837
2372243004
2653582359
1255395608
520588114
168783827
2501396348
1669591502
489864765
2949701777
1061486904
991242384
2401564993
56035937
41770976
959011326
299688688
2867174649
1471780765
377998324
521626522
2732550827
313620177
31035336
588586596
137120565
2301025311
1307118019
180440701
562079236
1516231723
1930286780
950117107
501533503
1097934120
296433450
1670797195
24849385
2778624512
2770606472
22690192
1610703685
266507266
538143325
369706667
392320090
332360644
1058822953
893075684
251433772
2944858571
580923281
86137896
2258818430
264399952
268911581
2577635288
806557249
257070322
2999344510
346662271
223149473
47749187
126990631
214168321
2910236318
582394396
377809257
1268038951
2265013531
17442457
1551340009
43364026
2928638133
2957500650
2269481849
66682604
1872028729
2878501759
2230080559
2873618284
1275021276
96102210
1362639276
127910801
113617256
2802171940
1552627273
2976019036
2956834846
2680649437
50483609
407624682
1361293514
376772598
59221014
20361904
1954293848
260685403
543422188
476435340
769465722
149985006
460348853
333559139
15859033
2240954532
1720827667
1380339942
78060290
14085070
217988899
2437153494
2469677575
1392483433
1385836118
2167312254
1259281280
59061494
2750804379
2803701822
2876506174
371938440
2318709266
532937823
154612604
86626845
2530455397
1446206599
2802675478
2150071309
460948756
148463866
613856205
255037129
325708184
926138239
2806008289
2805975356
2872881016
245482280
23604700
229204710
38775608
2842105547
539465165
215939224
2841235211
1853191586
284658768
47399897
2148953005
1897302739
2832284991
1010043632
456064882
2828484513
2423403823
45008432
242646587
2612047661
486455447
208120290
2265024577
432292665
174740894
11164392
2550149892
555130127
1664690924
2318967668
2799715105
30354162
2826648793
732952291
733211946
2154127088
2258519335
2577620432
386605463
213454500
1285669656
1114838252
2798533525
2413996341
586542197
430908830
1128468090
1216669754
162219497
386682375
1543219537
2547627770
2434226928
483944075
2553883748
386602548
2596299252
278567987
955797709
1897813932
1914131395
1652636665
467691816
2308899757
1383933085
1438121538
54949696
858819997
63765749
543755009
1669843236
46277689
860184308
1157412380
1345386187
2494727047
1962831416
351608917
565540818
378489239
401512968
1268098298
618935698
586469510
213614821
809996473
1272462380
2467436317
345972675
21697048
17103302
479913999
164878826
24333239
479519702
2471169265
295213875
2178882488
633854264
2437376408
489125634
176817588
226728523
503041420
613729972
1354927814
1414330645
1655521826
2459747617
913478190
31413024
2240069564
206255645
838464523
19668775
292530523
162263425
480010097
212299083
928312772
351527741
17450354
222551200
246451615
463645967
2180948588
999684098
2338633927
57406450
919491852
273987943
2353268258
1620302797
1152434922
55819566
1544076942
1544032956
1546075292
93724816
1353094268
172068619
1465858873
1350968107
1103430907
175150751
207417799
373024691
166816694
254422947
913257722
98916098
19759422
14267832
626016412
1529154343
154924748
120206023
1451610038
916410936
112490377
127340570
342710270
394581361
962187001
28655732
878302292
1139500183
1352386519
945580903
904072208
558853052
149989611
1186261680
285832277
503480491
1254194460
1057685767
274789447
196796610
257010511
421800334
18273005
24627188
306283982
36144462
71210524
593289567
97688364
1139380202
402274600
946126254
862974992
949157575
1194517802
1226091524
386256119
543586076
718204994
19410094
533172506
394153199
952390681
786600506
390357517
820648508
1004835348
37719072
932532385
22654404
1132077913
560135906
257926175
495413875
20187065
72450645
171184693
1058702358
593098125
278396650
311073414
915050437
139832064
581045837
65637508
192080445
261201020
54102952
502278199
223605846
173620615
634348587
292808416
37703511
116716199
551135661
817687298
486456458
20429156
17089636
17051344
36684314
443135599
584084364
32980580
409515450
760150292
519697310
889086978
415770290
420697073
12908332
517209710
776067721
427512684
900112969
221087270
348416840
308415395
574654527
421213288
621543
18198832
862462963
21576334
16465385
19837528
58431280
19843630
274645648
11274452
815512152
124237063
19767193
15154811
56790081
205847300
420496276
254428884
573089863
21581503
19657855
261747494
495309272
557986939
384302214
568588158
172035240
454952766
568818547
747032400
512348645
28567809
15110431
379775095
14499829
27295244
59126394
19256096
52187911
17148064
40354506
366552016
130197701
17305631
240719182
258847118
487344065
26211703
65134016
8518982
18985501
20159122
65007412
170386103
263216560
14441143
6705042
487833518
88914175
368231699
50749272
177502839
445595230
412933559
242875247
198008272
144626914
23575322
111305843
107391777
20342875
91312237
26748889
16649758
53023494
222228945
407068486
95610582
407766714
407730106
86540422
407737796
407644381
46684343
84128743
14647570
108324547
15862891
146216830
36066745
25734884
27013292
273016311
237777017
197673966
308463070
337255029
198496513
38489678
31201381
83676464
114776086
44465992
17385685
253023924
52217262
403530978
27922157
15134240
244537730
33767440
54903855
233358828
118538756
18277340
86103200
25950355
90915061
126691963
16949344
74474794
32372834
199644880
103022812
25562183
189118752
123317774
151121615
105244363
252630376
256896293
228317403
20170584
317662616
87017466
42793436
18939337
40271841
38810966
41918011
192906510
214018533
216896461
268095121
227202134
277031248
65063164
31227588
140868384
140864061
173834817
130554030
50088781
26832834
246348124
87715935
347276297
199226563
