119344630
1488984860
2980236053
467593037
32894846
32372834
2296124966
556694432
1328878440
1003652509
1264196659
2258437999
1134396140
3061255931
2821239209
92127662
2993994029
2980458689
2904157382
243643878
2375597690
1365430112
508891284
1080753187
2590760791
231871690
339886061
52488565
316327930
1221025892
265179248
489444958
45659360
1531871191
21938868
1379744845
805004869
22175924
33229367
94109569
2321292469
2292534031
611701745
154948602
397382869
14647570
487833518
1112553272
1129503212
2195601824
176685745
1528566637
180865187
637135735
16949344
55158413
71210524
429962519
20824494
582290348
30064358
25134162
21423021
68784803
57085240
43199901
757774178
191905736
151456736
206255645
246348124
714464982
631060450
54956563
85555796
67615532
17877730
11945992
17939037
59159892
25523996
107391777
15862891
53898393
6705042
428858830
428389759
25950355
412933559
79297379
14499829
59547205
36066745
26832834
21581503
144626914
27013292
347276297
81106305
87715935
20342875
407624682
407737796
319061459
403530978
111305843
407644381
263768986
407730106
397912882
23575322
199226563
