3295968681
87569989
392257517
718187129
602360748
1961113274
4010004928
1728408043
2212554618
85686980
2615721679
158198443
3825503615
1587071418
3176530835
3871205470
2916305152
716145348
19290942
19256096
343018077
48969993
2841991235
2800364413
601035741
726669030
435087514
2230867051
3433123032
45533185
141008542
523585307
1158733934
169633285
206063607
3433120240
59440137
3216020595
351002610
3404399200
3292685876
70248716
39282190
2557915058
59757556
296644509
255563709
846207493
3364115985
493284199
3355521333
2515411954
3364208597
2305353847
9207632
75033993
55165054
3081802612
2292454922
2336950327
3060505058
483186711
3344007981
30534285
328406897
37717313
19449019
342863388
141993836
2588796656
41109816
2463348930
283069695
2290307712
13430702
3228185789
1943871734
14174897
2178911414
46300208
5762302
14897792
2370961154
388850360
3327102388
1456171734
502151289
341832630
2980458689
2313751399
1291199636
27234566
532644877
404947505
1456069248
3298214777
19704268
1346402696
178007717
3295529176
390721007
33193075
1344951
3290156986
17442457
16817883
2863334776
3246920908
1565839604
432897296
181701964
174253648
57579512
2584379588
23129668
524244447
302547719
23425713
409576747
57371866
804082753
2319375978
2874153074
534342428
14356116
285028993
3131296180
152889033
2859032111
14539425
16042794
3098181104
2157237926
1421082818
2218763886
486735773
3138304637
2770941494
3122082136
1618013773
215244619
293116923
22419487
1457469324
2248654590
578653038
105075809
160550351
86767644
16289549
303942856
562328466
2937648982
25743783
15154811
925824896
269584194
86322440
44093781
3003331633
19063323
365705638
24167460
2487853952
140955302
222909271
14085096
391889665
1928814846
591214150
12983812
706708257
2803933177
218892908
326453785
1608875923
301046331
937783134
122406044
2830498898
96102210
2562724922
82947233
17425484
2806400508
24491905
2878784774
2475111682
185122050
102844435
1706332026
256248787
213012200
355032358
862100563
223963598
419078359
1888631988
1207944116
185402175
88700464
1900944043
373575574
116010935
313939160
1013105528
257350479
492806249
359442436
916463760
1756142448
1522181906
2710580269
2375288959
1381916354
16122379
284665860
22098827
1687442990
237944041
29278575
215190679
575932743
14677919
16076032
628765360
2295541093
1944744026
18541636
15273272
250275509
330101315
2347049341
2802558480
2768055348
107174526
768562657
577178402
230944453
7973282
22353109
1444523353
16939942
628644263
2797637911
997629601
107225267
6307572
14810076
14738561
460593762
2276551987
1940581
2246220103
29340609
49108112
33360722
548872128
919412304
61183568
84542880
1425644274
20065342
20098015
1023072078
208077333
495145422
355063388
48842114
369560133
1408457989
464576364
316389142
15684633
101712079
2532315008
562817107
17839398
459310999
479856619
931450722
52755452
47583917
14116807
19904013
713898126
64144638
1073530544
101806923
575517664
77413099
140061297
35052585
56648984
85906238
21997144
10180222
438501471
23372808
326888623
2360650908
420263859
2364818107
1250428490
374378875
2232993676
149706579
2258338843
36414454
1960518145
17152685
132195390
48339714
561926025
296624994
406131568
111319219
129143625
131166070
348635324
1053724531
220426702
265398605
111323990
28524656
582757524
2329224194
19961753
1829429520
2301145010
2449970984
17961859
541062729
2346414929
2246304439
543876839
809070992
635833627
856471832
514806103
713648564
149989611
94381018
19767193
1614160615
2427635057
40206761
144834774
83987145
1133809645
19539314
116877838
221495591
32160273
2435175219
2230212806
16701822
403586502
1530953521
495517322
8170292
22884964
2332483018
260760132
196201403
593919531
96721042
2310813937
57346365
496907242
21285557
1519183848
38372813
228586748
283636451
146978606
27013292
27924685
91951516
45373841
78433570
198494684
33852508
318420468
56593116
1024799545
89486038
69181624
235893096
134429434
89168924
19394186
17424053
24563315
28068727
2243103480
113537979
2258772237
1098746947
635123740
1097361890
370907274
2240859444
384182912
262365030
318258698
1006903940
302597866
823905
2229493236
556986491
35304791
1660468830
1552637701
571202103
44638576
237087413
273828447
26727655
45341566
19562228
94357028
87461339
121774110
59257007
868609854
49460512
223402407
11518842
482305428
8963722
466062053
23962323
143779403
74265849
330906573
108352527
813286
60886384
19534873
44578328
185306056
42501345
259288589
226195230
116763916
148529707
79553377
264124770
1404590618
1196841164
388345704
176089416
1489776218
32624460
1241433806
52415267
90918950
279513123
128216887
17221246
25984418
35306978
20543416
14190551
19811190
13496142
903112226
19644592
397291963
127277969
17251787
64003841
45923583
18764841
143629076
16017475
56991190
21417687
266624130
308379387
318053222
1316604529
15143478
171221404
223560830
19583545
788524
17047208
34675456
71210524
19837528
86626845
19416598
33249457
314758565
21581503
36814136
132594097
32372834
212507668
19676294
490056323
16895274
15110431
621573
532284837
19241553
53361049
329600057
380816062
59221014
20361904
19668775
760065560
575655913
16629477
250121453
15173146
183548902
256793538
720994897
23576240
212299083
23962312
251848888
82336717
115132543
87118217
97893963
51492686
110951035
47646874
20823928
