4148151853
242426145
174684579
12769722
235301521
3321616852
380739576
196596703
49675115
380109100
2807635058
833903102
2889687610
414412016
14770470
258027596
3045319875
321624102
185357184
117847329
2653980793
21361919
2798527806
1702089595
360984753
59612248
162132035
222492885
2548283263
48006446
419027846
38354702
247436878
2847214588
22635644
544357824
258969842
1268789102
168363958
888036228
1663492118
1470654037
295831737
183749799
116850607
191233793
138760970
16469679
26371786
15960725
92398114
20533229
63985954
101759658
62939992
30035057
4148151853
242426145
174684579
12769722
235301521
3321616852
380739576
196596703
49675115
380109100
2807635058
833903102
2889687610
414412016
14770470
258027596
3045319875
321624102
185357184
117847329
2653980793
21361919
2798527806
1702089595
360984753
59612248
162132035
222492885
2548283263
48006446
419027846
38354702
247436878
2847214588
22635644
544357824
258969842
1268789102
168363958
888036228
1663492118
1470654037
295831737
183749799
116850607
191233793
138760970
16469679
26371786
15960725
92398114
20533229
63985954
101759658
62939992
30035057
4148151853
242426145
174684579
12769722
235301521
3321616852
380739576
196596703
49675115
380109100
2807635058
833903102
2889687610
414412016
14770470
258027596
3045319875
321624102
185357184
117847329
2653980793
21361919
2798527806
1702089595
59612248
360984753
162132035
222492885
2548283263
48006446
419027846
38354702
247436878
2847214588
22635644
544357824
258969842
1268789102
168363958
888036228
1663492118
1470654037
295831737
183749799
116850607
191233793
138760970
16469679
26371786
15960725
92398114
20533229
63985954
101759658
62939992
30035057
