270695395
1064206014
45617221
166200173
119829799
151194749
36686040
22657153
47253057
3311113975
11388132
7091082
252531143
22540123
166252256
1393155566
2916305152
32780218
50446226
758502037
39822897
1536791610
110213431
2865560724
80333450
22056192
18025377
355906128
58379000
19684632
16160352
77023802
18511475
14154231
25073877
130496027
45659218
384923143
55334133
4923811
88749392
25300308
36948268
39706174
12382582
188793260
344955115
1114865460
14546414
21265120
17375057
15912890
89781370
500704345
449588356
48354754
1963312058
78699094
33708669
54667032
337808606
19952733
31101965
17525171
45924487
357606935
45564482
25295123
15689503
606838476
15416505
17953440
42670638
240105785
1633984034
220086906
203226736
2910012928
258338711
58369579
134228594
14493552
35115243
177707651
2471167622
215952307
2835962353
38496530
25879140
1959556592
48059864
18924291
21522338
1710705968
27689907
78890225
16041234
231510077
1373486120
613363402
156411211
20259954
1428659995
24789175
233364902
16116288
10810102
443215941
307577710
216881337
17797007
243905905
86129724
787598970
70518194
1896804595
41988894
20818801
1068481578
489475164
25715929
72198806
75896448
96881014
118719917
67809231
32543687
118591653
970207298
337450112
148086041
2744765320
189376144
1106501
2153490764
20252855
294728278
336116660
15666380
248735463
77314692
65106660
78768913
2400284491
16170253
237845487
82649553
2400435474
16744473
97176537
2577476334
283895895
336242259
22685200
66528154
2517988075
55246869
23498740
1530850933
15335534
860555190
18994290
1632772304
259387453
22677427
15956067
2423289337
15134782
21827185
60783724
2479224200
820585
318518392
37774152
237781383
76350004
2704951
14575014
949934436
2270660737
746211584
960696949
966442267
203843920
2261564666
1305596696
11640472
96829836
12008602
37595712
40100270
19660388
19119809
88975905
1618986259
1707427058
14135426
14248315
283149384
2317351705
18147937
560476678
570290656
997684836
2253821635
2329066872
15745368
1667901564
254036748
16104258
38970940
17239512
367284950
1452649538
15966494
65691824
85694915
88851192
749963
140313110
247114704
129630127
316389142
41712825
15816595
33519870
190932228
194219284
121626258
15143478
622024793
46078438
102865708
96675300
36472560
538021652
119466953
523596747
24466578
41017380
637338906
18174520
69394398
1360658484
1339835893
1330457336
9624742
19674502
1615463502
1707321486
1223134141
21368060
285988565
351021130
274649460
37710752
291690583
16380610
1614054846
185396012
19519071
17560096
17322445
541331965
1576353300
16440518
262856460
22069653
393111194
70756980
244957467
15888142
18253799
6393032
135238365
342226913
125740073
107795399
24223641
17328222
321848494
135060958
49279876
471672239
21844854
546820570
789339462
191958427
109034782
25543672
14427663
125453969
334079075
36686415
195826487
233484761
49698134
38259087
20778387
21718006
65493023
24024778
405004997
19219492
158426909
40323557
540122045
636611949
52596376
26053643
70509102
404137465
1058006570
95431448
14845376
55988606
17004618
1342861723
29054508
48123578
1520501
44798664
114547989
340588050
524396430
23818581
113131131
531627880
233846755
108968664
9589252
25535595
148493784
217284148
121795745
297067961
221068485
201882918
913586352
103130238
246780780
439928778
23630261
57093160
562317073
3004231
270048238
20661413
19674684
123945193
860990054
33938700
286339472
14506253
16244449
556151596
330592913
121208305
181199293
16589206
428333
396303754
15159913
116994659
31323375
259025089
603025587
16473577
15764644
5392522
858924511
473202172
340418291
26637348
285475316
451586190
19568591
862483279
607856488
75974281
64959401
191228704
20479813
214112621
17339811
20715936
541329760
28418204
569331901
76543481
15862440
22509548
196168350
329746058
22614025
197496309
205302299
14287627
468823008
48802204
373416209
450829899
159199125
4207961
69641276
18228898
751187245
40745568
244212645
35859588
91882544
369709033
26548315
155823836
45516657
14263961
49457533
58529612
36654245
43996908
22928810
21786618
171683695
16228398
19877186
54208274
16935292
11347122
57917441
65415800
18950712
47285504
86653842
12889162
45671898
89002325
32004130
9840002
453319164
22341950
47794752
305125998
40934264
74103584
44215023
19670467
63872958
103087049
24608680
313091751
338608917
36711022
59159771
16045956
110827653
2884771
389052298
141269137
161456486
357461232
75052666
19268706
21542518
23023236
285704458
203132018
546135718
62668733
20733972
263758909
15097615
10886522
87849193
117188363
102251724
21600922
241161753
63507097
23680913
69181624
19878055
352548417
466096296
16103326
20772763
35775908
11866582
130617778
244655353
15458694
15464697
89820928
331816614
14780915
390283389
18812454
57084769
228866701
240304469
354399766
18723427
406255275
494583213
78400205
234243065
169921568
18379614
436206782
71364118
242911974
14529929
18510860
14437914
14515734
50073507
35027698
14717197
60919240
11178902
120295432
32423136
15865878
1947301
17074440
33030003
3108351
20786801
48847011
14251225
54275319
42389136
131497030
50317463
16742806
314163614
8953122
42535683
32207712
23465960
35773039
149180925
26551204
19129381
33986037
13524182
19139963
148496087
38271276
16906137
61220477
20713061
21268897
36743910
813286
18812572
91180720
19224439
55355654
16250929
37281592
16955870
38507478
148529707
23839835
24431892
16399949
15766082
5741722
17004139
23484510
41431213
19079396
15441965
135173872
19553760
18276341
14275562
80617430
309937733
14515799
14606079
24773177
11856892
20608910
18587457
16017475
14522546
5988062
16076032
168295477
59145948
28813937
16887628
19725644
288452305
15808765
55655456
259150636
435236285
211951428
15485441
14377605
258961053
14185317
29442313
15667291
71273952
33792634
16129920
17044233
14677919
41814169
8936082
18948541
18686907
115979444
18622869
34438317
38246637
42687380
18644074
126434962
28215832
20088985
22544911
21910114
807095
2467791
30364057
17006157
15224867
21982720
15635604
19697415
