295653288
1411612927
115016265
611571863
90386770
1249368786
366398515
378370442
212119068
537787244
212127385
273866567
33238631
224188761
105079368
262846232
16201796
405874056
2479042320
17187394
18718676
245031486
40251502
2826743402
196511049
1721492940
31360264
1952253805
17409452
2340688298
47077745
2588929422
3065569479
2257623178
33388399
261263098
76167768
34918523
2751594014
110148078
135389546
135532444
61016265
2388848229
23584333
255676867
990009265
16684243
17916546
373978904
271452947
127625168
21303464
323216653
205982743
7248362
427082573
259210577
179227409
21182934
16901479
479577970
3341721094
489722175
2445765961
186017092
470042842
1139524920
147531706
49687529
822287496
20733975
1461259572
541309115
353210929
315107326
257905607
1257560250
1078706588
324581150
2514773702
503027535
385856565
1373637158
75797367
2480301650
117159195
65639777
372848459
14190948
2352118417
58397351
17545542
1048411614
395079319
1448377423
2480168240
1262268794
409486555
1154342059
522580345
1107672020
18036441
399156475
22557715
441598819
817807213
2768002695
768375854
19569549
499677628
374397006
364296908
581873230
1110184950
21157648
2839464513
14634731
322126944
98150510
3048102122
2243515897
80308775
110050273
2768883504
333434268
88731848
228580505
1356867848
785193894
47680006
5695032
555188446
12769722
474359398
243470534
38055392
19725644
28145749
82212001
27002127
2994520023
2859531316
2706673465
373267070
360204062
480040776
50083645
872396592
2313819924
25805906
2698388498
404157080
831895430
620253665
919310282
204334306
538497236
162581795
19658585
15020743
76971595
21452531
338999706
265741356
62022043
793517
14294455
751699688
366565893
40205484
593485909
1411675969
277169830
73020488
324508782
475668325
2517988075
2467306082
152886047
2267218434
67883839
837268285
358623863
257554444
24781568
368512705
57190898
2458115778
394618265
32569299
8291622
1437559496
2472353169
17480711
2287327470
175911601
19071298
33400961
2426420755
18677031
16029092
72899232
487663110
2364189422
332500967
182540047
65551087
1244567461
563190755
167592087
280830358
489336176
430250670
580064411
384501765
424923300
16731094
15659814
41970864
1240373905
276664543
906249038
237007475
61009872
472159903
265054649
104111563
564006058
409991251
374921826
256589915
126631955
18238988
14086380
21719318
44116121
38689870
183013530
401861027
96735431
275902869
238010923
244388714
69279616
161634899
95652758
279010305
17388396
117348492
763207302
317551540
164871575
36488962
106638743
632923508
592841325
219633590
213638459
18071145
971727571
14905621
201306925
57339160
125397529
40175122
407954315
386183180
583549576
541399779
42267914
121559150
538817664
38671739
508617241
243130469
250614544
31057157
41155540
168497805
16077540
407404077
15446531
21516577
213575483
180514393
108557862
23580149
270832864
16712223
11225192
208195172
14018122
18043
18693129
208747547
15096735
15657653
8538202
49921218
21746728
267845318
21011207
19071077
34225043
89528627
323564484
34175917
214763899
51621313
236842863
23279861
17915045
23745634
912311
92794298
28565521
19870529
98707907
31274623
304982183
233006170
17473595
42953038
230049663
18008730
280260681
41103933
17434219
22341950
20745767
234490460
16211073
156574791
9880862
47951511
19639814
18374314
48513244
256410299
111012710
54754020
12456402
61197041
140137735
254189881
87174862
35810531
20833720
16393860
81859001
135187648
9737202
22373419
64521433
10330472
35986561
270956213
253257771
15286317
20916144
14422825
205343566
155786937
202670471
51403755
19462097
226031547
74051281
102278432
73349506
277267498
110666205
38936344
17205967
21384687
101613878
280658277
38733478
11680312
7239422
43547414
