22505213
111331599
1852628844
42644454
28421689
324710058
44418062
26832834
15862891
361888051
378910974
124237063
131999950
580269594
154615360
347931190
89521629
15458554
23437364
234523064
114857580
289900655
212665083
163041270
221704824
27013292
15134240
295993800
283066411
65070348
82761528
96206129
133444623
70368755
89456112
93963880
101068834
31484145
18376303
49726703
68327893
50354441
66036462
67401481
65134016
23442503
11177602
14063950
24043785
20644924
26487100
20359366
44203296
18477428
