519667403
2883949766
902190924
373496849
503320148
33600157
148457466
2798810741
2890180285
614380560
57647745
574772067
2247765384
62887462
1131421448
2238448549
212365802
14325968
1945330290
134208542
291797837
42984742
115446862
62888867
95346455
226318039
2193282548
17093617
910652293
208755112
870043220
849467882
93722720
617258177
197504855
117485485
252914412
273231966
61028019
20519719
467950824
19895495
23620660
403559471
62591900
404195033
70988296
93784286
279239110
263376116
292482700
74832434
9624042
474062587
198956632
31456546
112944594
162044457
21316042
37957896
114609586
137539362
84182459
87517577
182681925
138559847
132303731
169786131
289418264
56796278
310535008
186180317
343358997
236552672
7166582
15804811
22699777
89505255
70999696
153877429
187784084
213746739
208604452
214986812
216855454
223278069
140196247
243236975
216453181
250295781
250414205
59504346
21441706
23822470
36742781
74302001
69020729
185802351
28496774
15211602
22930958
64605345
54547979
109346200
152080881
117288714
74948825
21705478
90452330
15441117
42651469
52597599
55315176
49625381
61798590
53491922
30467850
20444608
65444102
67332021
54322374
46097093
53580308
14716342
14421281
27009501
50732922
40953810
56017722
22787031
44431366
39629706
41225916
36825327
34022116
30291682
18945153
26938720
22285641
18085192
23248294
23096449
18902575
19976756
19394633
26526995
18859592
20146508
26825852
18010087
15098243
34021457
20421481
25529235
23770502
24165047
22089103
28286559
19667275
32511133
35278018
21669594
32078853
16336385
31198801
14834250
