21786618
135060958
257170054
2696245218
24457744
47285504
1620873740
3485368708
807095
1604444052
33318032
169969771
3256630811
123945193
57115575
60103934
53717630
23680913
7215512
3229283700
246806601
58466292
55868276
38146999
502441371
606579102
39822897
16958346
36467843
2238074804
131497030
16426177
337808606
37251642
436292177
31469906
232634193
29169161
14464766
29561813
54930650
2711080051
20935235
25110374
2266452414
2439032786
25140900
22759706
158414847
215160823
17242528
2587956290
133880286
551401325
1177196684
2264785178
15235948
66561957
15577229
102763861
17560096
31239408
50519190
248934649
139823781
722547836
137242907
52132491
74524165
740799325
15868433
14955908
8936082
344276665
16229878
18608439
14323300
34678024
24033837
18533588
497573462
17776295
4233121
19468364
482474788
86180513
15452644
47481061
61302982
15478750
16303203
18676526
72450811
201049831
22739764
54667032
97082147
16908562
27571610
16632923
46715620
50515656
20645295
14215226
15947602
19621110
77908802
20599403
19264990
28345417
15847523
21386236
95948044
27074856
34514558
19100811
28178986
38048560
10101462
14143921
13451802
25917171
28609947
45577446
9890492
135549198
27750153
89503894
13058232
12925072
17853760
114873142
22214469
40851965
17399269
18222526
34353311
30893882
5515802
40184508
20716038
32132853
66712780
33814317
26598119
23433022
18887740
20362778
