26951743
109303284
602721749
14348157
23602600
15521075
21213276
325830217
9624742
66369181
31310158
196877476
8775672
54885400
10126672
19611483
106597684
16686144
18622869
17006157
59145948
17004139
3957240443
3958778295
402329901
290682253
1559874696
1605916658
16604205
39203945
399835786
809052500
3097406642
559837256
3286893419
37028323
17100644
321510505
2515432869
2898555751
296644509
2502033060
56879674
30862829
20272531
594692263
1350968107
54641489
3110777490
1636590253
26983187
2792514042
1239157561
1394399438
3420493167
316389142
158414847
14677919
2445313087
21167634
2233173834
34888328
2230080559
193262409
20675960
218664303
3229232880
204750852
24494426
2809950477
131999950
526226529
269043415
2826832092
38892114
224223395
477545769
48665188
1325354862
536866317
164338298
1367866038
527706284
1492807728
39349071
40684912
470401090
29575969
15007149
369505837
5402612
8161232
20609518
742143
807095
278776049
30313925
1093090866
500704345
1330457336
1536791610
322658299
116867280
19596074
10328012
48966898
121869155
143086518
16174754
46743752
11824072
1425644274
156920978
2319108198
14091091
15473958
17781165
29472803
384923143
34317032
15169176
149180925
138725262
28583197
16470495
15431856
146502086
204416862
15949242
137471526
145784826
925824896
26723969
58756672
180200031
33602654
26208862
13298072
15234407
11348282
23503181
1313835319
2191092157
882483463
3256679430
579299426
56341402
135528262
29812651
203470497
2329921
22353109
26000689
998407880
2360
214272214
514806103
562328466
199737585
27924685
35096740
2607123872
172867574
53019309
563281155
558683274
439333362
2527904352
5933322
31461371
34552656
466062053
216793572
111020569
59221014
16960160
20963651
419639256
384182912
3554721
17793878
34113439
16958346
117662694
15639642
116559622
454313925
14342564
17471979
54546430
3459051
20582958
13201312
17451742
45577446
16029780
14615871
17596622
78361556
1530850933
19539716
18713552
20517132
278098811
235261861
19668775
2802558480
405033226
390783272
1201186872
49413866
167346791
15812140
102293733
336006659
313338752
110890208
467554454
3132007510
463224538
89695919
297064176
17163609
14344469
20167623
288500051
16134540
16061930
567360618
352053266
216939636
8143682
3015892248
2800364413
30572722
242844365
854985787
314014164
458733840
19496411
349324792
336161820
1352962327
2177121260
796745155
481465758
21338669
29301034
73310442
21704370
73069706
217140632
20826738
190246525
238718627
155230346
483607754
59603956
317216139
30233007
2511556309
408520849
79489732
158185796
260886966
488417933
110031075
167306188
112475924
476700973
1004473568
36858074
946065337
2549906904
589975555
536943873
394879847
14174897
3157994608
1339835893
2520999920
1618013773
1237502864
495517322
19151125
498001935
2342928961
147786817
1589376188
239255514
8266782
320210499
190104207
1074742087
201176306
242836537
234374703
1123098224
1286506417
39282190
1369650426
456361953
1447135560
30198750
224687050
126123042
9286242
45515709
267256091
14977851
2239940184
2284133515
2545274936
1206098322
8373852
15439395
55006025
2190906684
133239513
17425484
2777471661
2557915058
91788757
2785038300
14477736
1180627544
2800725050
346948765
109215470
2385706640
2379135535
16866683
379357736
926552558
2412919032
1454824237
874
1140830515
725025960
70699727
63809878
1928278514
1674017887
265879356
835653272
90961345
66544957
22378059
241576586
1373966028
31039303
214168321
494390222
32240305
2446408909
210235719
2342348040
2364382616
44819460
957997422
2590782660
14410280
2359366747
209218225
190047723
2539532641
21908405
1624463204
604113349
984403824
2359590481
2567704699
395570807
427762009
27596259
321933
553085228
753840404
388010590
19980906
32372834
223560830
327425397
14985228
32799889
516312949
472710990
1548986868
1879984172
221523713
176883031
82920974
146978606
95233492
245682624
34222024
1158733934
21994103
177729631
1435461
15110431
182530815
487833518
340435374
129103352
894629492
575655913
562817107
45373841
18084770
1157578424
136883220
281728419
72344638
43199901
42883134
67003972
1148429688
755419584
143170980
27024872
860302657
309153127
1685908440
16630098
15308142
17448456
144245702
138683944
1264252538
2246304439
2485713026
2388765331
434935832
59769395
2425716337
59126394
19256096
2249045844
19034825
42355739
2368125416
16276553
76515242
52010875
296300255
2208335024
1260804133
47580205
2175921266
39030432
35330348
610922415
31049199
277401500
48008938
2197803708
571202103
31936449
52902212
69231187
14700316
158477225
1695065382
2890961
47730394
18165124
1068831
1110461040
707345900
240812994
164369297
40302336
125536525
420357445
514352599
86292908
18091706
1667813424
540225490
31484145
52606842
114851156
425656432
74690215
19982260
21009763
18548282
24167314
175791235
769733712
29590128
128974453
1122700776
16472149
22154368
349487859
19995056
1069775946
167645199
80403545
34871943
556993102
7873932
484096901
17341294
238209692
16278288
462432300
277963637
778725194
262802232
93284774
290019499
714179881
162088304
113697077
271645211
1350675174
1571707356
606760856
600288813
224896427
1671296839
1676175931
325719227
236414313
1534426626
192589318
382945026
1115365544
532644877
1569367885
1612233594
870324780
568424921
852039852
14723693
381726675
140540983
1173351738
1345431510
14755273
287894176
93889008
47678782
40746498
63886603
405536741
60425228
1503241206
19786927
1377801
11107172
16817883
21581503
17779259
37334808
264914367
16640235
14165039
18518768
18477428
353695674
9639502
65712206
180273692
272017240
28336682
152889033
376914870
15703753
425790025
296624994
1650976376
1663744398
844861249
580923281
14270329
901835683
443025454
34677653
297719472
324896218
1556664198
1040758742
18290951
41605121
803660060
71210524
788311514
900610518
40315118
14943778
28421825
23339096
1242080532
201205190
1366811
14109167
190564700
331750925
1219436394
172496840
789997566
605426336
210735868
28049003
327094947
847829275
1284999673
1289690184
309234407
1287583542
1246336886
2384071
2172
1335911
28541485
20971256
100068931
58788614
35632650
300977114
601697103
13362222
400151277
14421900
355032358
26487100
184035960
24815108
74568958
80918348
21237486
93903950
19332174
1344951
783214
102209967
14075928
17220934
20518193
14897792
813286
108660744
81855303
543700209
281764023
621020755
11317392
407395156
7431072
5351152
50326055
1238180930
20053410
40854900
18089292
32331234
299306689
143629076
782615960
755239094
84615731
26343291
16303106
318001397
188066500
538485025
16843817
20020021
318053222
328321838
264285762
406692261
466890893
1026774504
533603725
27320089
1077807962
393254635
1265676588
122122818
16642108
167989139
113740810
125512325
52133120
991275517
94760360
691353
26858764
48180033
1769191
19084034
25094098
14496034
15143478
19725644
17042078
18194162
152862026
633
15165493
54645160
25282026
54129186
20479813
44196397
35714839
1554031
370409954
23244009
50393960
74917911
254791849
16377511
33838201
80422885
531789491
15028704
414856073
18295455
52488565
281303503
293116923
16172894
37063745
22197926
14750983
16319797
617133
258971278
100238566
47756728
279170043
50095170
311139991
18948706
36157592
81859022
1285451
74599038
162003169
19614344
20749410
15249166
20280065
37732219
16689804
14749070
19033795
19661363
18058741
18367054
149736177
22363802
7144102
185910976
5959342
37710752
87569989
191593677
6253282
15276911
18414364
15060148
30005585
19417850
47014253
14761717
27013292
20750406
14199378
65007412
40914713
189618679
351995076
835499132
185345185
256793538
96414651
16486814
85906238
820582
313372319
104070525
143571157
107225267
14000542
8963722
127305588
135583203
6612402
206661388
19808176
15484063
96102210
115039678
22406785
14741250
19313995
21942174
35306978
16656236
17047208
169633285
89169314
2444351
142818373
14929834
262365030
14162706
20746400
20444825
26616462
15496407
228586748
25743783
213012200
19658826
34743251
18510860
194117563
59532374
20962674
16245822
1222850683
10180222
360954840
370901166
20138728
17083959
76943952
454724555
16629477
1205345400
15098105
295344317
93598548
543876839
39351968
87198154
210672830
18284047
87997689
44445957
895955394
19078522
302981800
24096671
116630713
27468198
713648564
314758565
90420314
56564230
30364057
230944453
46300208
18393773
49597839
83424009
116994249
17899109
297563053
88000204
245010364
26388412
22213177
439239153
45001035
386869663
47442513
700118168
365413008
52245050
387666721
400496880
136325501
23570911
15492359
431048516
269700525
19416598
7079752
287817081
602320799
237254045
569921322
198020721
22839233
464159257
275690183
19843630
24973027
913824277
15154811
209309794
575991280
800439186
217483047
46034070
31046139
12685362
23032536
39694489
532543844
107174526
46145761
406325189
65134016
47365909
195123428
348061274
44418062
22023030
574654527
200634860
833682037
1090566702
479856619
130579391
212299083
183548902
7973282
22462234
123582098
15809272
1652541
39281968
3108351
22642788
5392522
4515151
14437914
16866617
829828291
15808647
16150688
96111619
96121457
831518623
287007810
16196443
765548
14594763
361893249
331274543
557123892
271417268
113184599
26780409
14377605
38530021
253209216
24440641
348733164
16505997
12116402
41182310
17910213
18463930
171099439
124237063
59257007
29757971
