2881507908
3038621425
348037739
1909801087
2321505098
2467791
712598786
68779360
322202877
608514346
2437488782
97256067
2695819118
436853082
3148511358
19036158
23410991
124580310
2922445875
634905296
2157876384
632281045
97260656
106558635
133748968
325650454
2715084775
216215913
45575287
190279281
296463568
970574604
2512786562
3060018835
3041408108
33619695
2874474216
2992526089
60802632
776139481
2997403410
259763223
2916826039
2731000844
291490992
146551627
17048700
1444015610
750040232
167395903
550318943
107220465
15945871
208755112
1719349134
567756286
16268340
2247765384
14336929
13829772
1673273371
292969897
216453181
310535008
1531994442
1528151036
455437631
304514392
1504256179
145650890
1498275900
882653504
41606932
62887462
56702869
202175988
214986812
275593434
287829568
33016894
250737892
408535268
22831170
365486065
205428550
36165531
243812759
349127949
858391362
15211602
774142460
1148401015
847522388
42984742
1235861022
1259824778
248740529
133428578
360936981
75316454
103891339
849467882
574772067
468855237
360235778
17093617
30211622
116533120
53164682
121838426
121200494
45928911
78114017
23507842
122188397
21656462
92316446
22699484
23087903
15533253
43381918
57073887
48440088
15441117
7166582
14955722
18680323
14747120
14600977
21269970
16160352
10135072
22203223
23620660
21316042
50358821
23105307
21795022
15824098
12413032
36368002
21705478
