296005306
348021050
322572436
14707239
74382140
34655603
15007149
89856037
93766096
25067168
17543957
432557320
609818033
148727035
2927758254
1399589509
413428207
868112707
314553133
14697575
34908698
847991
3085835595
78714922
25101704
19983221
25354366
93673775
14358172
183750912
18943141
136998045
22814630
77764733
632301127
15084853
38647512
52774637
330255896
1093638847
56081005
245687754
491960101
1903712426
18825416
28172926
330921167
8249162
14857525
80041229
204061525
14239496
26070483
1337271
83894904
38400130
16161622
2371087261
506504366
2424208849
23618466
17820493
759251
2303751216
1115874631
2347049341
79009461
1182810494
18402425
2329066872
66830686
292777349
1131352537
67358777
607867793
2768501
16735210
254005513
49810007
26886095
20012204
26566469
18949452
19611483
7764332
16334281
78489442
178779512
297922652
47960267
16187637
14309042
122994639
1020058453
23922797
1613693713
20608910
422293154
11856032
70987052
21866939
67958182
35002876
17525171
1178700896
115141256
52099553
28370738
14093707
1612526749
203123011
474232856
6509832
39311859
155580867
16558796
15931637
14335144
15234407
16543775
36670025
242689065
92079350
284920800
16469116
17994536
8249832
48515966
204995324
30100884
810424
15740491
1140451
103065157
73181712
1917731
487118986
61288679
14095883
17278675
134811550
9624742
104673756
249022032
14192680
94119095
266472359
21780652
16374678
29898052
16715398
26851173
18990471
16313592
14620003
87775422
19032473
236026761
97650875
9532402
200059931
21249970
14505838
442870573
146449017
87645208
31540671
102296197
16343974
211848704
311989458
18082466
22192440
15309804
14247572
6433472
14745059
15572679
16308572
16133076
2836421
19016842
417976767
16313405
17758398
10946932
16550142
16639736
15250661
17028405
314261554
197347638
18993395
17002185
14515799
38142380
351527552
15896162
54885400
14946895
16259594
9609622
16228479
308420311
9830752
16221237
22919206
255471924
6576492
510526745
62849256
35773039
14179819
275686563
16012783
381724050
15065434
15008600
72433559
14717197
16637204
15615783
2488541
19636948
11856892
40839292
85289376
16675569
9609632
15727981
11877492
9300262
96104822
327484803
454313925
15652540
16745666
380648579
11488362
17446621
14857413
295815075
36047098
20629645
14148802
361501426
42958829
12794062
384438102
14323759
15649433
24928809
8861752
20583561
16409468
21675256
19201818
35428478
16261627
10876852
15304100
17525510
10080132
79322444
612473
28347854
16032925
56413858
7406262
34713362
8216772
9690012
10433782
119048111
14411304
14415467
15369276
18189723
48992089
17028306
12089642
15210284
14304170
40887490
10878852
16898332
21388284
16379018
24111487
140863851
16669075
313537605
362051343
108480049
19071682
17344272
19706851
17797249
37034483
9245812
9567972
16247383
17919393
23844304
18391051
18342955
17393196
14007532
335996055
100531396
299798272
299890254
51381252
14955722
15137097
134846593
87818409
148653311
5763262
15222806
17036898
1429761
14765253
31053563
19038934
20998647
34578491
34262462
12039612
19659031
7313362
8442372
11348282
147463326
816653
78231411
27571535
44935627
7424642
21116401
266991549
30878232
64643056
14940354
247391816
15954704
20759034
47005268
193042922
14159148
126424795
18149465
19430999
17717287
120120773
27860702
15665499
1994321
151058995
234447761
14569869
90034304
17325090
23588075
18294703
14301074
624413
24670390
21481343
17243582
9235982
18424289
36637698
4170491
44404175
26734716
13115682
15933690
14268564
12738892
15535860
14980820
32545745
17394793
20097362
16521206
14957318
17379685
15864446
15755669
19658936
16334139
16299627
71294756
16588288
52070270
21111896
114782468
224320485
209640562
20402945
91386979
14304462
32129142
18559380
5692542
22197119
57443437
21147846
136208291
14893712
153810519
9893662
18028893
51241574
116559622
2890961
14606079
94014518
16589206
20109973
110922804
8197942
22240612
21646017
19792502
34956062
8575052
59407061
14935240
70439136
17990493
113420831
14955353
15358759
17684375
15147042
17348525
27027979
17629860
11014272
15817213
87416722
6134882
14344823
27583598
29239301
17469289
31577674
25049056
17870319
19527964
5741722
15108702
18451200
717313
15110357
7512602
28134618
28138931
30313925
31127446
15087011
1754641
16955517
8841372
18267597
4970411
24506246
19489239
1877831
742143
15764001
2097571
9252212
2557521
11856342
8054842
11856442
8036392
11856372
11856422
11856142
89820928
47438401
8839632
16331010
14780915
7744592
2883841
25589776
16312576
1344951
50325797
14138785
5988062
4898091
788524
1652541
5402612
15861355
18586834
7587032
8736882
807095
14602259
14352556
5392522
15754281
3108351
1367531
2467791
15679641
12811952
2992751
14662354
15012486
14173315
28785486
14511951
428333
54573060
11857072
8940342
14085040
14708814
6039302
8942262
16544024
15828025
8795772
9763482
15675138
18915579
15108530
23484039
26574283
14495726
14434011
18114769
15922214
16664681
7864822
