2407532963
2769402690
3449563636
3583264572
127625168
1901033312
262475465
1035217286
564688637
237729290
1536791610
47761574
1579600909
1229159084
401579858
11680312
3100427362
3065741392
465318140
3036692599
2367272640
620253665
38671739
339789356
326113058
788895528
119958687
333935142
89636821
821081293
917051281
720135138
1509900336
2522344603
2902337381
74828226
596824449
228580505
377334547
416183697
352439708
705021398
552869469
252479319
67047017
485481599
1025958342
364830542
849106484
310352648
2343689976
60813201
838464523
2777235294
23701740
343326011
333438168
246119411
49458308
270007523
33388399
121246259
1119264121
113668482
226139693
237189703
1093090866
75069067
757303975
1339835893
1330457336
320316357
27501116
2263465442
44116121
211953500
35986561
25985333
300789811
168055010
35028840
60568754
326097920
42861181
368854638
64212867
10228272
1438543153
1397946865
1364577344
41103933
506973996
6017542
292240772
101919468
537966231
209921307
335222311
419504584
419849306
252592800
415266038
847072190
227223329
15815729
1159112172
153191987
393991708
312929882
564864230
44752496
226434914
306047138
257386524
322113764
13297692
451943925
311908114
180386717
836334018
255464832
204416277
204414851
92731878
79596159
237727634
277169830
154036419
481996040
78583843
70394965
323216653
993248724
75742264
916655342
409486555
17220934
16129920
53037279
14511951
45182880
14676022
23551145
389980691
98807582
104894879
247167779
131196005
813286
36259062
96939477
368156240
1802551
