331202983
2252533656
2678236062
594761777
20298671
12819112
352650591
351591007
910094054
296255607
815177160
19359515
15490127
814824506
1478192977
46763873
2163864264
48988084
240286563
143903442
81375076
65634864
1649868715
19341683
165751336
23066221
1941281227
931757042
257103683
18414364
1762248738
2182250093
58003330
1070459318
2203194241
1006903940
919403545
1227837769
1427130986
1388592445
28628202
1545031921
80397266
874333826
584020987
362284181
2163118922
489950732
257651752
1522445748
269043415
1691375678
78258277
242955648
636025744
14897792
52404243
18365948
635123740
458420414
17425484
1124812274
993104382
1589821903
20940853
528913197
2274346034
144972081
66964327
2277806508
531374725
1245937087
222128742
29717083
1049840323
549378820
65303217
48724537
2190906684
196877476
161939929
19920464
2319375978
2307486773
2248909892
594643753
19534829
119401334
43327155
94995186
64776011
1037070402
83209350
1329467870
1386537884
411623963
322500489
68806300
1687765428
119857356
1250165227
561372021
40910021
38146044
320210499
347809928
17774791
373971136
25820731
164661229
19360666
1483869684
1101472765
143086518
16337598
107037417
328098087
62183077
200456671
519952673
15154811
52010875
559756727
1292916120
1339784966
18465081
856471832
1512144536
17402097
1552240092
385967664
777121
92744755
740018946
786822457
806393046
420574055
1097361890
14441838
45373841
561297215
88936048
320268880
1286506417
713648564
1205345400
18328820
745320876
22478416
127003086
