91455335
3722445443
82683644
375723077
320268880
209309794
56564230
1924484352
1421082818
1258997114
19438949
134941111
16892009
1860665467
2898555751
962997733
234947344
22038701
2547700101
85601670
2364549031
2444052414
541811858
3045062759
487833518
18911435
1549349017
1345385060
2238233438
3017754982
2893477011
1883938045
2848259962
28421689
2463686052
8387
632251068
1161203622
277012264
2844260161
2550149892
158842667
24375795
15825085
583233410
39721543
206255645
15237935
1565839604
36346494
15803034
264116927
1909761859
28912478
102069506
41164651
276643081
233364902
87198154
20517668
19808176
20342875
837693559
755404722
183548902
17093617
17002395
107174526
13691782
778057
23771696
15858751
397202905
602040573
18226927
140856920
488589499
16110819
160877807
136406719
130902749
41358714
16816155
27295244
22870748
22497950
300392581
20187065
28583197
107225267
126674016
21917716
14327715
177005581
456361953
407737796
15028704
9780512
104070525
38489678
299273962
16843817
28160998
159951505
14741250
133239513
8518982
407644381
407730106
26534249
260685403
580269594
25255526
25918006
15577903
27924685
229711796
15173146
166022406
44093781
380816062
407624682
403530978
264399952
16896880
7431072
25743783
18126845
262365030
46485024
10012402
16716425
45373841
335106020
22695157
308663679
18227814
427900496
412933559
167057702
257010511
67304620
407068486
17663756
55972969
397912882
25325260
31461371
194343133
407766714
199226563
19657120
15173603
35315865
7494482
18395993
19269120
64354305
92059395
162587280
194728123
21611239
24876649
190840128
131999950
47876842
1833561
223560830
14095644
14199378
18656604
17226612
15428397
17843175
111305843
18235879
92354930
95979076
121775375
17969659
49270737
97180953
326453785
465118470
17251787
23631835
72842277
213917132
15235258
17471979
59855448
15480686
121221625
18212935
210672830
56685979
22019881
15084855
16931395
18006863
23682830
243224758
326578221
297719472
16227629
424208604
50753411
175150751
136325501
16079276
34888328
35259467
15912113
21897370
86323813
154615926
347931190
180273692
17449143
135989360
12190892
58788614
15448732
39348006
196333602
18732270
135589569
386521020
14326640
19657855
36236964
47983577
33872775
38530021
119593998
357603681
356900531
77014927
28023432
50318478
41592143
14075928
91312237
98871321
116710583
217020634
275874238
269700525
236590586
45107854
184931891
324978824
32160273
177502839
15496407
341832630
60735602
85906238
59221014
127910801
163410673
25326286
99205624
130241862
221704824
19843630
114857580
83874770
15120110
21423021
190126197
48564118
20806880
36272124
17051344
19722699
47388774
50998548
46126781
272163149
311052101
258944051
27596259
16150688
21218554
45516390
20542737
19614296
87197806
223442231
16678835
16448579
4083781
154615360
63837338
93244606
30871292
14617444
34675456
14325681
165551457
100068931
212665083
18048466
19313995
250137376
13787352
14343392
96102210
97464922
57346365
95753389
18208763
180225656
29600755
71323069
171411817
17082745
91291255
18170896
118826046
95610582
21550696
16465385
50727789
19161858
32624460
35306978
97480774
173968705
16132526
74568958
196465635
33249457
16629477
38762773
353226065
277478106
15458277
36455168
63715436
19679586
75580102
21155592
2444351
20769532
29991856
118690641
21238335
55602122
97264824
17573273
15614366
23437364
112017535
6436872
17871298
49020544
47254466
16434960
23787335
28553049
48801117
44409090
22905665
94509573
26268870
289900655
48110818
18498684
16949344
19416598
339213186
154610487
211261440
82336717
246635052
23597950
175390759
241576586
347276297
50354441
110425627
44783853
46065613
15484063
53030205
55351494
17058963
36482344
18659676
16616061
65070348
1344951
16300786
19019298
14461362
163041270
118975084
13746792
335461958
17042078
23570911
12993382
11579212
86626845
18955413
20982118
38892114
17083959
14901582
38845292
68987936
89521629
15684633
14085070
143571157
16869849
8653962
133444623
82761528
93963880
302294148
17899109
42754488
18090786
54872912
15134240
19495715
25327370
87715935
28436760
39537053
61533120
246348124
16649758
107391777
48390880
26993786
37921458
621543
17918663
55832456
36737269
244286175
81141007
295993800
14953097
49127323
21242028
24043785
56378468
17221246
18168650
20444825
87569989
17061155
14897792
36066745
18700629
33277722
67976245
106895787
101068834
25950355
15521075
88914175
89456112
32353291
11177602
30064358
70368755
41561657
14699879
30935195
16564324
57579512
66036462
23184591
44438256
14063950
18683406
1769551
26487100
39522692
34324846
14987728
71023545
21410687
20815041
171221404
20746250
23575322
621573
33998183
49726703
19344270
17374092
1046661
36814136
137836269
20644924
55006025
17819179
15769734
18198832
8963722
159322143
15755223
27081406
18089292
3199201
87760251
20750406
21237486
35741756
58489734
75302402
59769395
16817883
12819112
56593116
23598351
17918545
22506795
43462357
14647570
44418062
62465691
53039176
18294197
26832834
32147629
19256096
65544374
71210524
115039678
67401481
18216990
17783546
15110431
36335047
26250872
71003003
98471763
37063745
71061891
16240525
75304043
111584424
6034772
77977848
16245822
27024872
18499709
28567809
68327893
23442503
67003972
47999622
19342625
111331599
32387946
74474794
98703000
27013292
32372834
32361431
34222024
29726578
23841368
17292623
15862891
18871354
22674756
25140707
106542267
13787402
43199901
26780409
20507623
26748889
19837528
16645335
20038221
43312070
23941031
39284958
17047208
1435461
88425861
82687474
44203296
9509872
19402238
19658826
34886664
19776354
28779878
18477428
49832877
