1379662802
193301414
50965179
43868187
105073512
70455835
14755475
37916418
95071372
153625503
420507548
505623693
180310067
18242531
7001342
576924497
36959561
1100564558
20058825
115574347
188736341
250604929
2802004432
2377155925
31931149
5139911
2985593469
242352871
410792650
176413239
116063765
20478286
65753171
39537053
3170546980
240373476
1951525092
21581503
394060363
46671396
140735403
1229983393
493678717
146462541
90386519
466369716
2584852524
455795852
19642657
318332175
2422546722
276224538
38630618
19541556
23584638
28121000
36024756
36132639
39108132
47306412
48378321
48668310
54638897
57647138
59163324
98015030
95345464
116347904
140286867
156121420
171994160
211025425
237403903
243552755
239954538
582088512
873644552
1004999604
1918111740
2844325784
14755713
151106990
38498866
1673995309
2611565370
1322129574
16296057
87818409
263315730
60783724
1680445418
304972712
115097756
85526005
14499829
82887192
45205091
21746453
60685572
501861132
75302325
196978660
52711359
81949513
45914458
39223013
2781923376
2326859815
23576880
2472279655
86757683
943585154
483607754
304909941
102700680
788524
4898091
25098482
157981564
1174709095
62780688
543643604
42583973
20152124
241991724
92739411
466374982
58821418
420215306
1099197128
21121491
115210837
14123689
102934369
2803587655
23746425
869894239
93835044
16213404
856587308
2228715151
172280127
54205111
767936412
2515729038
383547928
15452937
9020202
454728065
31107562
93822080
25506404
52995117
2800047512
7683422
169376672
5988062
25567003
250103509
702071113
62036913
1126671
153154765
2266591
19175964
954292014
61636429
105197819
19285531
25734277
417739092
7239422
12456402
27860681
74286565
14505546
113670220
469415407
32379204
2365169072
32359921
53026841
161092348
14711491
769965025
531701221
509375083
398876168
618362387
1370772650
619123538
14897963
1169402982
205315827
159950527
46340511
40425262
20308111
181850130
306408637
17991127
373949294
1242308360
16511394
84679163
504465785
84617373
49958310
33838201
69621923
2479832246
499755396
104222894
100540326
82149920
93830142
742708500
85725622
46897952
2328757008
786865321
135914345
1009612087
1359513330
2278865772
14224719
165772089
49976458
590152667
17396836
85286794
140027538
23572414
57443624
114476497
48620086
62607297
14314709
462774856
219977299
96094245
14992326
37027131
16739711
237008509
25390350
45549996
17209202
717313
14984090
395281369
188413323
18525497
69235992
19575406
2893971
22902897
107722135
19232631
14192340
39516018
15214381
122994639
14157847
15205402
400435043
18549724
44898076
14162038
19557049
186052111
545092331
1717291
15862891
62499092
14885549
243203704
14388487
273197054
64482503
74543
40316986
23045751
92984426
34573624
30485077
52845914
51228749
34095393
16042817
14763734
19250495
7400702
19353617
23876487
20453590
39524012
25049463
18986294
23822768
27538631
73688868
14500358
61671167
52243908
26860635
15085975
19396354
16343608
2384071
20536157
8841372
15234546
20608910
5120691
2182641
783214
14079576
37763479
76118419
37008966
15208246
49352512
8963722
1344951
58610772
17044207
15439395
2206131
66369206
21982720
17006157
15158441
17462723
15211133
17627061
31685247
813286
10297
60025762
816653
33039483
10876852
807095
43023158
2884771
22679419
4641021
12
30313925
20466215
19789294
11522502
7259302
15163466
16129920
15076390
20067354
20333461
17074440
7040932
4119741
7905122
291
5688592
64456361
80561463
77726776
20252420
75000687
16296264
43078564
55927807
19970916
11518842
