21942174
18774353
390380539
110770469
547826546
3891258718
3055851137
3880908503
461242546
1901405066
86328927
31290415
27744207
45090120
709799472
1613695512
13251382
33216611
1284737755
109732544
206255645
2980458689
2304057924
20874701
3404399200
42651647
897604262
583144374
9934362
237360251
74580436
2204034272
11348282
2339814349
89112033
65187067
14123683
259925559
1337785291
1413379441
289107682
270139494
209329470
90270182
1636590253
597653260
2155857791
362235495
191655445
19664869
26270913
23342997
1626852420
130885802
363210621
16949344
775168278
632459391
137943596
3190512719
1915349490
23268628
2460368252
2155369680
18687142
14839109
2831600607
113740810
481867656
22023030
28689809
6705042
193140815
39351968
2360
582872181
45923583
2768055348
2472704857
39281968
1172495408
235261861
18943222
14986849
1431869275
1578106584
976538112
16023474
236842868
925824896
2778787586
241201569
885850200
16870575
1305940272
42226885
199239389
2388371658
2875232963
16134540
2963694312
1726306453
321933
16061930
37722615
622300794
705208956
290956280
137165724
90544961
306083769
107420642
288998203
34743251
242627803
38892114
29812651
2746492014
562817107
237409428
22809435
199737585
2841994421
56135094
19958119
417942238
85390802
47756728
27528681
4894431
2057621
50318716
105223
467580777
1872590082
330007905
67961159
23501022
90959399
33857883
46583670
18691328
15146558
43593
2740338871
2775202518
29334675
543876839
2872318786
571202103
374378875
211599267
952337156
14062180
27223456
233152771
2151591714
300885668
83686789
1544269585
272161678
464159257
1887826291
784304
21174149
149706579
1132876218
1498916977
2204608819
495517322
33279328
2375288959
1732599787
16195981
390721007
731408144
235893096
1194962714
1658534719
6385432
12
14225267
13319642
2402568709
241974135
897067621
378128047
1345937472
371975863
1039255112
17430435
5676102
110847831
21861056
271995967
17768235
852039852
300977114
208120290
239825360
216939636
1244087220
17419608
114485232
93819415
101757273
459601671
17350542
92717138
2293415520
20336268
2396698369
1372375970
2434065128
1462929606
18292562
232204391
1863796074
777135943
500609998
17879144
2190906684
1612817372
378740424
1625689764
197263266
50343263
2603439367
21416927
529848387
1137700339
1323187164
239255514
43425067
1832806106
1411432166
326889905
27081406
54237877
15460048
21423021
49883265
164242095
75937326
900610518
747629286
965398848
168786547
200176600
1522181906
25743783
700118168
16933716
21242028
490056323
21702488
250121453
82095703
2712894277
801132703
54261985
95363183
2590242073
65492953
444863038
25987409
2579396222
1511939304
2157045013
251147086
622873
2396516720
505395257
262935568
107225267
20728488
25734277
29865301
124455872
18023868
93673775
18943141
19185333
251892709
931450722
82364810
193442384
193797587
306923259
863444443
15292163
47042274
23962312
275690183
87511983
49427323
206226881
341832630
113408510
37861681
28879731
3355281
18335872
197264205
40292970
150710779
223560830
35306978
16557883
2578833583
2693638267
2303751216
176210560
2293448083
551026534
21956623
390039185
405124125
2683771916
21338669
2222785716
388847181
82689705
2596977194
196877476
14677919
72146446
192937864
570574417
121171823
2562724922
403824092
15789512
1314762908
16584730
116861193
11417572
575566919
71210524
423556756
29873662
37886988
2561878574
39416218
120267497
372602651
29359583
171221404
32427234
22708797
209983922
11852982
645043
2357316174
101806923
17191463
221460294
2532315008
281735998
262887338
14747221
635833627
1040758742
6806612
37303975
49461278
235062161
38213768
23811131
864199609
15377115
2399990732
23556180
1589376188
247521017
163864880
218464830
9551792
414751406
277201447
1305740090
12340802
1877899188
372282739
42673060
2355442386
17825408
144624330
15384326
14267832
46959157
384182912
2303358152
230944453
14596296
141148895
246493616
58839469
18998892
236921052
18216990
1651753615
34615585
95131337
325832193
561754773
61020756
2177238678
426909329
289151220
48219214
217171485
964099314
851632189
38489678
2170413740
23988281
1168003974
15282064
19363078
17563527
290298526
13334762
43848067
14113734
17104751
289532906
305436199
17425484
176089416
2223979645
1519183848
1935966486
283247473
47433923
152862026
360831528
314249537
610222303
756159049
68539526
14618863
47134714
7973282
822087098
1791411
30862829
39585367
112775879
34760291
150334831
14995357
16393325
397291963
212299083
31936449
65391844
34655965
601697103
100080235
556975696
44196397
1180090910
88914175
8143682
254260634
20495814
191133929
18521938
504746393
214653213
1039586593
1267730028
1452845036
264501255
259331732
314758565
411697025
1286506417
406128402
281368733
148842957
6535212
588586596
550586865
93957809
68987936
215420646
14229400
11753672
106895787
21921560
2443051
127910801
35401626
19449019
107174526
146569971
1183041
602317143
19029137
18396070
7079752
20480582
124237063
500370398
43403778
713648564
502151289
36774033
96721042
24563272
433972497
14137255
26755206
14625547
85308860
62078644
28807625
137386838
275596584
376155979
32320138
112017535
40407073
14177696
18274250
26863892
17083959
487833518
14909989
493206897
17329538
62275415
10289352
50437049
8756512
310572457
18038269
47427230
71170390
38649019
5881542
14818867
190402696
419130937
6781142
19313995
233364902
17240190
102872780
157802323
553845258
153992365
110794236
14139432
292808416
94899942
82920974
37868619
14615871
9308212
405033226
388345704
7415132
16564324
122795357
19425169
14130068
17445752
38916421
62019114
14924849
9677372
32361431
97464922
88540151
59855448
27740668
14836197
25427470
18206764
93494670
15980503
91574877
182130969
142295004
260907612
17006157
14109167
39879948
34781488
19837528
813286
617133
20746400
330731099
16079276
45373841
16172894
20444825
148529707
19980499
14335498
15866793
183749519
137836269
14939981
3004231
19767193
43947282
20280065
21237486
16629477
9335002
14085070
18479513
5351152
30989592
65134016
1435461
26910595
18683406
15804774
25950355
65007412
42220353
3108351
19843630
170386103
87569989
27924685
221147815
31292265
15134240
44418062
19256096
22412950
19658936
15154811
14647570
19725644
130570965
33026538
135589569
139627907
14738561
19416598
265194243
94642927
11317392
86626845
262365030
27596259
146978606
199016610
54911123
15587500
86091264
20192875
53898393
130617778
19735580
16017475
19801012
6895752
16911276
69133574
6841112
5988062
30397498
989
14179845
21378183
15029296
14857290
19416704
1217101
104237736
56879674
71061891
25402994
106660215
15381688
16349559
44421655
32372834
27013292
29726578
36511031
8542432
36924725
72815530
14274132
15862891
59266746
15235026
29877307
46243602
94111457
6689062
10760422
13982132
15808647
68867011
12819112
41561657
20167623
12649792
19309716
1694371
18241551
15496407
17004618
16380111
33838201
13838562
25523594
18036441
27386202
10180222
36682625
20203496
19607400
17951292
18557080
670233
16891571
17944633
17066657
19192821
16165966
