3153560679
2477590476
16684243
279010305
452091020
2426917023
145814344
20474878
2935360949
3244791063
449211583
2459555439
3327978027
3329101870
3340954234
2248950228
477492948
287449036
3684308122
262856460
2479907900
346530482
65691824
1180379185
25073877
1063869440
2956058711
321300032
389423805
3412969648
1310970032
138173781
117662694
17471979
891039428
2799549983
3036377223
1017478326
3233273901
2700393444
359116468
982954340
2319818429
3354687748
523285175
522853084
487207134
53645670
146898595
157246206
238290338
856082016
82075447
43295074
1323567948
37094966
13939772
3181112174
3294207623
1968704780
2166247719
2315579526
22872308
596893898
21866939
16973333
16343974
87416722
956824693
2267218434
409228796
7587032
363343218
992763738
16273831
703649084
2820780237
2413037340
873194190
931586540
322536423
343295689
2738379233
2886970397
1654997629
86979503
121603866
3084997484
182874855
43974581
545142500
185592079
2485088899
26523791
934049562
1352001853
570919101
1094805043
838988672
71625140
539170410
277920665
766444500
1728940548
2792141833
2926878155
2936714848
2750693907
2481562233
2311655739
236913674
494874870
220021050
2282194592
1178645401
516500545
2883864275
196893059
103812079
136281799
65149863
1485055974
177639931
417928602
1482232826
628614226
52626536
61865944
751083444
2257623178
121682281
41049892
270293126
243140339
392923443
531025922
323101604
399923953
19717082
285577145
33253899
2541334902
16686144
562207545
16929600
16929520
2537204185
2776823057
368223155
304950106
339560912
65765157
87778228
1392809412
84149082
338853689
162663412
45608325
2732244533
455627891
1093090866
13850422
9567972
1615463502
227837742
34310801
19394188
939091
30313925
1324571282
15007149
251172045
71294756
1379223859
123528331
2445325247
772117405
21985935
1008581527
2185196948
298049349
57339160
535470065
372755940
474359398
73877533
42422035
319286650
484932276
359814192
808190023
608215470
253539939
2674016178
600908345
32569299
287801216
206049826
23827692
617196939
87714121
174764313
479231547
34862026
2723451553
21997295
275467749
174735910
68764766
2412794903
1055765616
364830542
2232888087
928645296
1935727670
602482680
19114913
2227957814
28735607
59586330
2496290006
295444695
1451278890
419333345
393247142
304909941
169963553
25390350
156193454
1157498474
25098482
438682166
20127594
143782321
1878575250
254931208
252638371
344718893
386090823
270315421
2175607404
2224932248
759249432
522580345
1137972109
97006234
1657201830
20376276
259403751
1638877123
20545055
20214495
20032100
36843988
15492359
106059177
38804737
1613495977
269891343
568925428
274925909
18401107
417952082
1307611178
2164557746
219369725
519276089
2213952054
504914052
436784817
50360725
469106657
60748067
1095403411
348620338
304849344
100238693
248131395
2228674112
1612934718
2299476196
98222741
113372936
516450674
83102923
148517828
343627165
262110239
18650093
578816587
583740946
280565730
551734470
498825151
78317722
90823721
52015100
259188630
147941566
183556874
103065157
102657665
778806739
283317150
1332515083
268959687
266867464
873514596
588959988
949904900
561021599
102075301
272637971
301943147
240326290
356832357
172650029
426708020
211411397
254528544
347191634
522596545
317961128
132195390
292431815
881870323
34613288
217407489
23594033
532956420
117102398
40839292
17962204
122035708
20521828
295663598
45564482
35773039
373864011
1330457336
565660424
514588611
424923300
1364930179
1339835893
757303975
15164565
17899109
68999404
75069067
31365082
500704345
481909551
271505240
366116651
49952024
1769740069
286603623
280260681
329593876
212611209
385385483
74738794
25333609
89787662
25159286
156340792
97613365
181491324
122994639
66369181
62442994
16712223
229129507
82656767
83795099
61731614
161309850
304832848
119958687
261565975
96735431
265313277
333935142
261094090
284974032
845250133
393342518
221716104
27825255
1495246896
190001722
15110357
21332200
18949452
59486068
70339630
269412980
4898091
34713362
1482913034
333457862
16012783
1088609317
538271307
91478624
34570810
156651229
788524
193863541
158300150
1877831
110936761
87818409
15754281
991030838
291914219
1267382833
30197670
16664681
77439983
1704377744
80605078
704178281
300760669
311651213
986077902
749077812
100962570
580917150
572342303
290543543
16901479
251251929
40251502
17839398
971008026
992797952
1475384120
374030859
237727634
300875329
227729078
121041518
251512901
300789811
837506894
293036717
1404590618
25985333
3108351
559821930
248868829
74792701
601992546
561339933
16303106
112440529
158414847
16129920
450093834
67356226
2836421
14800270
1367531
552593544
33388399
15012486
1058662855
428333
197341208
20747011
5402612
287538694
903546332
30725274
51241574
320316357
527386103
61197041
85319090
1299085554
17965523
270434868
253951259
59222801
773106762
31167189
236842863
612473
14173315
2097571
965891396
20932059
597740074
277984281
28785486
114404234
279440430
374536311
154044213
493347422
364950540
26572725
258903103
108376207
1028947710
337652462
23933098
50321330
379115338
140003488
398571532
262573891
31502877
9300262
343952969
452855192
358059957
474778210
299705662
333007529
20846790
771012702
317612402
306162968
474260950
252119096
332994013
36682377
388368711
163071713
426147306
5392522
269780552
26206778
164267081
14159148
55575474
14345062
15762708
20479813
477926020
77423687
1408341811
253460734
19697415
303681341
19792878
148364105
383299628
208039932
823905
26566469
906486619
268497474
83876527
288674563
47359677
5577902
298706321
376157867
569949922
906180234
9624742
266423380
255676867
52692768
32549497
634599390
356690841
374566029
398537661
262236289
409085654
183165874
95839965
191478785
438189334
249063728
31157984
409486555
19731643
1271734351
299670361
26809626
275616871
403563397
619866277
237189703
262796472
1000110236
169966568
31395873
14224719
17317028
233553326
14293310
6017542
742143
93316701
2467791
21982720
33103713
109220563
69181624
39470235
30257834
144148064
252657929
159123210
14857525
340441440
14677919
453796950
54599450
477856988
114787776
43149760
131593818
25387183
84231517
16211073
27000767
35986561
626206594
589151665
19176547
386211781
32403116
197347638
214537492
5120691
116799581
534492153
16681542
430250670
19674502
174656965
253257771
27860681
46153776
212127385
21114659
36412963
86702158
17006157
270956213
34006192
399156475
64521433
31057157
18948541
19224439
8161232
14135346
20609518
15846407
22685200
69691120
2884771
63143452
14700316
119509520
17243582
35469468
135187648
216299334
156529187
16683014
4970411
226031547
306151694
233953901
10228272
142230413
14511951
51621313
40205484
253213737
281065554
95652758
80396350
286094097
169021842
41814169
252531143
1652541
355696940
155481530
228298953
47606916
254145152
73349506
254189881
141084952
214763899
15432218
54682125
759251
203866041
126955629
375715673
280658277
65587488
52111413
286594356
229599399
323961319
248630388
807095
20379080
813286
25803703
173106895
213796133
35002876
16589206
85227149
271452947
60173261
201295507
62581962
216154626
18941640
24015089
74594552
262562390
130996475
29222166
19915362
20551702
14761795
25979455
18677031
57295940
80358828
56960258
1051171
16699452
14292458
29294520
73606617
57964492
85346528
12609292
47102491
8496762
20833720
15657472
5695032
20280065
14352707
7348612
102278432
52771126
5988062
20745767
17004618
20065096
116763916
29594909
41603348
38672669
30625427
56465298
35006941
16628861
18132640
15462819
47420300
217693670
16526589
65221588
18716002
18580432
34896803
25110374
28898736
42951658
30195926
66495017
59357565
18997592
34652849
190434235
16393860
77821716
33400961
19830382
17680154
30782495
8208232
26792275
50393960
20928366
15224867
21911231
22341950
29854019
35697740
36670025
9737202
15774539
19397785
9017382
37361451
19964901
22059289
12517262
72794615
48340111
47279129
1336291
73036442
25111438
35597895
118534149
119945713
34642958
17560096
135342555
110059904
104084199
56373787
121999629
52376275
21451122
8538202
8886812
126433539
14848157
23578502
23620740
58707733
78615375
17061263
83658040
37601149
75759032
65304707
41590639
71245454
49444292
18950712
18983404
32493647
45348900
15286317
15766082
11680312
33819656
18505524
49507857
35810531
38418615
14218062
173737740
175849840
157942346
168720628
218570290
109905929
138436771
15096735
83402532
17434219
74051281
18718676
47455112
128308837
99349334
12594872
20713061
56891751
65701342
48781234
37880904
9982422
23901121
15998593
77254321
41103933
17221653
39798540
57248728
45150515
