1126593422
183064381
28413080
801767281
2859411483
437817907
3166722445
216453181
705495452
9998602
1117313910
2996482889
155995647
112776569
19404907
14506906
533392401
384600203
18486472
543787093
247459999
2347332236
778905373
917136926
1267635120
104323041
551278206
2420557560
244210531
600223969
2359906710
608514346
259331569
326299320
2147848788
2314224084
870043220
1668822181
2247765384
885472194
456038960
118926468
803890230
580129426
495153072
608591083
355025858
600192798
325650454
1246624728
14355902
847522388
355579635
1710289008
46474357
1531994442
205428550
324906119
23805315
73012669
363395107
159237022
1235861022
1183755482
849467882
284170362
45928911
93722720
351648062
115446862
335498133
774142460
287829568
145665056
615214895
9163182
78514771
67539981
574772067
116469316
292531199
214986812
473354756
19327693
15454910
175080941
268412999
322655538
320785469
243236975
295869085
48788647
56702869
36066261
50998995
78114017
29793141
124922642
243484252
196274873
89552596
115722844
75077661
193801732
113685351
17004618
21705478
69020729
30211622
9109712
23630483
14340860
74691261
22504618
140579435
23507842
30248029
15292947
21795022
15441117
95123887
76081661
9694042
23105307
22699484
70742458
22930958
57647745
14600977
15533253
7166582
23620660
22203223
20107532
65466696
15211602
36368002
38264132
22073539
70967278
74302001
