365998473
3347601614
245989800
89989129
3316179578
270880724
582938117
1595392003
1253721834
2783181097
3272477743
131942721
2804597766
3097166903
2753663966
398754763
258847118
34222024
153814910
78948355
380700305
3591933317
92733167
19657120
58431280
48799978
621573
14647570
19178857
46959037
15110431
206661388
175691292
189065376
135583203
514727834
41358714
3417655097
388345704
26247698
242785581
1015364172
385611620
19066345
15987295
35749264
2161027910
2305188457
22926862
1524781
102420852
111305843
75304043
19668775
575932743
14746356
17905977
46473066
133483967
302769804
2270467808
90309257
1205345400
137500289
44746613
1238607631
224747050
2977859626
2447816565
561372021
562817107
2802558480
34018296
14738561
2580789216
340331600
215759696
621353919
144592995
1728335761
838051974
2561407350
101081754
326296603
20169074
357661916
105230604
2881236430
569423891
256793538
57346365
9963832
56593116
101534369
16348376
49848581
2958910899
17156481
27841081
423441661
35796621
2301917744
1692614756
2355476886
466600034
2655473570
1545031921
22844341
3131430161
491333323
391934111
373971136
2935800729
25080613
300794729
566226913
2879642556
322168064
331202983
198350602
541618094
1956227743
415162347
347804908
14729597
102417054
621070937
1399640347
422169746
1172059417
66680000
270451177
234527654
172419122
21576334
16113368
16027100
115702663
125512325
21082047
79997785
81089247
16110819
829299019
871681939
819007729
247610675
1241258612
3063852513
18365948
15154811
21866842
46145761
258464999
2590144724
910094054
137717878
19837528
15290277
1425644274
100255844
3034214643
16891507
155876771
34248765
15496407
47983577
5069361
1565839604
1120098811
51837775
467894517
806536609
212299083
320268880
2885497625
229711796
551112681
304593450
282154878
25807798
189172089
22029897
18328820
745320876
11348282
8963722
2316224708
487833518
32372834
17918545
39522692
28567809
264124770
87683767
159955958
401570359
221714195
2319375978
9618642
1635222104
2285471886
251312236
52010875
495517322
293116923
575655913
31936449
143086518
2878784774
19658826
20038221
16245822
345919799
44843157
14085070
1372497216
787765068
345320126
1304259158
1289263501
117715840
2901021333
46300208
216793572
320210499
490056323
62183077
1478149944
411436304
701068436
312163444
61645374
20184220
39282190
1286506417
16337598
1097361890
1370684718
2557915058
884328535
1852047139
1122542166
768562657
2562724922
24001758
1513095566
259772777
2678236062
206799345
361145171
272593403
2341117062
378259736
2200305589
50996858
2842524831
2893154484
2590259335
1090269799
55035182
1952694714
580411725
186172324
263656559
2423966738
88722311
45341566
18465081
23108848
2233788032
20374729
438540090
29462444
20779255
104786280
28537098
21091698
942748020
96784402
2919151
2351827339
231998121
2786420049
2845695101
24141851
1938608077
561297215
829094402
2802059139
2890245782
1105902326
2851566321
97717208
20940853
189949522
425790025
1400404514
351401071
2409129102
58155571
21581503
25070192
2363506767
18131748
16716425
208008927
123582098
228586748
26521816
492547025
16188864
183548902
1703856740
15439395
66306810
1374466658
206372089
343362718
318074926
73341746
18918939
98061754
14333910
2330034014
47993418
2614089949
2307486773
153755225
468482267
2554874090
48197833
225958896
17650732
1245292034
2523203126
2763990767
311086886
2435499030
1513311216
2752268657
21099301
2344627552
2258903513
37980680
2600391834
27229383
1545249709
937783134
393522477
28348098
2660523104
71210524
2278364605
23103423
2258772237
714093312
405124299
2676234874
176537115
879161563
52874925
1471881997
18887526
44874400
15143478
6705042
17939037
22419487
440256951
86292908
1157578424
466451342
2271039403
2171222928
19448871
397300402
88795399
45550648
334208589
19767193
33604444
1708196335
1205869861
93038048
238742448
260211154
834452256
88727938
2377328995
1859440052
79284696
57076191
41926530
1128132072
6026352
582872181
594643753
2230002997
311294894
130927428
16595229
452076010
804416
814824506
118620747
17251787
15862891
17047208
41150196
16629477
143844341
1964626808
274388734
866128902
857177724
22171156
815177160
185402175
713648564
2370961154
226211544
479499755
2315551122
14894143
1242788624
601049039
290582982
1520105341
25166438
19416598
1522181906
19739636
1290000733
128254845
407254802
1109591706
1579647342
221498036
1858407997
550351272
423433891
1964474708
405121767
1243353901
36918725
302557372
22752860
2223120637
329573265
120029735
22038701
1291199636
24167460
856471832
13908852
19117365
19108922
45373841
19683765
19457950
573646851
635123740
300456397
23420217
35304791
314758565
45579282
19816004
52584039
405033226
40234732
543876839
14441838
273578767
33249457
19676294
22353109
388444234
342384533
