23085502
455226367
481159349
3297235346
3290364847
375723077
18215973
399864679
14581319
156167787
283247473
3264670326
3657147557
3388410460
3415283195
143275672
2989464273
2434191967
26016423
735609319
1629336979
374659534
2700794490
14751214
189352849
28939108
2244469219
3178131275
2542824828
18910961
562328466
137705144
57445309
14075928
85713423
270282944
2848259962
519952673
21997144
67677484
320058226
34655965
24531648
443492997
3462765616
1909761859
466206777
956170800
2241380624
2284149146
143044718
385619175
3235513572
2882739367
3104414019
130906331
2974895289
3328434820
8005492
49267116
711745808
2319036062
3074541820
10834752
1454441298
464996769
17187713
64363268
105642178
1963321447
2493246408
3338682634
1927482656
14089418
1536791610
106667757
3334394225
938350616
481578520
3254050353
3157994608
16629477
68942483
1017068864
593370001
357908674
3286893419
14882900
302547719
1729955870
3225332998
580411725
121019896
3154223927
59518694
196877476
467894517
25843518
146910007
2909684940
2980527600
2337103825
3239738259
2185948350
3180033032
2227598077
3177505453
244200123
1618013773
3121291925
109487723
1080753187
532729982
1479412992
2496089581
2821239209
1580631
531466066
2706909306
931165272
2315551122
2371597951
25065731
1001726569
794088000
3139177656
3110777490
1226094360
102094857
2875615025
1383770383
1579803259
979094809
234947344
2542013162
24023754
65647594
19826509
3028922475
18687142
2563681808
2490597082
796571251
2710580269
47678782
223442231
2876220805
2331747024
9560932
126068081
2873912921
1135472480
107724856
43457839
388850360
140781979
2252866284
54430133
2256101473
2829821241
2996354610
20739133
2987718802
1416200185
78209491
860158302
64658763
158758216
338941617
348061274
833232620
2628704402
166165706
2444096628
635567256
837693559
2651247642
2150041849
955580982
19711765
13251382
413413847
23504313
1308741
21875890
18622869
125424257
101803450
2615869656
336012502
15394533
1361833632
2826832092
2374023847
461099519
2980458689
17043428
66381461
2865040806
113408258
2563575966
18027903
2823700592
1961878111
18192214
1924615722
16202804
1472866045
2749987129
485109912
2766468809
58515346
116907977
488849472
300977114
1057203619
381289719
407476898
1579422614
16906137
8963722
15857574
221304470
1886923789
119625403
2766212044
947321780
314158631
483657883
264399952
2921191652
71322014
38810966
47014253
1344951
526231155
90544961
1671235045
14353338
1415678594
581076102
493209555
604969770
7494192
2462509141
562817107
42490807
44903491
141424464
193797587
14677919
2172622974
897921452
14043142
1431348835
11388132
243643878
2841991235
558148770
20184945
2365948482
6215712
1200852901
2524825386
939809024
33035944
56234285
34615585
2799935377
2820227945
442983234
1414967060
1376641550
2473839121
2802474784
279589208
2303259258
1591172407
116013063
2167247681
2375288959
2650643474
246877444
45225258
2786149840
1536618764
285658202
1248601
2802408644
1234176577
8779352
157449978
101452666
2802558480
69133574
46245868
493707229
31227588
228167591
2678236062
46498656
2705236788
1918556978
2800364413
2562724922
2276551987
115010550
1551895849
24259724
95363183
76515242
17329137
354300174
48306404
2769950486
34617752
490372969
4894431
56648984
2768055348
1425644274
35432131
27013292
282615966
2548791728
367230333
443206410
17393219
2284945354
194569139
26221870
576332699
15647730
262012549
9207632
2332483018
177805965
1022977543
943751
931450722
712517634
16634058
1625689764
22931893
46243602
945473418
925824896
48494794
477928820
279418921
1611175159
2576605710
25819761
10402052
2487853952
2467226497
120945930
502827813
218601716
2557915058
25841927
884590158
100851566
597726943
40221991
15173146
938080704
1692248610
149706579
149603731
463414713
313939160
542826659
263675100
257637229
396365748
9237012
21285557
390721007
329441556
575932743
1421082818
2474452219
438802417
473212919
1565839604
250121453
885850200
20142273
19078522
42768941
105417422
7817142
270554729
309043147
1237672166
353619078
30217291
203530201
334203839
317152866
863444443
1725989359
2253816445
31500394
18204420
2173249993
489176580
1685908440
368229013
251007206
1650637086
479447652
191503520
28207281
2414788774
1514480461
28628202
114857580
290226291
54310168
14160929
2239626504
1229638309
54018429
14646195
1924216836
2361873631
14710129
2213018582
2345923291
16276553
65134016
289084496
2355523406
522406553
580269594
2304941706
24974525
175169648
2239293463
491815662
2342928961
141339633
177005581
1431747402
105075809
331228486
794014303
785817492
3795281
1071972253
228410704
2291641710
23795726
379911802
241285260
525245750
469509187
2302136934
390159434
1506161432
1519183848
176883031
151772758
372270512
1352398862
570265285
14870565
16996133
387834679
16227629
1040758742
1285945056
1949132852
118429028
302597866
235893096
989625055
1325200380
42289638
296300255
1037737514
95685725
30198750
2245706839
36370775
412933559
407068486
868609854
57371866
239255514
15120110
13649002
250382945
19534829
277175103
495328834
1261044036
958264921
99173786
91368841
75268948
407395156
20649686
18821994
1613604966
187472029
102106370
2180511132
23576240
105168495
1589376188
14286928
478977116
370437941
185419122
888903264
901835683
448952307
48008938
2197803708
2156234758
1552637701
26602204
21852262
176089416
31215276
125949331
2182380505
561297215
1414130274
15487158
48734625
296644509
759485071
2164225381
19968025
258947612
2165843324
321933
15238661
411488913
166816694
1676175931
273578767
263724774
95146289
29340609
1241278741
6032042
198150177
132594097
1949299478
1158733934
490056323
1959469590
570574417
43630083
227753217
203470497
225891105
16557883
397518511
1877899188
760065560
1264547191
1889774671
41109816
20138728
323325582
300699873
15905136
263747020
21114887
185910976
19668775
24971148
723943
818201778
1848875034
43848067
1666523137
31936449
23032536
37304116
7675082
80918348
390266289
281031538
467580777
114142293
152722527
15926695
216939636
11344702
1267928143
23631835
476238744
82683644
15110769
1620885366
145936590
38372813
1547838528
390783272
537222561
26983187
17230461
1411663369
464996794
1241433806
32845955
184881825
198008272
524653593
570261432
39282190
635570882
868672706
1128132072
185666045
20678126
1442119560
575830987
71557700
569734172
1446861720
553085228
235072498
30383370
1426542584
478551992
45373841
489929554
483388203
260900441
20688520
20426271
28434229
143086518
378272434
493368043
143629076
15607327
1340168582
48020669
52133120
1402183777
398129689
1060997204
7090952
856471832
47433923
577178402
1388915306
776097036
6977272
87223964
820582
131356207
994649642
833925120
98098550
29717083
859637125
575655913
16696398
574983669
1337603888
19132606
1259601224
7434272
90732415
635123740
296433450
28611038
332763179
1286506417
773450
169249504
256793538
124531889
818581436
9626672
16843817
998407880
5662932
114578062
398066744
17573273
5947042
1164104148
472272881
1249676186
276573828
74724779
22741656
318001397
409154376
44196397
216366855
20862478
1077802308
621835593
1205345400
318053222
20750406
564989934
17563527
269043415
249459871
932805374
200502746
201217313
16196443
11778092
263370814
274388734
325719227
41150196
556992335
342832365
248734135
1104763074
1077807962
495334428
94569565
12340802
950063329
78344516
155651779
35005086
700118168
360258516
23007083
29600755
6241412
991373832
31052338
282265933
935091318
27001373
169632361
376088557
380918959
225055273
65361197
245682624
151257881
974852491
41651194
28623531
20786898
117418829
531855475
806393046
266650070
24951439
11620322
124237063
22964911
479856619
116867280
578073641
597653260
495498585
782615960
388595556
103445595
113740810
87198154
21308466
88997945
896595900
233860875
870397447
601697103
111020569
173835882
386521020
274658947
117636319
96414651
290298526
618201967
14887886
875537564
37722615
31586578
768562657
15536303
14596296
810577974
346740364
16061930
199737585
14245811
12065472
14421900
363210621
136406719
4062791
40491876
453495437
771553507
17042078
59257007
274590281
58389962
45923583
495517322
45202786
12993382
16435321
37106976
136757859
572811991
168190069
38871401
58235603
405033226
259568572
17868596
526226529
22023030
17881832
771561097
23442503
713648564
127482711
47365909
48150808
16470701
582047223
155230346
4531221
485695025
11824072
30431081
20441966
608724203
13746792
397552950
23268628
21423021
496047389
319124822
384182912
14800651
167394449
590497915
14567800
69658921
8518982
253184910
97532053
25918006
41215558
466062053
543876839
407072837
29575969
127872680
36909762
5774262
52036252
578473908
404562752
20361904
15201021
15848391
18284047
296624994
257903608
908161
50078515
66846840
175219713
107986772
188423774
14396191
49418010
276643081
96102210
300114782
202968305
389601565
177274780
185402175
579961757
578082150
388261996
26817726
25255526
16939942
50933459
431884920
425539276
470401090
266158374
15859033
453559748
14129777
151551090
14441838
397291963
617133
17251787
488589499
429169198
533603725
551972450
514463549
276769468
479669862
69914884
228015307
237409428
293116923
115039678
89169314
532803793
123858892
10136222
26616462
14062610
19245184
454724555
32624460
262935568
87997689
191563802
455630571
268297887
433861972
95245460
14267832
8842302
19330583
136532538
376221957
34222024
47367118
7973282
212299083
22911650
17061155
19332174
57694574
91951516
96253785
44418062
492806249
6134682
82985064
293110255
434937200
82095703
86493795
23561208
474575822
251502134
37004986
406014990
472076206
17221246
17015438
61356241
38916421
139627907
464159257
320210499
56564230
30860604
121557269
337121402
16174754
48966898
386869663
456361953
177729631
270565078
18651829
27924685
17944633
46247561
15757880
376585264
226041293
6873102
20570290
227855273
32760936
130902749
11317392
679183
74599038
62183077
279359052
291085537
423556756
386682375
245127326
176024190
310310316
135589569
287069519
229192282
146978606
394879847
314758565
65007412
200634860
17371549
218892908
109434119
229711796
23771696
32563835
380950382
15084702
15060148
16640235
20478716
58756672
16656236
43213031
374378875
131999950
169633285
16172894
14155350
228586748
35306978
133239513
16103707
223560830
105530526
85906238
42558652
86539401
130241862
18235879
5762302
253209216
18585425
32663491
19767193
62024265
295344317
130579391
216793572
5697012
145915254
26277608
54641489
21731636
56446462
14814431
33277722
14686282
213012200
183548902
247672062
35304791
22419487
45001035
38892114
269700525
16150688
17643901
223529798
131574252
26506721
19843630
21242028
22870748
14097382
8266782
23094787
26571599
262365030
2360
96294925
14248142
22219572
43199901
230944453
125680195
86626845
50753411
164353656
58784294
14502020
25950355
132112504
47348249
9377892
58366806
28023432
65198328
42291620
143699966
38268095
82336717
118266357
16122379
14741250
233364902
87569989
15496407
765548
36066745
29812651
72814308
56514501
8016722
18089292
45815179
18608758
11417572
21237486
101534369
46300208
93244606
47205692
13362222
8653962
59645583
27295244
109889005
7079752
14880915
26534249
6436872
12286942
71210524
23748491
13963012
81092283
28912478
14738561
49127323
102754598
27143494
19313995
171221404
19837528
34552656
20444825
44438256
110751834
38514419
19416598
28102884
137836269
14897792
725323
17083959
167989139
22353109
46145761
14313922
10054472
17402097
116877838
14085070
17047208
36814136
109848011
32427234
32615991
13395272
21942174
37732219
22462234
59221014
15154811
14962567
14000542
15862891
14114802
2444351
10180222
27320089
61695176
16960160
30005585
6488742
14126701
14162706
605643
53006190
2443051
40197991
63837338
59855448
7431072
50340806
17425943
