2731401072
303111909
2800364413
3063996936
19772938
2875615025
1361902236
30841319
587401878
514806103
171221404
87997689
543876839
1181152950
91951516
18228351
495517322
2768055348
31936449
3177505453
1547838528
78494748
474738246
42355739
1324479930
152022144
435207812
2770242926
226900425
91220298
52051193
2696665235
891433392
20678769
20770013
2898555751
2968853345
2612551
165176880
7554292
171676302
575372775
392527613
1104763074
2882277423
2520999920
16629477
569734172
1345385060
2909684940
1565839604
325126593
868672706
938350616
75268948
16110819
56723186
2782211491
40823592
28336682
272017240
21285557
609451332
851068448
570261432
136834039
85325527
1366697215
40659784
2345001945
95146289
152889033
206255645
166665318
28851486
15755223
22023030
38946230
867842876
2875018475
978364519
50393960
98098550
86493795
634958568
1693214749
394320303
285658202
128468399
67304620
1479412992
296644509
133683726
300114782
29600755
204832963
21372788
2360
2487853952
2276551987
14460798
46300208
2506774887
361249278
2455800636
388345704
1307614093
191463787
136532538
311811047
2359926157
2342928961
30639047
48339714
2352296922
885850200
454977993
2527416100
264399952
4128491
14184386
212299083
463414713
226691837
104807789
19668775
59257007
2364853507
177022908
367485061
39282190
69269809
20675960
108958320
10891622
498601239
112444549
161712199
1241433806
1959469590
487833518
318053222
86626845
543700209
45373841
56564230
267735825
265793140
6753182
2212451732
2215993680
627461672
813286
230944453
98037060
575655913
177131044
56593116
124237063
35306978
34222024
211266629
11063
1243742294
36660064
742043533
453110991
235072498
210672830
547416217
23962312
49344076
256793538
15273272
433967859
8266782
484781643
72792938
20444825
71210524
88650160
246877444
420363475
54664239
123799936
67003972
17047208
123582098
19837528
1435461
128813223
146978606
456361953
133239513
22462234
19416598
241416931
1048180142
561882981
15862891
137836269
16174754
19843630
264840405
331375201
1074742087
7973282
82985064
108655269
123858892
229711796
131999950
223560830
14097382
242156036
555580799
149461874
31088181
473622174
507584738
15154811
21155592
14897792
386869663
208988759
619782765
593359147
59435725
114411950
94119350
90905426
16172894
12974282
92940601
17826190
9537262
107174526
456387509
478099660
47983577
205144389
319770079
19301108
148063313
479669862
529860642
18726353
466062053
554872018
134760612
88368129
102547083
14516324
272330418
62234957
123798647
284542827
385581974
301630205
73101407
32845955
200456671
426216787
37722615
291085537
200140866
300724521
434937200
494887461
429169198
438780158
575761735
492812398
14396191
18608758
17177938
386521020
183548902
21237486
51369417
16649758
43093791
