3240295671
4126429515
3017977001
3971729007
19071689
259224297
1954259425
3653371457
276992775
3186004046
3000632391
161763197
99173786
3435823431
468646549
19808176
290298526
575253769
23425713
2427866900
1372497216
1929559368
1663413990
3061631535
1565839604
17795584
132466161
366280467
2989565986
74599038
328287799
239879028
2841884049
229071355
3310859914
422169746
3130765793
2546345466
100047303
2727965386
2754861219
2259115196
59126394
1727942791
67808876
1346901876
3121291925
816635599
438780158
1359450924
2402684238
2150041849
214477960
1397000534
33892163
15060148
525652077
22796507
40182630
40914713
42558652
89023784
2905716507
2549047974
305011512
1092894229
2990045818
344115593
2612917682
2506986662
898906693
1679260675
303804147
2897207350
901687686
19341683
110890208
613414344
1524781
274682508
1376641550
331202983
306154044
481233368
78118734
37409635
1544016012
910094054
998220830
1192960148
8842302
1560146580
2373978090
24063303
2800773981
448906114
66162716
17061155
202968431
20441966
9325082
307361738
107174526
2669136602
2678236062
354472005
2277585896
2319587492
48966898
252204344
14943974
1345481306
419238948
2690114604
1949299478
636586551
364909652
630307037
20426271
19818439
33035944
551112681
87355478
314806166
1570168819
538342587
43860973
565547887
239496104
375795599
27834920
772204146
19360666
218464830
1832050212
2315551122
351946390
1382230009
935560465
234309722
199928950
2301984552
53893339
26616462
300555776
323754242
21956623
257134971
402558944
1552637701
51837775
608247072
1349176500
23240870
238718627
274063094
17391652
155230346
15154811
14324284
2230867051
1286506417
628765360
450930862
392987060
327376223
151539569
56302593
277302744
60882947
2561407350
442866144
936869486
428694938
1870227042
209630842
2303021784
1385861262
1604459690
301630205
1205345400
1250682007
985704439
2665197880
1518036960
56514501
496393900
484963255
1259083885
64442900
810808380
581425520
455741598
327156543
320268880
868672706
2342928961
2613647492
482500305
1913890034
21410687
2487853952
1358558832
177274780
1405149102
74724779
27841081
14085070
19843630
1277244036
91429636
19767193
580411725
158665018
974583583
29134870
400142819
1949132852
930673302
29462444
41332036
2452290709
2516897582
9963402
2280330367
558148770
352650591
2491608067
341708651
144121662
2352296922
2339127884
2444096628
33651124
247253334
2477317526
622082562
454724555
93655345
787765068
293110255
127328591
320210499
2276658074
19332174
2414788774
325448132
1146204302
58756672
223669139
153814910
22483776
903781519
1006903940
257651752
38146044
851679168
528664069
2207073001
11824072
27158603
251456768
176024190
518770501
317654497
2279045005
28434229
2239886358
124991617
311407790
1878830466
40221991
2233154425
11435832
538778092
199360809
14546351
237896299
94569565
285828868
1040758742
584696875
46300208
815177160
18126455
155344910
521606169
816471540
49984747
12459932
27847455
46342393
252124716
1704007854
1350065268
1189919216
1235031679
112427461
58463552
409317141
233944247
271645211
1058870712
34255606
1550180016
34911781
966935694
76506552
236414404
10180222
206661388
914722628
319770079
352235492
200456671
26849137
569423891
389997191
917211276
23602600
131999950
366655100
20142273
228586748
182295325
188716376
130241862
803478445
260211154
433491442
185910976
24280870
19292942
805810843
18608758
359920994
216793572
14114802
742969975
18723397
160208591
151257881
228015307
20478716
137346526
85941409
85906238
17881832
635322572
618966574
208988759
183548902
461435718
196979356
46145761
43213031
31461371
39694489
341662440
82985064
295817131
1183041
32581388
140118545
28567809
16864209
98328572
11317392
102069506
47373514
19655985
22272053
58431280
33315010
45579282
45957677
21581503
35749264
34222024
123582098
14118029
22419487
15987295
72910816
87198154
19837528
104849636
23184591
20779255
37732219
57579512
43303934
52412323
19108922
48289662
19397548
20773334
15143478
15661871
621573
19658826
5402612
18720595
6705042
