4126513754
3555354739
3261777894
235261861
490023171
27841081
54641489
3645954988
3239482962
898996482
3542583027
2331779203
8398722
480078469
867182287
16301503
552184361
16523741
2446132074
5644962
14819149
2423747006
3375012465
248950816
986211042
3406540323
529603777
1564178612
3316179578
3285772986
3327102388
3205627360
2944651994
3317663993
3307325892
3296452327
2207282284
258581867
352650591
18328820
1158733934
2876139185
441560048
3098181104
2882277423
3364208597
3278793343
3282616238
3380518833
264162545
16178288
3380458025
2557431396
3364733385
851420822
564190444
1183926434
127490159
400746009
2731066892
3371558375
62513246
1334738851
990904392
3305960134
997629601
3249127795
5699
444945609
627996201
2563221980
3333526492
18036441
99173786
135060958
1966636014
2558210098
462472862
2516897582
373568407
1676433602
358542593
1676105780
2529158347
307914319
155848569
1912459310
584020987
255585256
2469853436
2383901592
547826546
411697025
561716717
464763412
3216558622
112508256
20000164
1425644274
814824506
489929554
334912047
1604459690
490203158
2444588671
823650480
1245008893
757679334
1286415427
14177696
3132007510
2894073789
635600297
370773956
3154436700
3165994521
2828350597
526226529
111991667
20778401
2724146642
331443376
562495967
2998015411
412127943
2841776049
928873471
2716751564
2695370784
3041231217
2980458689
3107949470
231127555
2981414219
374095894
19159888
23237339
2425716337
572359351
1457469324
938354623
61916086
1687765428
3017932241
2993994029
295459002
2829821241
2878784774
2829966844
14174897
2991704282
86539401
2166116277
47014253
2760974530
2783964555
492547025
2864184746
43633071
458781440
1467513870
346740364
760065560
2164559623
14829547
64680623
285028993
16174754
20444825
15496407
2714983898
2432069892
1499925510
635567256
2602846615
776213569
15890585
24583403
2894063438
201805698
2974862175
98423493
120636331
1276883383
1646897677
2776934364
411012219
49358291
64319270
925824896
2789392081
860627400
1936691288
67933228
2654088070
625733568
2854435208
2222785716
467905151
242269760
137139925
476238744
110890208
374378875
2375288959
1707181112
301821462
2802558480
29982331
1392826357
324914739
90424954
75937326
299245392
933330985
2372338046
2654494290
553085228
84671029
15639858
22741656
575170030
319789805
18732270
2826832092
157449978
2557915058
403116484
93691835
334969657
1367866038
1113081769
1931754386
742043533
1609019112
1693882340
373971136
1560752113
14173649
2751825669
52774160
15671316
1368196544
20692594
233661443
2743157729
1656025728
151772758
2199727597
1364458669
199737585
61775988
591702780
622063303
1308884352
1106958878
2294753461
2470362024
2690158452
16779600
2682384168
844197590
43491775
2396516720
2690188656
141008542
2678236062
320404737
2677170210
1541334302
1542662550
19722325
483534226
2275114487
1343632424
617635218
1880114024
299580552
160877807
1578203276
2444103572
2247984685
473212919
434091746
292296508
257795184
2583382082
479649218
2582968933
634112471
2584407403
1631690197
178537877
2579291431
1421082818
6742592
380580136
477395210
22333409
856471832
1691898811
1360330398
2467226497
1768365013
384586373
949901322
1481894455
329441556
558148770
2214371094
122973487
2562724922
19420947
864199609
2560011930
2230867051
29482396
70563348
360041612
85114554
1323797287
433865737
1601175061
768446024
35337456
2298806846
2312100787
2358810242
90839312
378259736
16602000
2427702890
396827323
18281382
1132631683
2399990732
133239513
129299049
245107956
269559657
250386727
618462026
134545154
2521422948
30435885
1902450630
1474540176
1242347953
426588201
61382958
2351814589
1018582388
283611777
311070944
2419710651
2344750475
1522181906
2489140784
32427234
537010391
20854616
20260548
199239389
1330213843
1732599787
606549267
20898564
2147766068
20675960
334203839
2440472432
261808028
2422552243
440256951
494508400
65303217
62183077
2363300970
525555679
1128132072
2192592792
443025454
1430449225
2156090672
32160273
2216245224
296644509
425539276
31174341
2364069320
2310046634
2421208506
1388592445
1632090733
10481732
267936512
41026135
1703856740
251007206
87706747
1685908440
395332444
2392115677
333620830
2389878942
17774791
1475290080
2179791505
251456768
14846380
126929016
10932452
1124812274
453559748
145980840
17425484
41286801
1720837598
397300402
2246304439
194257799
370437941
63886603
2319375978
1413173948
794631618
224223395
1856268535
4531221
2243103480
14924849
2239368259
2285471886
37714344
1735707524
454517116
601077417
111020569
40870398
584072687
307509250
1011349969
8518982
1730561124
2165233802
12819112
1249676186
204403285
758646955
1078241888
50504733
535212326
937570435
2218999273
2174795677
177729107
215441635
339241449
333748975
574983669
844403028
2213627784
277792348
224026781
723192164
1379927203
222128742
2227465170
237409428
22421578
335006030
351018295
599395908
2190906684
745320876
47983577
2186586465
1704134575
274698712
1362852985
37732219
18049298
438540090
15134240
137386838
145618946
45399329
1891806212
18683406
147734281
2161434259
919403545
1687831542
2194507915
318053222
2182250093
1965594678
1048894039
91206387
1949132852
866128902
2191109263
22554631
621102394
65634864
1588854877
113767693
1957145862
107724856
917876424
490056323
257651752
49344076
1728335761
779076895
32327154
2165734609
3795281
263481851
1655219336
217963801
273578767
347194490
423556756
320808351
340435374
29600755
1192841532
38146044
30258745
259568572
942748020
1704035064
19348319
297471236
455377929
1708856215
260880504
313297414
132291569
257135863
1938608077
892462423
16202029
1694260158
1512144536
425790025
15673952
1915349490
19731643
1522445748
470401090
483034227
59257007
83424009
1732970930
892871317
773556150
48961478
1915185822
268297887
1904303396
13963012
633485162
541731281
148117155
199360809
815177160
559910810
37710752
1435461
18843227
17292623
1884202068
1230460638
44629346
195123437
823905
31936449
161044929
1250165227
71314474
236414313
14826808
1683807956
1447145846
1685136618
342904778
1006903940
90938411
1534426626
1679260675
334263857
149706579
19668775
1671296839
632538212
1676175931
242045403
17851886
322122983
25255526
33279328
1245004236
291824300
1574426113
14460798
397552950
1370684718
400058199
48802212
1122765026
190378614
318393060
601697103
1414130274
236028023
144612928
1074742087
1586018209
1472866045
16227629
587376806
1097361890
1565839604
897684764
26635279
195123428
369774706
143086518
185910976
91951516
235893096
16196443
600288813
1130798947
829728188
47052852
57268983
16228479
72734777
1541676991
818543700
25497987
1253721834
629787945
838389517
35306978
32624460
325126593
1217132137
384182912
14521062
160960437
589113225
152889033
42873664
16076032
50690435
1405149102
19539314
858317990
15684633
9237012
53560219
476943325
22319206
19808176
62862144
1115365544
9618642
20448573
768404342
11824072
597009469
11620322
105529826
378272434
28511827
34911781
322658873
874333826
47365909
782325
862058144
962997733
937783134
17563527
283247473
19360666
39282190
611882439
330101315
388345704
93950513
137836269
198350602
402875257
16817883
20971256
21581503
21423021
257329870
459036285
155230346
130579391
112017535
210672830
20750406
224631899
806393046
50014224
17042078
17083959
16122379
59855448
20038221
16017475
38892114
65134016
117064656
118266357
33277722
29462444
275690183
41561657
43199901
19658826
255220185
107037417
224896427
22029897
25820731
135589569
1287583542
474911726
23962312
256793538
1298253524
519952673
572811991
16337598
19108922
46145761
320268880
208988759
200634860
22478416
29726578
35304791
71210524
15154811
575852195
16172894
262365030
10180222
177005581
14738561
87569989
405033226
127305588
163802276
159077381
21053974
20884310
15921173
381163852
454099919
443717050
159199862
493533362
26269076
21942174
124237063
11317392
580411725
561297215
7079752
8963722
14085070
107174526
7973282
700118168
59221014
18608758
82336717
212299083
19313995
16960160
276643081
15276911
85906238
24001758
456361953
1213590199
293110255
14441838
17402097
495517322
30005585
269700525
14897792
45373841
18414364
41150196
52010875
266829863
156689578
269043415
454724555
214099847
321652549
17047208
16629477
74599038
350970114
998407880
95616250
1241598836
12286942
713648564
887721025
17251787
575655913
320301501
14324284
380816062
146978606
153814910
562817107
570574417
18243284
115039678
575932743
635123740
316389142
770368572
390783272
443885191
230944453
23173210
19534829
26277608
14434070
935620717
107225267
196877476
543699436
16939942
33998183
21155592
1120098811
95245460
297719472
223560830
380205172
64822247
39351968
543876839
19416598
17221246
183548902
19843630
320210499
100068931
1205345400
290298526
466062053
389466979
768562657
531817241
314758565
16569541
