305074623
33388399
2497242884
3032357001
610659001
409943279
323954578
19915362
611464410
227524535
388427342
3236484550
171314974
2460381038
163844242
3114313702
47830805
215924496
172877105
2526706224
3545481862
3542734755
304909941
39719681
23638544
268887682
26073581
1061570058
24671422
21690595
32417971
1330457336
11178672
107594557
169853095
372760774
378536401
536516317
586661401
2591945533
48702842
207411537
59708490
2226186367
114795066
3176032420
26883683
1662687974
477825821
2732983620
1254483756
903621360
614249266
243775607
84650849
861671168
1963312058
1446953138
1043602884
3030322752
3239192692
2802004432
2874183033
16348549
34889448
830240521
544355487
131079801
554088398
313743136
2828767220
301526635
1704030108
532247573
3018968748
148517828
3028252336
3066095291
993249055
927783252
5734902
17965092
4898091
214821759
1876367312
593800653
22481472
792378206
986324570
1079443074
116763916
50393960
339592888
157366140
