543787093
71461090
847522388
1183755482
1468117465
3341686820
3016714357
186180317
2163584347
2839496970
205428550
1360234609
42984742
28496774
2353438952
608591083
313542550
2420557560
2424129578
365486065
23507842
1166926939
2796978633
915388586
3040768064
2959945759
3166722445
155995647
39497080
3060100659
1031385841
354475817
21316042
2996482889
3148511358
2788104318
145956794
2859411483
371428799
1632937765
3038228017
247459999
502016280
1117313910
250727449
1129250114
778905373
22785359
326527808
14026182
78404406
1686460650
774142460
155303929
989572680
78401975
209432187
389815614
550635130
216453181
243368452
1410502682
71025523
365877618
509113974
67539981
159237022
243236975
74302001
69020729
73012669
62887462
65466696
1668822181
22203223
23620660
849467882
2247765384
326299320
78514771
2231863622
76081661
214986812
750040232
104281523
75147234
384600203
1098772598
286336230
602098135
374587510
62888867
288856302
52141602
332780136
45213561
75624389
1705243860
43174120
46529894
67623553
82654073
94121246
64850353
90699583
103986175
133460146
150082491
199968561
244677088
246579881
344141352
282701304
18512721
376371738
284645881
422910325
204182523
476387339
484182229
414474377
499255983
860702149
16725561
580053120
1061144353
1130317124
47567156
92044580
458842653
1264885010
869044554
587490698
1278598614
50757384
20989094
1669168314
183064381
1235861022
355025858
112776569
287829568
75077661
15441117
9998602
1548429823
1154285222
271098584
105155118
364357917
803890230
1477992666
151342304
67027720
437817907
18961745
1534464019
1126593422
877088743
69997983
467666569
325650454
615214895
495153072
455437631
600192798
473354756
22930958
1517634630
97349265
118926468
322655538
15211602
23105307
21705478
608514346
