95135591
25086866
456624379
465059543
305125998
245297880
1603231800
3158588302
558797310
3343692263
1968536251
248670810
520690173
166684773
2247177320
2243515897
2786245123
3924829823
226194157
1582558178
115785964
84993601
63489275
95385647
3288258646
2992396108
1545716791
2916305152
994596169
3257792945
3421930228
2538153872
78918610
551050788
1946221622
281434522
830589668
46042960
243125494
131788726
1205134326
561345588
17281700
1962902683
254031557
2976396863
14678017
117607873
21144314
2450266270
429000312
795881
18090088
17844854
28087652
52248110
50550745
15426458
15676244
138781309
1962860390
54280087
188181443
268017493
162565298
2394259364
44988787
15671288
633066629
397089994
16799991
14161170
151958890
2992424537
270241781
3307572387
571202103
631852675
2284040159
36967214
480295789
3394123895
59049033
35773039
32359921
18949452
20609518
14677919
575534554
423407129
1672726032
1629852061
3346648114
281389691
264832462
2987501752
259648959
220369085
526280300
1181575242
121494820
43676475
3342530218
798106994
3221442469
1071532736
609122805
2154892334
2524922114
710731850
275081037
2752080493
12769722
249041188
255461112
91353208
2462947218
269738984
18513241
528611682
146865508
56307162
3042305678
45150515
21235275
3058606833
24797315
180505807
3296714770
565293931
2936714848
2964950313
138388408
2978526405
1536791610
23073840
2965907746
203920025
99153996
179535206
80343295
256517033
199882999
569014212
179576236
1257683809
90253574
2961694211
373416209
19642436
491639846
2972407522
3026141422
46346226
26121279
506391129
304222914
1275097166
1529911790
1378889792
2587463574
105411216
624579080
46335511
2511129798
22375700
28565521
1887751688
253211316
470249571
2865907936
325555177
589135787
3044850586
1696461799
166512670
3040880860
196127196
264812917
209980531
252506226
372392435
42953038
23584333
1200343638
26375784
1311378420
826348741
1709806004
2230256532
395087129
256517975
202079516
29257873
427505253
291690583
616013760
33812266
198057926
2246570950
26475943
2285565848
26192631
326053443
961621302
1321029128
2794399091
335996055
1440384673
2941594839
23578502
789214836
2327093641
372848459
367612018
2815585929
1669754372
360530174
2906821744
2827839702
431572989
929220067
1116420355
402607606
2728163873
264383369
120131468
2902018408
76962000
2679621182
1949967589
719713418
257168815
1926196106
422845374
399935104
46416280
46384881
2459855899
2522344603
2420243478
554229398
2854482238
258399041
61223693
92634245
397925170
226915781
382532698
2327359038
56939472
235181145
43301402
186718358
330150503
437354357
69181624
417793855
47457497
190685193
114455798
1324190474
245678731
617196939
568095433
39813393
2195642941
1171628220
364799135
522064682
1878863834
576060479
584671190
1111187664
1338881702
403478871
986241085
16467567
2669068232
22027975
287413569
2493421416
33879752
15452794
1154342059
24744541
612473
1994321
788524
380648579
333460766
56425783
23996909
450896622
284647429
319553278
8814482
340400173
2848338165
491219923
1907862582
149666064
791389836
2719918389
2671800712
2184045924
1088609317
369427348
57767887
108420787
38975663
39754257
216986292
780263304
2647395812
20139287
231663232
393346475
515838635
475925347
20763247
23599443
147941566
174223715
174670923
85865467
17948979
374524225
79750140
1087701
346134273
1188689802
17249297
555928038
2739226819
74705668
66667076
114526931
1582853809
227262355
275410801
450057244
308378977
2662225213
18062355
69309420
37896120
2780481126
17388396
2795686651
348620338
485908241
442688702
41970864
15007149
109675494
50082565
24223060
19394188
2769947658
335828263
25976789
1522471178
256114954
538271307
43649430
316021749
375151995
92246136
81065902
1707208465
17476533
2778018457
75740772
291208499
34564006
128308837
361234742
2765843756
635796927
14275129
2148425813
426556485
149272318
308069779
537099235
272019676
383095718
2636733516
301992166
405874056
1026240632
2610766514
98150510
16273831
164771989
507919973
27058591
2731600568
97443520
128199150
87566699
16734909
2535114618
18493366
901718622
346530482
992948653
15484198
202778735
25159286
1673754914
1490267202
455214254
622875428
218400725
2423855682
24924400
2797701
19543062
121877446
42604302
35167247
34230644
157009365
2447034603
21719318
19811190
809993730
24506246
432557320
58562226
343958195
19489239
18576537
141084952
271441733
17061263
359428392
283980771
945524994
35073223
117006605
82694691
1633259659
92771309
115430599
25024313
43745367
1137425888
23058506
633714661
244170250
2594430194
280548474
229129507
18017198
2669326381
15155640
335885581
25387183
14647041
96735431
23033425
135187648
16683014
2345255766
16076032
20479813
23839835
14795451
359875907
16935292
23588075
605624885
239823191
127908077
20243183
493846974
460115211
434964976
39461661
2632960992
2617298370
150318645
20077270
86724847
114396856
307770965
248370558
898645051
1611006866
317790020
1588371614
1629875646
2232645146
131837374
1004614770
2611094318
2610926964
1488015864
1023096199
617825073
1070929081
593485909
2670361517
2667367666
2601370598
2601347076
258659399
326155235
25095174
617313650
2596167686
52677080
953323843
2159193368
389570541
7563792
89447929
234019986
540660734
31917850
841671175
192902719
352149545
20292357
458234232
913260302
2580406800
2237344556
38699733
147894090
376712772
135060196
82568310
2178508505
873269150
2351361510
213745334
480782173
2315399016
213687216
237091342
119659287
15647676
66369181
11348282
17629860
2359926157
529334800
169124780
2222976084
82724710
402629721
121193665
46354706
179414795
45575696
34878088
1143472657
17940246
21044208
122009091
210775513
214413743
249186003
562202110
14460241
91083585
82322622
16143542
2550840936
2426205306
2228173531
198517857
802070076
67315906
117685967
561154216
457812556
220021050
2519650741
607946179
41561811
22928538
267054363
149651634
240326939
43840249
1006772671
371298200
537155354
2479907900
383281916
303890589
627400032
67639862
89032691
52353403
327910070
19031131
310289411
92665424
130134765
219672033
519899747
220686731
168447692
49444292
2530864282
1592020351
1464385656
256580228
69264080
33925639
1853301235
364151754
978102355
55461094
259187513
402806789
163068410
20288474
1383065442
514916413
171491563
2410306636
161251673
394639259
419456626
239799971
448657530
843243218
1709876496
175429991
62216279
26739631
50467296
17948741
456484751
1522666363
481014083
227898770
564856889
242236450
288757633
575189336
2316140310
1160090660
188872185
370720517
1286489612
471876026
296774233
1312833559
419409821
16508706
158379987
128172473
50623351
17864511
217691055
466376163
298979699
288606034
525128724
1177895562
36296574
213574292
369746299
150237038
613463096
301881246
1559915131
46110738
454131894
175277195
1246758354
2173364671
64950277
20406764
264027275
2410916766
73849732
23928302
141658298
351675310
5740092
531424208
1851155418
246442394
2368775145
19110638
47989986
632350956
819161064
795465558
475797763
331763657
238852877
522989071
213293430
296129439
428887304
126291194
1243149199
151918189
1654967526
29488719
715167732
399300709
2165622235
15020242
586344196
277996563
1361640032
43334000
616538610
431804764
1572429266
1667464574
579948699
18896379
101865124
65319775
66766027
81124850
377333995
125663722
292287835
245312987
249539943
4262411
397318841
47872711
20061431
16086791
2161198208
433172752
417038334
835420122
12457992
64404244
49599083
65624285
155016967
578226422
31018753
177144686
133206166
163016586
628138853
713126965
29163856
99126930
33484785
1288436611
2307355585
456452885
2229621240
308701692
1108176895
44638016
2338109450
1427213647
202714520
38032130
29675033
777229963
2340058412
130507626
331058290
295692501
466434267
1309633868
39282459
1602885757
337822557
47463165
1342049545
398069782
359838446
142608652
15967248
2214028836
428172079
34343117
146414518
89490737
343253832
215635310
1391299182
534022634
69825810
1125754638
220282191
29533279
124177500
14767067
949097100
17702620
135871364
188857381
998990623
1283496199
404199806
136280926
16634289
270982461
257443122
377842479
2435179453
2226892469
548913213
155581040
1971257149
160530503
1356594774
435082502
17500950
588929971
433269987
103843000
498728528
42634113
2204790534
373872524
281361418
2359693879
1296722131
1373051516
1585014613
210750075
319504509
335878322
339073225
1248783464
142228240
23754245
22357080
278502026
231537678
1968580928
284036980
376085383
305676102
561839831
443773558
516565246
2220125462
428807305
1154698615
127263222
366148388
804545828
1374121104
329555005
1493499806
287280802
71509047
121061150
98605375
358391196
52149352
1233318108
39254819
2272754539
2228982026
23337685
608892946
150284995
1689645493
18753586
159262073
266813188
250422121
82408730
1209685267
2272501398
460039743
34878494
27133489
513175005
31355859
114167419
2160217123
326177887
867978030
15173610
76929330
1978325190
171498070
43151372
228837900
214821759
147561402
24671422
126955629
109669677
1731878023
114135107
161309850
334634702
236891946
2375201424
1152098648
1671424170
2445714954
34969593
248733624
39887543
47964081
16712223
83855918
498776216
2381064942
97418664
2415916399
232224173
205685469
155927976
2411345658
618420295
285332860
467167139
230845588
364212828
516436948
24509168
89682937
362048494
585372692
1845894162
709693896
1237705568
446965769
29439987
33429407
244588357
2318594646
1048116848
199274018
2371024465
493216801
484700569
76622769
24274948
106370523
105231326
156001328
1904126132
525094172
536128433
1637361024
257905607
15179568
2392449774
1595205038
1629810506
1165923180
2388707792
431700627
30507516
1207644768
1166366376
105382622
336476383
191765987
395194959
237241738
27444545
416216690
16435650
139132582
128826354
2373485875
16517337
267647416
347829246
32178047
2373562200
17904983
947890531
14281289
15657653
319095445
18156966
481996040
84018665
1966593390
2283517530
353573526
449211583
568925428
627673190
50393960
343627165
26763869
409991251
869293772
78027558
236453099
19717082
272594482
280260681
84231517
222727454
225442825
2257623178
14365780
15673792
2343689976
257382021
174659944
57295575
2340688298
221274019
1439547284
524396430
38638163
2336589145
937421863
19309958
301351347
366221557
395988037
42586132
110121475
309143913
38512062
392470726
453099672
31144794
66962493
582067136
1886524520
110759325
2309709080
30008677
2322800180
288208152
33920598
337644510
2155649270
19966557
15096735
96941094
122030990
158707490
196074972
1078706588
175176750
2301252554
2301908624
2232805734
62454570
862980542
125485258
1157507971
192996658
544455993
292403049
17006157
59157393
17004618
246443965
59722725
817259084
552869469
463793195
539615714
613860722
419527340
15164565
2282686686
58484086
368844589
338330289
1644178884
5120691
102700680
2237342786
103075451
1339835893
1615463502
304909941
201597044
145564560
168423006
923870604
14154272
786764
144995994
14191254
333982066
273102018
935261886
27016973
188782730
225688776
48784644
320662182
2263026812
285680774
104277809
834056444
835775467
14361155
1729007461
297925512
19993545
575231861
95019191
21303235
293538523
280565730
20227173
786591391
14236874
190045630
22587869
219402886
2252586397
19032310
40077963
276954775
34493707
37506862
978638090
21244056
143864322
401520924
141229777
141240072
716020494
2251377434
331878888
35026276
2178431250
2248401620
2245108046
26697097
27335898
14055301
20646711
38146999
855008042
36393517
27830610
11695472
20596281
36683668
19915362
369505837
9624742
412978054
90386770
30313925
252219325
475988505
17814938
912540060
466680439
280750178
66401056
522128103
995771666
43664978
1582688532
342297585
217544132
1687706642
376117583
860881656
1396835929
42646176
198445215
2188487245
20330279
334146864
115172616
2216500190
498597225
289314273
334843062
407674259
356819199
280879104
601682194
64473644
1701397302
478863602
537426889
531438640
624961399
185550205
90861776
318253972
20037658
119784558
1181780713
29241573
18667838
250024481
291827480
156232761
1555984939
2202924984
64690823
285690437
494518813
20433284
25088746
740069204
168949444
301309392
321834905
27204026
522142324
2181425436
24173584
625159168
393354411
143198236
187891145
577866571
138382932
1447305066
608925219
36021046
296207360
1178700896
147566962
220034743
169009564
256410299
1862272130
56101363
60568754
92727851
500704345
476587354
702665815
527526077
1147346131
2156218274
2153617638
146509277
132825133
529179934
1851289250
25474623
461858211
1977443252
630484949
1462725421
1479708565
1854366894
1721492940
1583190397
330499474
87160373
60337277
19386622
475691798
1958934846
606293975
102132345
213792079
16465385
16931360
632938439
568527654
1509900336
49981193
201487534
19595261
369589268
287338900
1672823953
296140107
475722383
14499829
701338116
351651325
119160803
105079368
78241085
303125084
47077745
178272441
289817028
91478624
139038608
627343041
305597906
63083376
1933704456
40203345
111319219
35005377
38395713
320295566
33959634
580064411
182508795
16079505
434426839
1205117154
44584283
1908158892
408297636
399156475
263921359
464843445
1134465295
66126175
1103744480
19176547
38829617
175348010
29421488
186017092
137445561
52660746
773691956
267260964
425659737
85796380
355767478
452980610
31083211
246731769
227258017
167592087
199292694
14309042
1165949142
204832963
46350205
82821779
297373547
1857099596
265188228
344720320
202607595
705021398
397161504
1612526749
1685478620
1543282292
1864253215
111835713
25978786
19551148
22752982
586721538
29458191
373826743
30239268
71245454
34223450
1727659543
1856721444
288311590
32858804
331554375
337766966
83795099
1437559496
233580282
103065157
364795351
205622130
932196612
54189456
140850854
303211908
1336707198
18469874
19092016
52710755
82932158
884397469
104755355
45112524
40454059
69231187
380235938
61731614
177265607
393550109
467563104
284946979
49568486
331070770
307001792
19121107
326097920
292450384
228580505
1252787486
93602917
15903858
1590650593
380868527
1369470440
183557530
19775775
304391404
837469380
13065162
26541887
40920491
71481978
23455576
89904726
1025958342
130104244
36382088
471994968
381503598
1341955795
1667050489
37649776
25098482
1685928109
23543947
1289254230
124436459
383734017
75052666
201825715
11696732
28960264
265931343
364757975
1139524920
142727814
474659813
41389093
65360345
1392158228
15188141
59561439
364672284
18424289
130829364
417068854
958495554
370512955
119360445
115291890
899295805
1071038940
83876527
849106484
1515884658
561133976
529504431
1675911565
289216066
600045103
77959028
120982880
102934369
29766192
172888419
1593695947
886855934
289277091
218652245
20087934
239743297
154036419
38412216
85431252
592841325
598492375
27002127
16153562
38630618
22568011
14700316
53436920
425989199
372641086
12609292
17137628
89185283
174685367
1528810278
171872170
33933259
1877831
178287743
26792275
3943871
18213483
1598593550
23745634
37905459
18650093
1392603529
334548719
93619360
293336860
1526920524
16628861
20281967
42370909
168517115
632751237
15146065
42501345
92731878
62882514
42835763
390746577
490151795
1323567948
207988763
16463078
15988419
28443608
15679753
463248390
147470485
60932386
229161386
438467375
266530390
23222706
920533116
1547835649
16519150
837812724
310236813
156576238
53368129
61009872
400119414
402963306
469550137
317101559
1541734465
378043993
394031689
1320360751
1389010831
466350192
138036190
12456402
148364105
50347257
515270060
624612122
135902319
25557388
1471675927
862652671
837664470
1516223412
21502432
101584297
139669513
710907572
26744907
201189213
1328957346
359215404
39470235
34918542
381341261
341016266
236890640
1451172318
22170570
149602519
48428898
194026261
33388399
29854019
79243042
555188446
48076741
96224067
89880085
871893528
115016265
416183697
156574791
38165575
15224867
377334547
108836623
75009095
17154022
40052950
210561720
160266210
72069784
345954680
112751048
372755940
300697865
39520708
87681339
201317536
103830916
385381941
58787670
1392809412
193407015
20961408
39604869
726725610
15261829
35437505
256136003
52409567
618997410
45182880
42970712
125615215
41155540
1427190283
427226170
74384070
151129739
326186233
175339863
346432179
121034444
204318074
35166188
216299334
1098736076
138346442
339789356
916503758
553825052
31404754
54274807
217021421
221138658
145935897
839939544
5392522
360692309
74768403
1367531
2836421
27848948
6017542
3108351
17471979
15012486
106587789
9245812
14511951
14293310
2097571
2467791
428333
620186949
51241574
807095
1652541
20794926
34685309
5402612
34006192
522953833
48459607
87818409
31209800
213969309
45843783
24871896
28297965
358658792
93819292
525208028
171985977
465010111
82366893
90636188
387668022
193029089
170143518
80387925
19178148
263040680
20039889
1356438265
813286
28089461
293962918
226457244
25985333
76971595
237189703
259356502
284027188
326790591
250154979
186736488
224651027
7400702
58154652
29664767
58444150
118648043
296714891
918502830
725769614
97624819
25265432
540647245
36344401
475790003
35206251
14552146
80797182
25805906
162798835
67047017
68382599
79596159
63803710
246841572
43859368
362950823
633857399
320316357
469186415
183165874
333438168
1060096628
277169830
109325157
116005395
788895528
140118545
71294756
39219958
122381405
196511049
1379223859
15531387
224746315
16348549
22548594
971727571
14275261
570691544
986859330
26156898
1330457336
34840381
40239229
892805190
14514804
88358903
795897966
74961265
51088246
1148034332
318967677
354905352
252479319
153134508
422476302
927345991
292984026
138708473
27860681
74265849
333943930
938502108
300257973
245060966
365814404
66075435
558040899
21990241
917051281
296997550
1346993437
17916546
201225656
268633027
381383054
1342192230
149060807
120335904
364830542
1341665971
366089734
92148954
269780552
26186133
16211073
1333845577
1333437474
300813068
46404414
353210929
47455788
52694396
12513472
247745666
352410296
277487663
78857884
69008563
15143478
326113058
205257492
255100029
1321924159
153219487
209532737
20710898
16433953
23490442
114305158
65643170
47951511
38633301
625489039
41797648
1072907593
327549892
46553819
41906364
68674747
78502161
207380505
160920100
19725644
25684396
257885379
701553247
57404862
114729566
36403413
217558606
445496403
382560919
237303028
224201809
90320997
352439708
111280097
23440052
264752099
45835403
350294664
115044590
23338908
836963786
229454266
26235265
116757352
226087776
368276033
474359398
383299628
117682347
213638459
212127385
429863704
416151088
34652780
125953412
111293784
873078391
288729514
401579858
385095990
19103793
1277170530
252592800
428275049
26194882
255925055
60629531
34961482
36028108
15998593
73920720
239172505
67838407
331079164
23279861
426513470
419794817
229019559
223249678
11680312
32476072
360481121
16910242
256576730
168055010
50242372
470042842
269070975
406816463
28531767
197427316
22743537
194042592
15394543
25531164
16064325
90942351
244593474
1264583420
39942036
308624523
211456083
87406542
25484557
25788104
25498225
42596565
274894713
15018335
14499755
15491755
222372944
13381882
69216667
53973226
17151426
15199327
159871694
33872311
173106895
485481599
238010923
54866208
164871575
23580149
7782042
20804310
47326823
286850140
22801224
342181234
203468511
277885945
388281994
359844127
479243774
334844910
276147758
18379580
182849704
41970816
45296080
171125439
1249487342
623634096
236282420
155512881
309644187
334017086
132052549
103764384
523528514
34873917
211835611
58425101
847709534
294510242
833615456
874959348
100946480
99892905
28556109
430485684
172270602
163751574
279891595
39738026
79934511
91038840
251975076
232304007
129139608
226612648
169801812
1243558435
30230374
199727152
344087369
330652539
259674847
545263554
831211190
241072930
187052819
154200981
835099926
582559090
14869932
263737815
300010172
37320939
41529689
30283853
575866916
341139371
417081038
1102351796
317551540
199390239
374921826
978694008
208195172
97186002
26456814
245772607
404157080
563190755
145979138
987162212
392715260
227074078
459068989
223419233
75759032
26759834
16753540
84221265
206087305
13383302
14305051
408696260
494230610
106155202
21083070
292892234
2720
475668325
211321005
14086380
19231117
763207302
158414847
185873071
277955580
55215681
18008730
18043
15439395
36746467
1144935463
14224719
38671739
17469492
82573458
148517828
475713838
1053986646
950313240
21114659
116763916
435297255
368929082
18158733
19674502
19010580
121041518
41814169
22341950
54968891
142586745
494903415
48476482
21120253
7239422
953848772
138369105
219369725
257367223
759251
14159148
53037279
36670025
343326011
4970411
129952473
221278192
108247668
70636581
132195390
226139693
44116121
122994639
628283213
11657612
18693129
300789811
35696091
237727634
25261096
115141256
49921218
322113764
214964843
507672047
123528331
821062382
64144638
47071700
87174862
19763256
19393889
174174847
121041165
17790274
197347638
168444234
438443784
16589206
9017382
130125655
44657518
543258005
498815978
49952024
37601149
31057157
424923300
19643660
569871743
18895192
70394965
94359937
307722066
147531706
5988062
18175018
454061283
13058232
12925072
382564975
399351160
70638743
72227167
22240612
273286866
182774053
96742049
153774742
179010219
195717009
78583843
41103933
323216653
23094186
783771
130287746
267722204
47086384
21303464
742143
213796133
96399121
17897866
21746728
99313517
12459452
205343566
35800546
35986561
25979455
43974670
49561013
21997295
46498477
87778228
21214426
16308922
36066987
15286317
22754762
19143447
29954918
14627115
18718676
21218071
20789983
20313774
20144777
18149302
17473505
17308470
16912915
15890669
15761613
15760413
15691269
15673359
15672908
15671647
15666558
15662217
15660238
4002351
14060077
10678632
8538202
15079910
