3246920908
3176530835
72843097
532284837
3888378514
2815695695
420574055
714921314
2672057662
3769740015
20932741
60642183
48969993
388850360
2710580269
1900944043
27924685
19241553
24873392
132523809
238105839
25070192
1949132852
62513246
23056885
24907913
53374143
2239362374
620926667
32160273
269533212
3397058249
237751601
47943144
2999802967
3060505058
524244447
1553505822
1456069248
3138304637
2778848432
3313010956
3327102388
3329016669
1435461
111668685
2510272141
159035378
2471058990
1544075700
164979455
2830498898
63676369
293557451
302547719
21744308
2412141660
14190551
1960848714
140955302
3063906311
3096461813
3131296180
2859032111
3017636404
350465217
2874153074
552877054
17251787
1547838528
14157134
17899109
1944398160
250211976
169249504
3019975299
464873459
1193755333
414751406
420574923
841935144
845129984
91951516
606159216
42558652
14677919
2453528026
390159434
1160510060
2962118908
2929301619
2950577576
460593762
32356101
87410067
96102210
2980458689
1886156156
809070992
1357040899
291690583
567118537
365705638
2389278617
611967979
363735552
706708257
83987145
2157237926
160550351
863444443
2487853952
2361873631
2382762763
2267724137
1381916354
2342162172
2885562191
256348056
19766166
562817107
47680534
181914781
1685620472
223605846
149619680
14085070
392527613
1098649795
146922125
1063563308
1229638309
409903803
2230212806
2365791542
2628257532
67003972
19256096
601883336
1208803136
386682375
2253816445
2831600607
2361769484
15862891
2360650908
1911846344
258847118
62797991
221495591
326453785
2345299433
2364818107
325093276
346740364
199226563
276643081
2834897440
300317250
1829429520
79702114
39282190
28611038
2425893432
2841991235
543691637
137963552
199737585
2797637911
57197507
808484370
1629936499
1262128027
313939160
405033226
51707703
10220412
2729113304
1207944116
2545598148
48997070
502151289
2375288959
492806249
17221246
16122379
2829361127
2557915058
862100563
20746400
20547917
388683808
274590281
212507668
19767193
575932743
124237063
41109816
495517322
768562657
25661626
2293549044
523645782
32372834
635833627
2556861044
2589277851
85287441
369103850
1944366589
2686999284
897684764
1314017694
2768055348
18646959
452102835
931450722
1769551
2329224194
457019416
2148747268
2562724922
1157578424
156248241
2365729350
2643817689
2377328995
341832630
141008542
89483276
577178402
2532315008
224198041
1414130274
326888623
504232426
1117082868
404050457
2258772237
28628202
64376355
1443614718
48339714
432897296
258947612
952337156
823126002
348635324
239545254
20978614
2350618921
178537877
17047208
1261044036
2435175219
478491097
224557597
1730703458
296433450
19704268
342764968
2427635057
580411725
211261440
19819128
905109390
272621312
965842656
1241258612
2370961154
816290018
293116923
534209282
420263859
21242028
2346414929
856471832
1530953521
302597866
2225547723
466206777
74724779
1489776218
44089382
1574518117
2332483018
713648564
535563144
1009490406
31103914
21285557
937783134
96721042
23954935
551085238
6705042
262365030
300699873
38372813
2188272704
37717313
22394209
133227562
295459002
2291641710
1522445748
50393960
2290307712
82985064
467551928
169445077
376772598
57579512
7973282
25562183
32361431
1315442353
998407880
60937271
2248654590
325719227
2151642318
618159520
563019405
101274300
1963425590
1009432231
119867076
235893096
79997785
21576334
27013292
1728408043
39694489
1130798947
868609854
250275509
1479694620
25819574
1522181906
24167460
370575135
1179537139
426470160
2240859444
413849446
16864209
23922362
1552637701
201632630
218464830
556986491
200634860
8170292
575655913
2239367384
820582
121715841
543876839
29600755
1519183848
384182912
52488565
32624460
28567809
1660468830
58431280
22353109
397291963
509273285
359442436
173492957
107174526
228586748
157449978
314758565
45373841
19772938
183548902
496907242
171221404
274030199
5762302
834641504
250121453
16949344
88914175
19416598
635123740
1097361890
56593116
443135599
998051376
115039678
45923583
380816062
20198534
132594097
223560830
388345704
19961753
439281831
58235603
53361049
19837528
21581503
1943871734
115132543
128014357
35306978
23576240
25950355
34222024
71210524
50318478
14738561
490056323
16629477
69658921
82336717
212299083
256793538
760065560
64003841
43848067
20361904
19668775
143629076
