34940114
3036280263
2499255331
16325505
565630081
360510708
43105334
2181299862
257965767
738702469
50485184
322022771
4100992839
38671739
33388399
14104027
354141955
318887578
198104174
32439211
15672615
36310864
281754220
20719191
278147453
3514510516
3101001884
3233625076
3114313702
3685112849
453379401
117777690
249180181
217502746
5277981
391595922
348197129
368994189
471010707
3307088970
509156568
57502401
10706222
107828253
343203395
7224702
92004949
15390530
13284672
41416044
830240521
15607675
110448476
182847841
352625379
569928506
18992997
156286272
36456700
14095367
1087701
18720978
57393661
276118129
36749067
59450550
381064869
59708101
7213802
115359268
53397218
3066095291
3298782337
447080835
67611162
30257834
359875539
2225562319
3368911541
3302480025
133880286
784680583
1593207805
65044131
102325445
1582341876
3097503906
48906364
44613247
40010267
262856460
891826837
19227096
189728469
52544275
25073877
59010637
273071098
57076623
1525110841
415861839
18762875
932303468
128677188
101017493
70179948
34945490
80629139
1591322125
19864770
99778984
2371949637
1961312672
52808581
113047940
212298649
442092966
385292715
277393927
3318814143
151824203
244957467
224273474
164821485
279010305
14449903
130499946
7055062
409064076
2352142008
133407633
103830916
21690595
2362216567
410847495
50412992
192866985
26279151
2964950313
1421379786
53772716
3289719729
561335546
56381284
116763916
1536791610
16111963
3243339029
424127411
706747004
2653613168
2425571623
240202308
3171712086
3164132867
197813527
27293869
195306219
544506876
257242329
176566242
2999314423
14162012
939922981
19558955
1397173848
2362659187
3291691
2835962353
3131144855
32359921
3100427362
2936714848
19226651
97217966
41584257
769965025
40932856
583894077
1910442534
37599685
2574232910
14379715
250014335
3099279094
14708747
79028016
489806354
27804369
1070929081
256104612
356669266
18887481
27160297
398593054
396039799
551528689
468827751
6639572
21862925
41533816
42226885
65851020
16901479
2318610362
2822015543
114111093
122970277
113873469
33967526
859447346
351019427
98012335
108062719
2589328271
191000963
785691
130853701
1962849134
17429002
133356125
2855189744
79898239
987526268
2532815143
911226367
71201743
2467791
2354608044
2465984478
2955928989
512700138
1681768346
1291202671
50101725
19017675
138822469
257467116
14675087
2392152343
20053267
57668098
15220543
18282929
73760208
1080322080
25365536
1421655445
871295077
1947674420
112150907
137780376
1587831535
2495950170
308149975
56312411
158779929
2855442949
282721598
36042554
32048097
49736166
18552573
2477802067
20761577
165506153
441636351
15456487
69009086
1964894161
1297610894
34036028
238319766
354149319
2670813510
2574072036
387349836
2616110815
16219226
407347022
321517519
55516787
434743541
230169530
1282992704
542029876
46671396
24095957
59539114
223402407
21786831
130104041
378056166
19992583
40723249
66488389
1346439824
471741741
2359926157
2583961953
138751348
21076906
55315217
166767883
1572472460
33033111
100174414
2541999628
296612629
807095
17715247
252613727
211117686
134871575
1322129574
41509378
27000767
16511394
282280747
84610009
284066524
36670025
461827669
1447949844
34568673
140508287
1900492554
1106456918
60375526
426689320
224180296
951039348
1321310522
2345263466
1408457989
1600284068
352947624
19645791
50904653
256700716
29414478
249125435
20571756
343618377
12455302
41364508
23129237
62496728
14078090
1450021249
16378486
606872678
48048888
17482727
183165874
82097756
372755940
277920665
1900338114
566205815
219617448
292765961
2183816041
14072047
219976700
303707744
805185025
786764
61126132
19760125
68999404
207809313
74035246
1115395026
1200497804
86731015
534370664
185314895
85436197
84351228
2172272360
532247573
404115169
142309190
86948949
500133474
74265849
29436486
274620149
1974466754
228023645
222953824
16581604
44196397
133236916
27423587
19482174
115092420
152299725
283632721
884705174
41113149
103849564
424642818
475677069
61611118
1667994464
48443350
88776580
1636590253
1404590618
29748673
10078
18639738
22330739
52429763
519688893
61542667
771903272
14514804
82960348
854067554
419868607
849023132
353845579
21481343
23933098
17940246
33338729
305588032
185397767
314483971
27440712
9242922
33039483
19151178
271505240
15770654
757225248
7198542
259403751
204832963
396567808
22647845
36843988
136009610
250548942
571072597
325116618
16407746
49622107
322238739
46408217
19038395
1339835893
300872178
125370749
125027878
20571531
24019986
47062752
178612775
2513671
221394373
19775860
757179426
594165622
25030848
224378771
1265629579
39219035
18868616
9961332
25357498
21098456
15284345
84945554
467583419
133653388
16046588
112255377
96735431
33792634
59157393
53581322
1408341811
17503180
515759928
64498695
929840485
20749410
17939037
27945356
249700990
145607857
20598137
1225696320
138624623
23519852
1364930179
38704343
19915362
93957809
757303975
1330457336
44335525
20911015
409943279
87940686
19313711
102659192
1177200942
460364759
60783724
27860681
87711816
151106990
1152279248
63073975
171314974
21514100
208250230
372375309
108538423
80681990
115097756
240629853
131035262
259379883
318063815
42918167
20551303
46083619
114476497
130135493
41814169
537304238
786779786
279061979
68069915
301892171
36659862
20280065
14128528
76134964
277985183
17220934
136004952
19983050
1060578475
215952307
23054346
331136088
179965791
50823927
29083969
602317143
617016144
14761795
405427035
751400048
15084704
103065157
14800270
249053743
706378819
17441447
242653461
83855918
19762524
354813159
19784736
386654472
282044170
14710129
448277067
471287735
49573859
557746406
588890619
21807741
420366322
233953901
546006962
56950249
11695472
78240297
40227205
224027358
42623110
373416209
78874095
18491626
156322365
18213483
14055301
33933259
20646711
173443761
330378192
451586190
376740606
74081926
413487212
44873497
56318573
102700680
161801527
78847898
140118545
8933572
218291312
251814732
321641018
228681200
328634628
304909941
22688153
232193350
143039548
18366472
37601149
22814030
285332860
257250196
21843624
92708272
237632983
202648407
244584415
21666177
250495841
26985345
59150150
140955302
105998402
59983585
153004670
77324878
145348868
15308469
15144247
134043598
164213375
56685329
72235760
179222056
225189741
47608522
88377256
42610327
155927976
81856710
196235064
216299334
18282606
22021978
173503338
14281853
33300246
14157134
25047495
21014078
160926944
197196316
11680312
135629930
29856400
16558121
47678623
42573217
788524
24907913
621563
22812734
61183568
177983944
177183923
52742786
8170292
22239703
171117515
20699709
88856792
60937837
19530134
21156414
19490073
18850192
21551205
17381587
20609518
56679400
17687028
60054510
145125358
143779403
116677732
53355887
135421739
83491707
31348594
18771385
83814679
128216887
14072907
46072827
25091518
115643685
79292795
132385468
14685924
813286
61781260
8161232
59808841
25984418
122453931
44115106
14700117
75896448
83529586
122994639
19644592
16614442
107722321
58464447
36412963
50393960
57928790
34197952
87118217
57998991
52339151
87484569
76294950
43568964
101311381
37168231
113419517
113278275
17717614
87170183
21425125
24519453
15010349
18681139
66385027
18142375
17808531
14073022
57661046
107017176
14465640
88519275
83126702
68182726
5840942
37034483
17650658
25657401
22146373
56169454
62513246
48987668
21669657
13508182
21754623
20032100
18839785
19929890
29476448
61146069
34344687
16708655
15083026
23719690
17238110
15439395
17753033
8100852
16297426
19562228
14123683
18676177
19524590
18953259
17062358
21667471
5120691
24447643
19534873
14353202
19058681
8948962
13010422
24705126
22239898
7587032
19335378
17387329
40680478
17990135
14190551
20376113
18591471
19397942
14287669
5988062
4898091
465973
5838002
19588385
22667634
18455744
14431986
18075604
17154649
18074207
