850645992
4056200494
16227629
24974525
27500372
3295968681
350794652
2399930209
1472866045
248365104
3700456695
523585307
2710580269
2239362374
508879998
862100563
3216020595
3364208597
3388410460
3319162469
3288383966
254910485
354827213
846207493
30219003
612707617
10180222
990904392
435749588
3345275435
788363167
556992335
2429454188
3327102388
3322512857
157980214
575852195
467905151
224223395
204279080
983207918
104604540
3290156986
1536791610
1330457336
1339835893
1565839604
432897296
3246920908
547826546
33928140
834928597
3177505453
2332483018
299557435
1104763074
91299806
2430187488
64319270
3061670460
390266289
52814051
306129111
14283525
13766852
962997733
15496407
32331234
153741027
863444443
2966675159
149619680
562817107
160550351
1120098811
635833627
2895365501
12819112
388345704
96102210
1924615722
131999950
347931190
20675960
2786149840
18589743
49270737
185910976
2898555751
2865371853
2524825386
319789805
2291347014
2463348930
633471246
1900944043
44348435
2375288959
2785425215
16122379
18608758
456361953
1522181906
20374729
423556756
56234285
2802558480
370907274
2800364413
302597866
1443614718
848504214
2557915058
2751810807
2768055348
7973282
931450722
2562724922
20361904
23576240
37409635
578653038
1421082818
2496362888
460593762
463414713
145980840
2467226497
925824896
2240859444
535621114
2258772237
166471291
334203839
575932743
86626845
250119612
2230212806
48339714
316040841
390721007
19344270
856471832
25070192
107986772
561297215
5715682
493368043
384182912
543876839
570574417
30383370
464159257
885850200
22023030
461099519
601697103
500073135
105075809
2435175219
848942347
313939160
243270353
2346875728
14441838
296644509
2342928961
813286
100068931
1829429520
239255514
535563144
1856268535
1727453592
269700525
912617426
768562657
262365030
2276551987
16465385
57579512
28567809
19837528
1489776218
264124770
107391777
426470160
19534829
998407880
149706579
380816062
107174526
495517322
199737585
123858892
28628202
137836269
171221404
1158733934
1522445748
218464830
200634860
245682624
27924685
273578767
454724555
1958058648
259212845
355200991
115039678
50803905
159891548
29812651
35306978
334263857
1235031679
203470497
397518511
176089416
380930470
19108922
230944453
18089292
713648564
806393046
16640235
15862891
19843630
123582098
487833518
493533362
77829137
543700209
635123740
14897792
34222024
43848067
330101315
71210524
1241433806
1097361890
64003841
29726578
143629076
19313995
318053222
320268880
39282190
235893096
59257007
1286506417
226691837
124237063
46145761
439281831
760065560
250121453
301531998
490056323
314758565
26315349
575655913
223560830
256793538
212299083
17047208
17221246
59221014
91951516
15173146
29462444
82336717
21237486
16629477
127485226
19416598
183548902
45373841
142482784
28524656
22353109
