14085070
19767193
232934921
1094884614
252110175
1288552388
16927254
3445189401
22750673
627734398
42886079
158198443
1120098811
21793505
360623903
2246165587
2915980918
21968928
2393035999
1601519083
252037005
241244162
2410911878
120732533
2821239209
144972081
3144159117
3061255931
2993994029
143909021
1645397714
53560219
20155736
14807898
1307614093
3034214643
2915263783
2180867466
343497131
18335940
106542267
189364778
288402923
23666720
181234930
896057234
57484168
16467437
17393219
135275132
26250872
17819179
262322947
736465676
46854930
104849636
751001264
571768437
298031144
2901252195
31089798
1089276859
2863678077
86876782
19256096
149499239
17462723
2574928125
2174209521
263096289
23760311
17248121
2444052414
175074931
39530187
125305134
159098703
274870271
28567809
119073765
376790816
2248481442
1562642179
43104516
2316224708
29024460
1296859046
224631899
516622207
1054811924
900378937
1080753187
1085563848
380816062
65134016
12819112
20998032
19389483
64353992
83494731
70615294
500196629
135989360
454952766
32372834
468927016
412933559
407766714
407737796
403530978
407624682
407644381
407730106
397912882
407068486
347276297
209716736
264399952
111305843
26748889
94509573
487833518
163844242
248742334
792574860
24213326
77287465
21137406
144626914
386168615
17376218
16817883
1435461
15110431
19658826
17047208
621573
16245822
39522692
15154811
17871298
8963722
16649758
29179882
18048466
21218554
309006196
35808330
137629661
190893537
58431280
27834920
21581503
19837528
107391777
320621433
263768986
67283363
342710270
200219772
114454045
44418062
29328707
25327370
64354305
20982118
26268870
20342875
247672062
27596259
199226563
246348124
36066745
87715935
23575322
15862891
14647570
260685403
26832834
71210524
14085070
19767193
232934921
1094884614
252110175
1288552388
16927254
3445189401
22750673
627734398
42886079
158198443
1120098811
21793505
360623903
2246165587
2915980918
21968928
2393035999
1601519083
252037005
241244162
2410911878
120732533
2821239209
144972081
3144159117
3061255931
2993994029
143909021
1645397714
53560219
20155736
14807898
1307614093
3034214643
2915263783
2180867466
343497131
18335940
106542267
189364778
288402923
23666720
181234930
896057234
57484168
16467437
17393219
135275132
26250872
17819179
262322947
736465676
46854930
104849636
751001264
571768437
298031144
2901252195
31089798
1089276859
2863678077
86876782
19256096
149499239
17462723
2574928125
2174209521
263096289
23760311
17248121
2444052414
175074931
39530187
125305134
159098703
274870271
28567809
119073765
376790816
2248481442
1562642179
43104516
2316224708
29024460
1296859046
224631899
516622207
1054811924
900378937
1080753187
1085563848
380816062
65134016
12819112
20998032
19389483
64353992
83494731
70615294
500196629
135989360
454952766
32372834
468927016
412933559
407766714
407737796
403530978
407624682
407644381
407730106
397912882
407068486
347276297
209716736
264399952
111305843
26748889
94509573
487833518
163844242
248742334
792574860
24213326
77287465
21137406
144626914
386168615
17376218
16817883
1435461
15110431
19658826
17047208
621573
16245822
39522692
15154811
17871298
8963722
16649758
29179882
18048466
21218554
309006196
35808330
137629661
190893537
58431280
27834920
21581503
19837528
107391777
320621433
263768986
67283363
342710270
200219772
114454045
44418062
29328707
25327370
64354305
20982118
26268870
20342875
247672062
27596259
199226563
246348124
36066745
87715935
23575322
15862891
14647570
260685403
26832834
71210524
