3334906918
921918566
548556779
3097166903
334912047
10054472
2612380680
487954976
147471216
3910127533
2736239400
272593403
1415799980
1645417878
2365987200
378229870
3178131275
226260445
2617536378
14085070
1170480176
2963694312
3100191016
2841991235
1431747402
2710580269
2768055348
21731636
925824896
3239738259
1574991295
3760282698
571241349
2375288959
2961500847
498937856
3180988950
2802558480
217743781
19767193
16925040
266158374
3045195737
1686454254
27046750
280636437
1636358016
38384323
3385823152
1081042932
334203839
2960429831
40264423
1104522234
128287503
490372969
2982653781
3197587503
2447274030
127305588
46554534
3017912852
18335872
3295795621
3153988308
562328466
2314754990
26680780
3364208597
2984296393
3355055908
22419487
3279877501
3192009729
77590810
425441512
3029810187
3107984786
3066144004
2320955070
1454441298
54430133
2574118114
1971113298
3351747849
3122061994
2350618921
330101315
1372189993
868337736
1240631304
42364349
2495639856
1349693719
136717652
1097741347
145258316
3228468863
2575338618
479542094
2886992435
2438782558
1012099724
236992864
226041293
3226374789
891433392
48160604
778427430
713648564
773302770
2968853345
3028922475
38530021
1442119560
2726379584
3120420443
302547719
28298800
2647522568
3111514054
433559451
2820290536
3021195231
273946973
480544926
2962429571
548877298
401070232
2963255044
1216773883
156920978
872023328
841497890
165765809
328321838
1264237807
1229626952
2293716218
956170800
149603731
1557638592
6327612
707037571
19982778
1261694516
2740008544
2993532340
2969454862
2969941786
1728408043
1411663369
712517634
137757247
74773184
2471363677
822659
313939160
1685620472
2266145328
466461711
502151289
14248142
2906388957
2881509003
2876385952
2555240983
48409357
2462319506
180935444
234085350
2478762205
16960160
14892799
584121986
243902538
17425484
578473908
210469162
864896624
2375750791
128186225
22884964
1228646894
31103914
456643477
43848067
862100563
2313891109
2735932997
702848082
76515242
111991273
23442503
2861043937
2562724922
117636319
601697103
87428607
114857580
396365748
123953357
931450722
2802474784
337964652
965398848
447914976
619123538
92346096
56050543
222083452
2794808761
39917822
2247087641
960228253
270795129
1437073639
399223433
1617095875
32588979
2722767337
60196700
225797556
197576424
2731274162
2597044345
141008542
2682688034
2683582382
393880595
234847288
209630842
14814313
389466979
572811991
19132606
23007083
543876839
2438730835
1109865229
1237502864
2165734609
270643978
2222785716
246877444
38140504
15060148
181890143
574983669
2194507915
14460798
49413866
19981985
306154044
1359418482
2365821281
720510434
353244769
123408154
575532037
2284071775
103053226
2229857010
78420819
2510690641
1419589106
254371948
547071935
1250615414
1914236826
11778092
89501886
1537443517
998407880
495517322
199662325
2471819912
198020721
972467905
462065550
1925244079
422743098
370297419
2432976092
2271039403
393254635
24697560
2462571990
37722615
18465081
127003086
388261996
908161
155230346
15848391
15154811
19668775
62183077
1425644274
37561616
246835418
1719666600
198384435
433617368
372299108
2338214224
258947612
578653038
358663103
443629571
390783272
39282190
9905342
22353109
122406044
2257452161
47983577
388345704
2149568726
897684764
92132955
15254811
2329224194
1261946732
2427855662
510666994
253388937
207009010
1976197646
38865548
434442052
2420810248
181348989
2388154608
15197775
132317016
74724779
1235031679
36141507
2440350353
2395444820
354300174
706650175
2385870800
193756258
1668308743
223261481
46485024
154709452
14527426
16280566
543422188
54030277
407200271
296644509
272621312
58366806
104228250
20298671
394466622
14793714
2202429150
2357007240
82913458
19750159
17563527
37054704
209634483
93928479
50780394
331212180
1563588649
351566257
190564700
596603972
1033656470
2187818839
525245750
58539108
2207643878
894629492
60924186
2282572382
164764834
1230813163
57697547
2298159433
2315551122
17905788
865622395
466062053
355032358
1205204419
1437690446
588605835
241118462
55388565
454724555
140101101
326453785
126113873
14097610
361896869
37964434
1705635126
59183399
181806325
2246304439
216659971
265452065
26997587
806901156
301680181
33854287
1182419191
1297023378
1611175159
14043142
1452926100
2243103480
2218485560
289514332
2285597287
348482702
458872758
379212448
823126002
633082895
222085939
1066067869
349630633
19071689
283247473
2287077383
1907895654
109434119
374426116
2213627784
2293008655
472710990
38633165
215822029
250221642
273355154
27023131
6631
2275275439
28685175
2277939062
388929149
1649868715
124356716
27834920
114142293
489502954
20791294
369757985
14946958
20649686
2204121787
479669862
1924216836
54326441
253209216
58792891
378184315
2218248985
2241108109
259812475
1945005367
286115526
49344076
16630098
2161434259
95266520
205195655
1704312426
227956494
123922509
2174795677
1107781652
462039126
11543352
113617256
222070084
31137371
18228351
235072498
41537504
2190906684
1723519303
322263129
71405551
1965614497
227361142
2189833509
124887921
165412582
14632689
569006719
574808195
319770079
200142500
240160993
1613604966
351018295
81036364
1949132852
23129668
345673106
291814511
257637229
482163835
985532288
554378917
23612182
21077230
14419147
167601845
22478416
6872082
755152988
291785710
2164573802
31936449
584192331
564908382
35306978
40882910
27835022
87356852
19705196
2185948350
14535177
790996886
132291569
967874216
2169510360
1414130274
262130711
11417572
59855448
8779352
404562752
15803034
277012264
619397333
885850200
33360722
950072912
1479694620
1620593167
369574945
492806249
1963425590
59422607
48339714
388595556
132693527
93713637
25819761
1924615722
27113111
99173786
203470497
1189919216
31461371
48966898
7991952
390266289
228586748
1421096077
278487029
56302593
245682624
14724393
281031538
218601716
402157926
91996296
21090777
245520753
285828868
46743752
20348946
737536051
1589376188
2360
57331016
18294973
1452271680
99109779
559056404
15110769
59257007
1927447832
1127394842
43784428
1509195565
974041039
12286942
1522181906
33867913
83146180
134440583
1640389464
52183156
13257922
41628166
34255829
41651194
518227085
15536303
302597866
564859781
1005327355
578082150
615284440
522406553
101630597
67291236
291594397
877010317
1097361890
1637421601
26112017
233686855
106580083
309929629
136406719
19920464
253184910
1879674031
27602245
15278094
263747020
136757859
97743121
19245184
152862026
16196443
1260804133
575655913
299529086
262012549
404182021
360197429
86493795
274636870
809180094
1599066644
1848875034
166816694
498001935
399416242
24911091
32823779
344228206
34320563
420574055
561297215
242340054
230944453
32845955
98078133
1637448217
100762997
383872254
1633471484
89805627
940413998
241769754
376155979
64822247
17863268
175471198
29835008
601883336
16564324
32331234
1030891393
351886508
1591045975
851425314
112725640
22870748
17737281
1586808558
229192282
21169293
526226529
481578520
932101326
11669012
1547838528
57197507
177646490
39843801
17905357
473089502
979094809
208988759
1311593114
260685403
15119184
541727390
309043147
33773417
1458138013
1461653630
250833376
915049560
1517385991
1486249958
271212985
143943174
1098496836
1467180294
899869878
1375381231
989625055
514806103
50340806
406580545
31660785
17462723
14605298
74849472
103550181
82985064
68852114
248576207
167989139
35304791
224631899
19416598
183548902
259771124
22447891
95972239
1241433806
209159998
770644297
179926064
515520741
17457200
144239754
616886905
36335047
25390350
53560219
325719227
347931190
159951505
123632804
15607327
431884920
277401500
291085537
15249699
76273976
216229907
14605265
335246117
154544589
268297887
262365030
93950513
335404520
1324683919
25841927
14342225
13362222
835828592
16890327
25802590
185233597
143629076
27024872
54549239
386682375
1077807962
30860604
300392581
48695135
1356535016
1164104148
112227655
412332890
53893339
531855475
533603725
17042078
1241278741
137858180
214089996
460737707
937526660
158737768
341662440
35313915
47367118
20138728
115717883
14686282
13963012
430995737
322479448
17251787
256793538
7988912
2139671
320210499
131999950
18683406
113740810
318053222
16640235
71557700
1012489482
1249676186
39339150
14897792
14162706
16656236
38892114
314758565
905109390
292578868
277167523
227074862
18723397
383708836
8266782
199737585
556992335
823166564
220322834
47365909
18821994
1130798947
380816062
397552950
562100356
1214359279
82238919
185695070
378272434
71291461
1092099488
123858892
31088181
495482239
34617752
555580799
66429081
479856619
26616462
957191768
158206738
454952766
125680195
825964982
629844899
896595900
233442777
168190069
124237063
485695025
119837224
493413264
248269543
390721007
12340802
83987145
453495437
386521020
213382294
27749601
495334428
784468428
274063094
137410173
182555176
16373266
41215558
46300208
810808380
48306404
627038379
29575969
384182912
27924685
26817726
461378270
633471246
493266463
20739245
177729631
45373841
278446404
405033226
288886923
473622174
543700209
397774414
115132543
537222561
16939942
38845292
28315433
56446462
56564230
135528262
212299083
464159257
85906238
14313922
20441966
152889033
200634860
338920909
16174754
223560830
8086092
276677775
325138382
17573273
16172894
20746400
39351968
74732805
128014357
17082745
21416613
211261440
39694489
10180222
108185297
107174526
37732219
41561657
44418062
123582098
7973282
14647570
67003972
21581503
15134240
34552656
19256096
1046661
117064656
32361431
19837528
34675456
18241551
32160273
82336717
17083959
33249457
16817883
15862891
57346365
63837338
1435461
32372834
36814136
16274109
23962312
112017535
34222024
18089292
56685979
50014224
33277722
44438256
12819112
29726578
14000542
22462234
71210524
137836269
46145761
32615991
30005585
21242028
65007412
41044925
28366095
119729504
71323069
27320089
131149338
19704268
14738561
87569989
33279328
116877838
173835882
42291620
59221014
15496407
16629477
210672830
17047208
180273692
20444825
43199901
22219572
171221404
28173220
15937567
21928178
14282672
92501411
106416064
103883998
15755223
93655345
37611067
127910801
130241862
115039678
56593116
20750406
21237486
198682217
20026466
