336218991
2575119684
558432111
427900496
14352707
20733975
13451592
1473579042
2600693299
30274840
52376275
1636590253
2730791
1862834527
1928214643
236111720
196131308
434526483
19052151
30857515
2698769562
17468569
885299028
128680402
86135124
15628214
8724862
25383061
195625014
2863447980
35871966
44155527
16142073
2745692126
195738329
16303211
3748882893
24027429
11616772
27282113
630586872
823249507
1266945888
232531712
18880656
2149213458
637319818
707512656
68938426
13405882
3630501
2458551361
49118928
574843567
267530930
1201551199
831672606
74625926
277409333
49206021
88975905
296453816
266071085
299792429
262596037
318103994
25472190
267371257
475220369
2542984070
54121317
2517988075
71613583
90417225
16224500
247455917
466762291
23289019
361486440
14129299
38518844
216633730
16467567
1665580856
12594872
245031486
17273355
302616261
14135346
16581604
41630507
2923630187
9963562
196978660
2977667168
795954631
2991711108
610232748
25353607
291845839
268282057
17758625
167203538
3043844955
2988889548
17837184
460470940
74051281
2163097309
376830513
5464552
85252011
275580187
3164575344
15769327
25562381
37723353
380604371
68558704
36753271
76111834
49093747
100564273
15903662
19275412
7138302
360204062
3092297686
18734088
367813132
44726734
243324496
582858291
6044272
16867513
201295507
378653740
631417343
207594891
28943973
364840896
22997361
34142298
24889586
24280451
594616066
1979667199
81903192
1545958129
17236959
15494711
14195941
31923789
16024877
385814486
15950086
286454227
86334429
211956427
35797365
17123593
14173504
2480458952
392963685
619434974
327069791
80681524
14873013
849234438
864556423
781288074
28178127
297562977
88635537
17539739
792583560
121539516
33792634
268476335
546135718
242369568
17467699
18243006
17839720
228077059
102177669
21010966
27241315
425289616
138742761
1522316563
46488985
586634025
21407083
21697654
27948414
433387585
32469289
17669950
27259657
171260200
10775612
388335688
507707420
10297
44422593
1370570863
36434049
16295662
2291147785
16895814
17811812
1226329195
2254236379
174767176
717183954
14373725
166664206
1061603192
15960725
14118753
613624077
14246148
17941459
1051171
2480758555
34650660
596893898
49164309
145204165
49753604
14191363
38838127
43924553
19458818
61542667
611196162
18336459
27118364
19923265
23107424
197869772
17899109
118952409
35117516
1530953521
108174006
28593130
2546605262
489252863
2432778277
99122519
1364327210
51187487
32234489
2188681885
4099171
72069680
1386459925
401607389
2194325473
6730222
14096763
6065282
14765585
46742136
1556361283
257185306
764204616
15728564
2264711245
191482901
22139269
2339734951
16564985
153756767
15934978
1303682676
2308726886
327577091
42487860
25920311
486297238
2645532414
16211073
15496136
246377868
361600531
15651748
90403900
214229149
113044256
113193523
2610766514
2154947018
1004818963
237841144
54276497
135387509
196280212
129193125
1151362506
90289733
619524081
217242074
33388399
23138885
19117187
2469606308
204832963
18622869
50446226
21959763
196250272
41543268
15433331
319406916
1182675871
151689073
41995398
2474749586
1707854317
234523877
23587159
146341446
59159771
1405479948
27225542
189134186
810129
113696377
2303751216
66758318
25523484
18147937
17349516
2385398743
40932856
48048888
806271169
47227220
63302806
809012353
28394317
357908674
17134433
187729145
271652354
20752106
1617731504
39279393
110004599
48075643
138285632
98536137
228544760
22399225
15825020
15507433
7613282
15464908
18997592
250722893
68786218
80076673
453361365
5968752
1444580388
141779699
40409903
15201021
16227629
15383427
96015193
209497469
304709355
1732829419
14126939
170318472
436990599
510592186
183734837
15679228
7322082
21521740
20184945
990305612
859081
24224268
6877872
15591240
17093674
105334381
83309418
341046775
26521816
469509187
128727401
15583775
17092444
26605345
47209624
618773580
14321959
21875099
88431386
14550476
116805959
130906331
45252327
77220986
259371777
391214052
612019015
150970962
119625403
262940385
67014989
18278257
459429972
15146558
19735580
1161379598
378102107
34707892
17167989
80581893
29878214
54649030
63541058
170123668
8034112
851144203
125749686
25071215
16298796
7119702
18057537
24834074
584198802
20193529
493880866
585041595
14145739
10322132
980863860
28645658
18400634
15639774
22469627
213831149
16427734
51837775
55038953
16669691
2030711
211057494
74793134
58034702
88763317
15363133
38709395
17202463
314042077
25181039
31100329
19224439
26971788
329628561
57402958
14850576
26789088
256039611
116469425
106384372
40912544
15776381
26857202
903621360
16935092
168295477
225143960
518125684
41159876
17698956
32765534
447447940
28878090
33098495
37677496
15446531
35123052
44236915
61285110
185817496
73451006
593800653
86364947
4767021
497878646
763699
11004492
80069355
11107172
805141508
64290213
20382472
146548246
252250951
352673744
60326178
79919001
337631207
21415998
569714177
26953478
85603861
17698313
263976583
21314067
43412697
285706952
41885001
627037825
11635332
8496762
218763610
15684633
32493647
135282569
18918414
19868028
19519252
37291805
520616882
39419180
127727270
95930466
14111312
95145479
17005478
21129234
229189555
44057447
30028674
252672612
23636580
8406952
22705078
479816451
198584761
16146513
427059614
16166496
41699472
378643551
20849273
493678717
14043142
384923143
254196455
20643615
18655567
14844272
20582958
14204908
19016024
323901253
140991102
16017475
14378113
8291622
450021706
11447852
107175080
128437438
14239604
133907565
31037325
67031169
249758564
19396923
139112983
20457323
21414634
17773720
95428712
31128730
22084935
16399949
749963
35773039
1769191
5360012
24789175
72665016
1317661
14608587
14348157
140555541
17905715
27911608
243821406
37281592
18771370
39800314
22213141
12321952
216918832
293998964
50393960
54984917
18733002
34145908
136947094
20821881
117172071
10421232
36137091
20941733
93930388
64585480
24922040
92183278
21206435
121544946
21714825
22148929
27689265
47084119
270901247
7009012
6267962
24223641
14186069
32511198
14751352
109915584
13693032
118747545
195419597
30893470
212054837
17766403
22546003
131497030
16353245
125767077
14114873
22128352
105207999
47346052
12085122
23128315
205536782
36047098
134202175
28429455
21786618
17446359
21785527
30927826
44136028
80655534
59514202
17879057
13448172
109376334
20134672
15942016
35372517
29752985
14849816
15971471
10340482
81690879
38720614
5798782
17793878
19208741
26757925
65557593
29628889
56574789
12245632
15472700
84445191
7215512
22385178
18816140
70283241
59645072
40083159
15726306
18992348
19918353
18806838
17392614
24899910
14050550
46941602
15489945
17225924
14323791
48116802
21318226
14782635
14446171
14752312
14779408
21250847
24771318
14772775
14676835
35810531
18991364
18771702
65909759
18929090
17292787
24212723
15680661
35603515
40860228
47539748
56751253
54396291
18826280
18816614
2195241
47409572
33955377
17108886
31464192
41616044
16187930
18977445
17997789
32240853
27424230
14072782
18290719
6708952
17070899
797835
14844076
16973594
17506358
39850504
15021644
38483313
17453131
14269768
2196321
4072401
15349717
32391082
29438473
15376200
3939681
16247880
16035679
32540650
10733
8132582
19345783
33310407
15952509
32540685
31358286
27164114
15546710
17605855
28325684
14834340
16023620
17004618
11620892
27460439
11435642
14325246
20778387
15458181
20
18992221
6141832
17026589
15235519
15061067
17086094
17219089
711303
15828276
11178672
8668862
15905103
18997939
15703186
21008651
16128013
6833082
20068053
22737278
15369595
13100732
21600144
17856208
1746891
15999521
20551702
14078374
13416712
15198966
18998089
