66705952
2728071717
19019298
5741722
180511744
18089442
557779872
3410872072
108327004
3319057739
138847044
2752083229
3317799825
18825339
2478951770
121469977
749303
2905528287
3063438354
83616201
2762557476
2779717002
859862796
20050047
14107459
27029537
2964877294
24196684
270898584
1923588290
66185823
2965083477
3006258669
241940806
65634311
242429918
2696538396
2353696628
834069080
2786564756
2864316239
109280446
551195347
2978291435
22508473
6577802
74294786
1045853744
19739126
2964351843
2962681881
2916086925
2724095695
1090002997
115676070
223167597
2930635215
2696643955
2914515430
2962891515
2282437802
2964287128
1065995022
289534571
24054721
5336752
163995093
2846750008
18665800
59045843
15762708
27948604
15433452
315208392
54286057
50382012
17897395
2576852070
138479037
18963809
937272116
26800544
184136149
18847632
196590220
1713801236
135234431
1252086380
2412738884
14849562
7768402
37068799
344289058
17679229
1209417007
14345062
303339927
567565028
15201021
834046261
207660339
384445331
114782468
21307076
129193125
78055121
335331533
1067490559
478067304
1131747379
130906331
54980530
73457013
1686691928
1180738669
1395271668
270379099
2347049341
2541728173
26104632
2292652166
83840182
2515817636
420228071
282757442
14149625
63550939
18678924
147649517
77032777
64448274
19354391
76350004
104299137
1935555374
29611503
43409523
19658614
80703645
716684527
361974796
2337350065
958787287
407013776
17308891
16348549
1161303115
430664821
15341467
19387696
16303106
310316169
262443633
15281391
16365305
1889931
237418907
402029058
41634520
216881337
5496932
5693842
23339522
257088221
5561412
15745368
20733972
21694244
23976316
14344823
117662694
14511951
2097571
759251
59486068
51241574
69620713
243181897
17471979
15160884
35325071
14159148
59676104
14293310
59736898
86129724
15764136
59331128
605933041
12354832
40533912
9532402
93069110
35002876
21316253
22509548
79743108
580993834
503758202
32131444
16184358
23484039
28140646
1360372447
223376721
20562637
266006481
15416505
21768766
308228094
27744185
1367531
73039323
718561124
36452050
218772452
22703645
39155029
23970102
42635237
27726191
27311044
110445334
885149478
1261398762
78408666
749722862
97612900
18646108
128881957
190615031
69773058
441938188
234930119
112047805
1754641
25053299
18851639
16157855
52960100
921759169
36406881
27048645
16334857
55677432
48029066
390241108
16187637
282093902
95506425
960696949
377534571
1092757885
249339682
1305596696
78431501
246769138
19606528
175576528
223970563
15163577
234469322
240363117
217543151
27073265
432766911
15976697
17816420
2174649348
44199801
7684882
136337303
475988505
384910109
223989176
12272322
981029708
1726081518
1075048231
58578876
166300707
102700680
26596727
15836048
11695472
83466368
9624742
169963553
16930125
25098482
127572682
30944238
36683668
27860681
27830610
61225743
16125224
11771512
19649135
16404285
225921757
550401754
1060370282
47837269
21252618
19186003
229592356
1676010254
13218102
38509501
368366215
202206694
217550862
113382970
269896114
131547294
169079242
1128514404
16017475
38502353
19546277
18949452
11014272
91478624
4898091
18622869
5988062
13524182
326255267
41622257
278145569
624413
16366085
15110357
67358777
1048784496
75375556
80113196
23459179
22527499
110545675
34713362
104237736
742143
63689362
1652541
14199378
161047259
256237842
478923759
2467791
156969952
340298666
620657298
34776119
25521061
28598978
36469850
21231796
31453604
18048053
20523695
65664531
619557579
528688868
574902268
97072406
350289803
609495666
583119386
844672543
747672230
703754011
574700864
753736476
141313671
91195372
103018203
32446490
17488526
594016392
570441319
121129790
64748159
15091978
787533126
39583871
589436151
606032721
1305687522
1438852609
1445165748
890119748
1463095700
227329300
1430654838
1345617649
851760890
778631394
1397459797
887214038
772220916
703130719
1471091400
1546685444
733281042
745498158
1596628962
1539375272
454399697
1559577619
1597526130
1312390340
1599176300
416324285
1599077688
1633003374
760160605
1556917844
68976157
1620882594
1553972916
74849943
1604407286
1323574105
1861221270
1399627946
1728795576
1411065624
2349150457
2348958223
2348544278
1665815815
2339744235
1528750716
2344145126
2343984590
2343664399
1898526372
2342496961
886880438
2340876222
362027597
633120180
797231336
1366758727
1538054143
993424849
337864638
256318338
28824426
22857369
428333
807095
26861254
80613025
16369537
60194089
68702544
115394381
16684911
43160782
37692162
627479245
1382575135
26639272
874172084
69704280
16233732
59158212
28599031
129050122
40343354
15846407
14463848
142214762
34270080
30021450
130264658
34363772
356429740
27663950
209636904
123925485
1137551634
516776664
1164040646
631545702
980728446
426035954
864038509
621399564
528917019
882574920
19514857
499084579
45761885
426167673
735812287
569595474
532319486
874758181
634918494
200244980
182234301
170661622
403720768
334204992
320264268
570386155
360979600
857272093
898006554
191990205
52760872
557088302
321162231
770362838
322027506
372510684
148338751
43923409
16752235
34353527
48149896
88738382
116893103
21813914
82384819
544474106
913586352
930546132
586671909
22931957
22931856
80060829
118447237
182815759
21147846
17800215
114786624
146297987
755616198
1137309320
17433836
22873424
18454808
1700694050
1242305191
583082221
718119900
2327350430
153848702
27942242
476328159
997684836
43849753
2384043516
19643448
201203340
32359921
183339368
591156440
28162128
621523
124586554
39322371
55020919
323283429
16658034
242698787
1341917431
609251617
971473236
109490330
2281314234
2359709887
17074440
450941680
11856892
607289206
40379948
311677707
1604467620
20281013
68558476
22891564
899974992
18905436
151689073
389017497
82151660
114050808
17890544
2291602766
102086868
1354419546
2203187665
28722356
874916178
121280002
528949429
142843335
48446688
245385426
543450752
14081659
555474658
140286364
143798379
17881467
218982732
43142554
21111896
224320485
55038792
14870670
188065873
1310607152
214604553
19785811
846150961
473083505
22012091
126401831
18963842
20402945
16081831
14007532
130600206
791536639
155680896
389759292
44384728
398088661
243337600
943814922
23124635
222622640
1137600571
18486007
194233791
6519522
20556015
46817035
18023140
124196924
20436059
74164455
20454896
55045856
200225220
15172810
24948659
634243972
61803195
409474366
491644912
17899109
570110819
109257354
1055515873
39279393
16910688
59471383
164045545
872126700
273612978
16298388
195840785
1260172386
1072467470
1069124515
1262814457
319116513
1026800533
19036725
242772524
1131917492
88806753
1092979962
1068470480
1072453910
1055685948
1058717720
1061385474
1083448909
1027156464
995193054
245451804
1071900114
1058256326
993153006
935033864
19808819
248699486
242761889
382791093
296361085
10615232
5558312
538185166
339822881
165803705
30926693
73112681
485924782
14662354
15210284
65688328
18916432
28176898
17698956
23097482
14289197
19110410
76456274
18722415
243247252
323750907
234022257
114589771
180088363
30313925
75364211
16424044
297112640
52499247
21153379
346610958
269505321
18021210
125073034
15839980
329359093
24335039
141245943
334738541
123913517
17464060
22046542
29915995
269701192
344210625
16739711
157100139
24936537
121879060
237862972
331689081
348723135
224391627
58920305
239871673
323997081
258419241
169949434
172409879
166556095
261918703
55563473
332400443
63897695
36654245
16330935
266870413
219402997
17325610
234619026
21351517
45663323
229474478
28362074
20556689
301549400
120326042
20065440
90498257
22962719
32134412
22968154
336013054
335475573
337964984
28696501
19783171
20725945
339818585
332082563
211420609
312740404
324934127
342018025
117787671
105204930
342136225
167122203
79293332
39424870
31213978
207839955
15965292
69373877
16572085
174837641
115253261
347314573
281710022
197261484
21279472
31128529
19926675
18060563
20159016
202270507
85606078
19658173
22831059
17976923
196357500
235719973
26871592
67174954
16186743
14261617
104521876
129906416
62925053
104728023
21672621
37925861
35829796
23103488
33977070
14514804
19891734
43905147
21425125
19616327
137407124
233949261
32506723
201079432
234837632
285716420
43541153
253607242
83662443
107146334
278007251
44175850
87529626
317810144
309776336
319407961
287473639
33388399
103921913
94634469
305824555
17785289
204203311
179787608
54246944
18272838
18179086
40169320
163589845
24735461
168502762
20483134
24032168
22528309
26277612
21868620
141039266
87733757
209792690
92437145
242426145
153486399
85396297
14984637
227088228
20545793
210926192
168673083
107545479
40277246
213634439
20192403
29766367
75367781
78369108
24214044
35940348
114756202
12788332
10691752
61847314
17577242
28120317
44443447
288337914
42924141
295685416
239964567
124224165
21206042
106776691
97286436
116784750
23612312
126497067
109376334
31642208
102168331
115669793
91127176
92345657
123336648
115682122
234937222
102431847
235312723
41670073
34340464
130939707
135972958
109302025
87508672
233693291
34964065
48117116
128315927
242873057
123862119
84717398
54225638
56718018
14463012
93035670
18967498
79267291
50376145
137451260
125743268
18805303
28504918
31503444
78704620
118488345
45598963
78977078
23796815
29970083
18726666
109288006
22919519
144914093
16111206
88004474
57199648
16648790
173873228
82616909
82617893
173802939
60942342
55664312
144916975
167797168
43970862
63832762
36178069
84387689
19309639
142297003
23204326
38199691
16968876
44715382
15342216
113730872
34917790
39092982
78941245
14615871
155992653
20867568
59482330
160260305
177232717
161048072
161046658
136259367
60654735
200969056
161048142
24443595
27027330
213651463
125184430
110004599
121804169
60131956
159462573
218533678
20290146
106569230
174268406
60763047
30980068
250710495
235251868
252819642
41445718
20801235
119372054
23970171
28414093
234044087
10742132
59143682
23782950
109371322
18891923
37986651
26820795
29217773
237814920
233761277
234053893
59307126
57430197
234797704
89043757
67619239
18943752
18958128
15287435
18527909
18246347
20054770
15993122
44615672
34396273
257653013
23494793
1564371
63558520
69254825
249219716
61853389
233696188
237763317
15207668
90658621
3108351
37920978
234822928
237781383
224294785
28471924
38423124
52499553
17814568
52059918
20957191
26953478
18813482
23590821
116877154
18650159
205329298
52528502
22086734
16828440
15935591
142843687
38833974
35749588
28424440
58113278
23272358
25726636
38733200
49997792
38211356
144909618
14385676
17392020
34022451
39492456
38441030
106816456
15675138
14246001
20608910
1917731
7713202
14529929
50325797
15922214
5357812
10168082
9300262
14669951
