2244469219
2949310403
268550726
2419710651
118110904
2873912921
3028815748
745638800
35038857
3155786002
2211860454
3313609370
20417695
576412535
50276212
3114555473
382326594
14286491
397871845
1411663369
74160820
2590811666
2179240802
64381024
737826008
20678850
183033795
2253816445
1380287426
33998183
14124541
21581503
55866002
175691292
18477428
19657855
16438248
17918545
39522692
621573
19658826
64698768
14174897
32372834
487833518
18700629
15428397
15110431
16817883
2861116728
18170896
275690183
87511983
17842366
17471979
19402238
8963722
14647570
1435461
1589376188
25070192
14499829
22708797
380816062
28160998
621543
13787352
146569971
10791192
11856422
1769551
41602160
26077026
115132543
20198534
41541697
551085238
123467344
200219772
14187403
14267832
16150688
17240190
18006863
18032518
18244332
18646595
19032249
20026466
20815041
24971148
25325260
25510510
26487100
26832834
28336682
28589206
31484145
32615991
48180033
48966898
49020544
50014224
55403536
62862144
63169388
71322014
71592061
73224714
82683644
97604976
103290257
105197819
108185297
113315961
119696983
129248147
130241862
155844883
159891548
194343133
200958613
274678881
296255607
329815741
363943536
397300402
398129689
432651637
485109912
588586596
593359147
792235213
1098004988
1219888003
2342928961
1357297410
14704086
17051344
20746400
33474655
17372405
30862829
125614098
820582
2443051
14738561
15921173
14431198
16649758
17432932
17045933
18964074
15828654
19313995
20839933
16274109
17251787
23962312
35170284
33249457
36814136
37732219
18089292
7973282
22023030
21423021
284767222
38149143
37611067
22497950
32441895
13395272
14151263
21242028
23437364
17068373
14897792
17376218
49213571
15862891
12984852
40846478
34675456
50318478
30005585
57396107
19269120
33277722
14935412
18168650
51837775
55316880
46029871
56384845
21237486
71323069
63837338
51707703
77014927
46498656
5762302
31461371
67304620
87198154
39516266
34222024
74599038
41592143
19704268
40221991
16227629
115039678
18754768
20688520
69653526
57873167
86626845
16843817
112017535
65007412
39694489
132594097
20444825
127910801
65712206
78898970
10180222
2192499726
87508396
141242032
143629076
17573273
29600755
102754598
150152322
28590658
107225267
76956597
17393219
145915254
117064656
115487545
82336717
24167460
26571599
108355272
171221404
84351228
14560417
44746613
14043142
32427234
56564230
171411817
37334808
180273692
25166438
17382568
178363987
191402649
175169648
102630522
58366806
59518694
17871371
74690215
176024190
96253785
108655269
28579026
135285451
233364902
78995608
63511763
23576240
208543176
125680195
101534369
250137376
14625547
177497153
244286175
263768986
270565078
17643901
28023432
210672830
118266357
252771569
46247561
27924685
17768235
5988062
283594148
226691837
35313915
115478596
2384071
314758565
87569989
38810966
148827435
297719472
255646898
322643721
135589569
98098550
325138382
218892908
374378875
124271997
14189044
346740364
248970536
363210621
15448732
403711869
266304760
20374729
167499429
374660408
83883736
20280065
262817233
47983577
359716387
19295585
381001316
355627859
142474747
25950355
276660526
17544234
318415681
144094077
272548045
380205172
50753411
237409428
169633285
168790444
18608758
90699238
87997689
429169198
28915542
267305037
543700209
253184910
107174526
404215922
495498585
569734172
562817107
47541166
91368841
109434119
20142273
25819574
173999134
15237935
222362200
28049003
405033226
232194650
292354083
52010875
296624994
185419122
18683406
69658921
15859033
633471246
474629890
327760265
18284047
496047389
15154811
325719227
15060148
464159257
444800309
316327930
8266782
14335498
768562657
122080635
43848067
332763179
806393046
124237063
155230346
35307736
822427266
250121453
39282190
262130711
439281831
479856619
493413264
485695025
12993382
945848184
521994471
1402183777
46300208
25743783
15166857
1314017694
158067143
427900496
495334428
476238744
121428475
397291963
524653593
38372813
1519183848
1097361890
267282720
360057048
313939160
853111176
1431747402
952411
1158733934
212507668
1411552897
330101315
47943144
388683808
1073530544
1222964702
281728419
16640235
386597419
102094857
1900006532
1583600576
844446974
44629346
1915185822
185402175
576332699
201632630
1650637086
1947072912
377322526
1949299478
1625689764
863444443
50803905
578653038
341832630
372249673
2151642318
15487158
1261044036
176089416
369574945
467580777
217963801
295459002
2165843324
221731441
370437941
48339714
1949132852
12787442
2191109263
1552637701
1545546103
2178012643
2208746882
998407880
930505711
2232216678
239255514
86129983
320210499
95685725
26589498
17425484
183749519
6215712
125695429
578082150
2169023419
1727453592
2291641710
1512144536
2315551122
18687142
2332483018
2178911414
251502134
2164225381
370879693
30860604
259224579
390763447
82511170
47048536
5943622
2154027642
52584039
26817726
1013105528
2425716337
2422331743
281031538
146481375
315161528
4894431
202968305
537534095
885850200
2239362374
2393330924
1472866045
470401090
473212919
925824896
575932743
21506708
22741656
2361873631
1769191
862100563
945527959
58235603
20784310
2258338843
438802417
361326082
602355836
49736166
323990661
2565983353
2487853952
2290307712
2564054928
582757524
477928820
1200852901
2573880420
34615585
390217171
15607327
2829401
90270182
131999950
2579702422
72611532
296551973
931450722
1245108114
149706579
2370961154
2385659558
2276551987
97505313
2329006532
133239513
2710580269
566226913
2557915058
848504214
1090961498
2319587492
460593762
396365748
891548778
405519734
296644509
2751810807
2474452219
279589208
76515242
2800364413
34530169
2802558480
2542444369
48695135
635833627
14924849
21285557
33257141
538714687
42558652
56234285
16649473
20410279
134941111
16172894
17061155
17795584
19668775
19843630
26616462
31936449
34552656
85906238
141339633
199737585
203470497
212299083
262365030
267324132
276573828
297460701
354472005
492806249
543876839
575655913
577178402
713648564
814824506
856471832
858313254
1205345400
1425644274
1452134132
1537208240
1547838528
2167247681
2562724922
15496407
16174754
17047208
32624460
44438256
59221014
59855448
183548902
228586748
293116923
466062053
463414713
2259011827
137836269
71210524
19416598
17221246
45373841
495517322
1241433806
1421082818
164353656
41109816
359442436
2768055348
19837528
95972239
190126197
41621787
427062492
84321709
27103822
84091246
821814254
48289662
96741105
624336093
88836132
153085446
562781948
15458277
10772102
40234732
26982121
131144285
176932593
96093115
11620322
1155688602
94069266
301911808
440226623
2376359251
493840009
28722856
38530021
613577009
19462877
22763701
9624042
284759869
18036441
60427596
478977116
27295244
473134719
860302657
48824637
260900441
771517543
130579391
907054027
857447425
89872464
36943804
162673776
38148704
2765794068
30383370
17256745
765548
274590281
551992939
618201967
8814152
383878699
310356110
15091656
819791
239568469
620142261
57346365
64003841
48160604
319770079
1098381492
150757875
111024707
196877476
430795072
19239914
1849172972
1017672960
59257007
540847745
382818604
912617426
2217874898
558056122
224557597
272593403
200634860
15134240
116867280
13251382
135691326
87765117
1359532460
12340802
182652185
276643081
2709561560
35961145
409154376
247085024
274626857
14062554
18065266
14592723
782615960
351921968
20617448
26267038
1216228962
1229638309
9780512
115081394
236273979
504309527
46485024
71557700
348061274
218464830
461099519
261819883
83987145
490056323
74499421
256793538
14221895
17363477
760065560
2803191
368229013
20846464
91513731
456361953
23600234
46145761
868609854
18994444
70696504
56593116
378272434
20272531
43199901
15354310
39585367
544481207
1347797958
5383942
20536157
235893096
34374043
217483047
635123740
90424954
112775879
148035544
14313922
570261432
152889033
223560830
48306404
29726578
15755223
413849446
1235031679
373388432
1283044669
700118168
17899109
97009252
407472256
260776556
118694098
111097299
10005212
1513221576
2787644022
19979844
426007832
2437069243
29812651
334912047
166344819
1243467265
36551589
15282064
2242847599
202968431
20693661
1886483911
1636109102
1227295489
374426116
208956347
76332033
847536019
15411998
627934074
1416401154
16536844
274188849
35306978
3355281
190564949
155650832
395031207
1844453226
335799770
19185441
365929707
34299110
828917498
66780587
608176002
1372174891
20187065
14605265
28436760
43937824
14617444
16629477
318053222
6433472
224631899
208988759
1613603155
8736882
123582098
269700525
214924806
32160273
70784139
17881732
53184267
736607598
45001035
223423371
93655345
213012200
865622395
1522181906
76060246
481578520
22462234
384182912
230944453
972467905
433967859
29340609
14086229
