2966486908
96949319
3378377920
1025033306
42007660
96359703
46354706
614992393
72538815
285470979
1946221622
4898091
19725644
49687529
36359860
55459700
21990241
274925909
26978843
344011556
3065741392
99954968
3345260787
3311966104
3257792945
2884541561
2347049341
304222914
270831181
417793855
237738352
18215973
1554189314
135389546
17990493
268002142
21235275
3242225314
2441831348
38271276
3296714770
430250670
417717826
346134273
2517988075
434904958
3236443413
3314597014
116703739
132774917
37649776
346530482
1233318108
16241871
253213737
1421379786
3066666563
1249993237
28143965
1536791610
74961265
30446521
91971607
446124089
2987501752
125615215
21826637
349540312
16211073
484595690
374616970
46974095
2992396108
398577240
56361385
17187394
14206734
3129443857
1551428437
71481978
887643565
57016932
96203571
2725536757
637301616
554229398
2278930837
3058606833
236526490
369245377
90386770
837812724
2835593069
376039128
2985488391
306196433
1968536251
135902319
2816986446
583581790
331697368
1257560250
1437559496
195826487
1238337014
624579080
2915969548
336815254
1941871237
72079371
38699733
22738769
900544585
142804533
1608995078
208747547
1851289250
72215900
573918122
2440375645
19063034
59398768
2795686651
19530134
705021398
30257834
191478785
237548529
788895528
67548171
97268285
110259099
25715900
41155540
19226442
256104612
37722041
454099919
167464191
317650928
1374799514
195115793
1200343638
25976789
75759032
2587463574
710731850
381383054
106370523
2325123156
46768671
619730393
44116121
136245405
389481778
219643893
21303464
574324019
226139693
619791663
2351361510
212119068
65986817
2257623178
1595205038
20928366
323101604
1008472460
992716878
34918523
37303975
2165906932
109720853
592841325
26208729
14074967
28765074
368903818
74654781
289277091
16616757
18510860
93025935
36726250
263244373
332617373
250940066
2162596062
355470868
2374004160
134731185
569830812
431421505
861955484
16955517
206237584
479303016
67358777
19264215
313252132
15007149
2232645146
270853616
65579743
1582853809
427387307
786764
554946791
34213373
2301252554
19717082
367795226
2232950971
613427428
786267318
19534873
1060578475
257905607
376725340
874916178
54586507
1023072078
1721492940
438682166
60783724
2237667983
308505459
17289530
545263554
383049895
600352050
1664267316
301902154
1205117154
338887064
17160680
257503211
356933896
247370003
140349415
2467791
110955476
89207310
31432492
338210165
50654515
1953693985
330499474
1389010831
837268285
1582688532
1952250175
401625957
74109659
174072823
992797952
39461661
1907520625
1667050489
158707490
1856721444
304909941
212332850
268324726
475668325
78115058
206272333
252258852
1025958342
335991864
194026261
587429551
1378889792
1652577379
1629875646
1637361024
500704345
78582420
209532737
581053112
1588371614
39036025
337234645
1001979979
1593695947
300324987
862813850
21175591
248578788
144995994
39763505
34861205
469550137
11004662
253201364
70701139
285690437
267260964
285681180
187891145
127321636
34876795
70911601
1470634802
34751690
39992366
595890990
61212645
26182955
155867064
28162211
1534167900
595216999
1287498398
416183697
47083374
1079002693
48076741
629556652
17133897
281912343
525094172
1451172318
35725979
317658053
1352308825
35760965
1447305066
420908612
109220563
15096735
35697740
790752361
561133976
1408341811
855262092
106639813
58819992
6959082
619855057
140003488
25053299
499677628
68382599
27851382
1108441369
296802859
168949444
91855158
35764993
306072915
93957809
33967539
465403720
16931360
1229576599
15659814
730307774
372848459
1181575242
14275129
135542437
333935142
183165874
364830542
27860681
239785983
929220067
250024481
202059210
174659944
96941094
298550089
48906364
1115348904
26968080
237742101
183588284
228580505
300789811
323216653
18008730
275410801
498996049
1150233654
20292357
183577723
125953412
353210929
246841629
406210220
354214809
252479319
575231861
284095463
1242286285
33959634
18158733
37893146
209980531
26579339
563728767
44910833
228827465
186497963
14552146
142586745
491219923
349106035
42370909
407674259
115322265
219200648
31083211
226031547
35693327
298573673
40884472
277955580
208119953
401579858
380235938
1139524920
306989200
263251505
323125138
59486068
1133998249
1052207550
222727454
256517975
373416209
507586571
128344198
186017092
147531706
113601096
162798835
25280771
79366215
435048714
744246348
356819199
487352746
18671386
14708747
20772763
71256932
531664200
21332200
56891751
1111775412
352548417
17988352
475790003
515118050
296997550
16686144
173443761
562295289
251553556
53898236
452814101
40454059
190220423
270007523
168295477
87174862
340441440
491139622
463026107
344720320
38141435
821375636
465457799
284027188
331088988
498704986
884397469
34840381
52717799
632923508
175339863
34908431
821062382
89672048
24431892
48354754
271312936
479319324
209539444
40610966
88890382
397489668
300321660
305189255
183557530
326790591
257367223
236453099
494903415
32642781
16683014
735122173
272903043
33960482
96735431
237217136
16017475
15279429
45564482
14287094
474359398
196750390
11178902
23975060
174174847
360692309
31395873
562186411
68656320
16735210
15865878
11014272
719713418
34362768
50346310
230758030
463248390
23543947
505814313
213166442
223773726
34713362
151106990
99052746
2890961
709052023
63077228
63083376
725769614
606872678
90861776
710909042
33456676
380368041
706508856
580926984
366176001
46417793
259791236
529179934
41561811
565084767
70636581
95747671
21397377
51241574
627343041
56381427
87818409
25070893
140118545
33388399
15164565
47102491
403563397
229129507
356780888
36382088
588172674
392632093
159871694
485481599
16463639
252531143
43498945
269280243
50312550
117007711
33792634
24773177
223419233
18017198
29183726
33217580
16340501
405955710
1754641
15110357
22752995
323219358
376981335
110148078
22623542
78559795
65655315
573451374
304939355
21912795
254145152
255963677
17469492
14406592
317790020
300684174
807095
295574324
304274606
276906656
270832864
198057926
52346285
326097920
209569736
333438168
31746575
621523
9300262
14460899
323222676
548433216
61731614
32838367
305247220
137445561
438443784
244655353
21114659
41335658
292450384
314073889
25387183
292392829
270956213
252657929
480662245
66075435
312677640
494406322
157009365
183591953
451586190
307001792
16681542
2097571
467563104
35773039
173106895
15476737
45408995
135187648
127908077
230785847
39470235
246371000
179576236
314200264
197347638
16378486
223456307
217021421
219633590
97624819
18469874
53337066
3108351
35505469
120461734
47071700
154245426
23646094
288311590
14800270
18949452
124198842
25838832
27002127
149602519
35751127
121122873
330150503
20243183
168055010
22185420
17388396
105382622
14157134
123279052
156651229
35206251
138708473
327257959
37323744
227074078
303211908
71294756
49964039
58994624
272547727
301992166
315827597
322113764
326177887
326113058
199292694
39236819
15261829
219583381
177265607
246841572
26792275
813286
98150510
16394899
23415412
221138658
71245454
191350933
277169830
26204162
52009141
259227356
37920169
92771309
34872998
49587648
40052950
41103933
95173260
146461990
18438933
43320653
36344401
43296709
29952880
14060077
25979455
205171299
36034686
121491998
116777713
49921218
38672669
238100421
14677919
34878088
24853415
18132640
21912039
4970411
5988062
211456083
17897866
58154652
34875740
63095504
742143
1652541
15915391
18693129
18493366
205343566
130571543
124437828
11680312
96399121
44655415
11991612
194566934
33573419
27029737
26441980
193029089
28089461
79596159
46887885
212127385
21746728
13383302
8538202
49952024
38671739
22754762
25985333
15286317
33500648
