2154127088
22205944
200434844
2244260844
3315322193
209745713
38500966
162118290
16243405
19616718
17919269
21764343
29331255
16046535
17918545
68753100
842143333
15738974
18019555
2411464206
281530541
326578221
1259839165
110441210
165751336
1603605517
1901405066
48450558
262343528
3321353271
18294197
18294275
14050550
14807898
326665662
309909647
35306978
264399952
1241258612
20956102
67009737
30290965
17969659
3218244202
854581958
91815273
836644759
19256096
24939473
29967944
18907371
46758449
282111635
441938188
423109364
23503181
15431856
137471526
37926315
2915531195
15822969
1002513128
223529798
1732829419
82208992
15737554
249724351
165622311
14917754
186154646
16130330
438540090
70464585
14461335
24152478
57700627
25938419
19066345
35749264
15987295
10716292
20081176
151753441
89264343
425339072
20513249
23575322
119073765
16568116
15684633
55308417
18560524
58489734
12828572
19393236
104849636
59780450
23184591
1536811
224557597
46342393
57579512
61853389
18023140
76733474
20050047
135537626
509375083
15368404
27916865
69091913
15755223
47983577
993725407
125619668
379268081
12415722
29472803
15169176
1665531
15147042
282280747
282282694
42651647
628765360
16434273
34889448
357648167
152866991
14499829
27830610
36683668
19386622
48148030
47999622
46114448
434935832
48110818
19164430
30054271
22674756
2755310156
1374626371
204885368
16337846
21634600
21114659
17469492
20076000
22545453
19939139
49012699
16224705
14410756
138725262
22032817
2734713482
2350395900
556151596
17296792
594666501
1769191
46122979
262322947
17783546
14282672
20187065
27295244
14062554
214200223
19353746
1144882621
15282064
23450373
1393155566
23454450
1410905906
16027546
45579282
16619904
17384099
39800314
33773592
37015292
16929108
41806795
90696553
16145097
149197471
21968928
26024010
14987728
30034124
17604915
198020721
208442526
1451773004
390287262
64862896
56564230
31128730
592912724
330921167
15458277
115490380
19515424
449462207
26054500
71323069
18105473
25372825
68987936
1491225458
338660808
28453440
15763818
112838571
18917572
107276940
42955173
28421825
16608403
14862794
35929575
334203606
47329807
829194631
16134525
26982121
562781948
1471035349
23426889
117709903
27779882
539542017
429209404
14778782
1530850933
95753389
19546529
18499709
27024872
252010693
1910771
222639227
12133382
135905236
27103822
47671377
56879674
20272531
83387582
44944668
16129880
33474655
18918483
17815224
248795646
33639255
741150194
23814999
14441010
19272796
15571577
61902439
50762782
14862639
14207863
236921052
202350999
97701898
351221537
253536357
84351228
11317392
34554134
201654004
18335940
16630098
17054817
13691782
410605574
119376050
36379245
21690980
15484063
19720630
15637375
11178672
20608701
48463418
153784150
22692199
28567809
136733323
44783853
104201057
18783501
473089502
17819179
18871354
107225267
52488565
63796828
997629601
21798352
116994659
1885358378
131144285
15460048
5694822
14091091
15165502
15639642
19928678
11180212
117576644
77220986
646893
146123790
19669207
120181944
30313925
17899109
36843988
4620451
15165493
46220856
30258963
18164420
195897346
17292623
81141007
34327225
15987188
49686679
17837184
426909329
139832064
1134551575
15738935
146548246
54290504
188852875
125767077
96102210
15234407
19725644
17522684
17871298
23579478
16580226
26250872
21104681
18194162
17371549
174740894
14323791
18739693
143923948
27599874
33248363
16869849
16649758
23959074
22028564
37710752
18736652
39250316
6794502
18999585
13787352
28160998
9624742
50664904
16227629
14293705
21034324
82444624
37732219
32081226
279092869
293226916
24775676
108588274
217901786
16129526
322653723
83868957
260685403
43166813
116360467
38530021
74474794
135583203
17843236
334080316
15473958
9207632
19657855
2444351
19596228
17004618
45516390
6450322
8510252
155748301
40914713
45690330
14559745
121150506
35415477
360912781
20182089
27075980
43333663
237885691
93914412
20437286
172779883
1342104169
907382738
16258157
151205768
109944769
19722699
487833518
32372834
16465385
755419584
2528031056
16388065
360767944
18588537
788363167
455379257
323325582
844527104
1206099626
201805698
20818794
578419732
189949522
46921087
17480920
49164309
28563892
41712825
54639174
14493552
337886919
1119697236
860302657
1002088866
148463866
3008464880
187518287
340315555
434442052
29548502
335473253
36989808
350424151
1589376188
70837868
28583197
2244469219
31484145
30862829
1252329349
206162681
223560830
29726578
20750406
67003972
71210524
34222024
123582098
183548902
19416598
17047208
16240525
111584424
15154811
1676175931
19766166
17221246
18208763
159951505
14343392
14174897
65134016
43199901
17042078
48564118
79570653
309207293
17396170
22054220
56179493
388392482
44196397
34743251
19843630
1536791610
21436960
171112947
50115087
20060293
14848513
13746792
72842277
15120110
485109912
22256645
16017753
29429862
26233068
558148770
352580950
39803436
23760311
488824886
205195655
19837528
95972239
18049298
31618599
248742334
90412433
14786217
183033795
2458567464
23962312
7215512
39537053
266790217
19918353
15769734
33972693
21581503
59460397
59229156
370680823
789753962
20582958
112507731
70736359
38146999
45577446
21786618
189253902
384923143
308132707
86626845
1460016181
76348185
53039176
67324224
293709920
32147629
18058609
372922391
338240032
14617444
39348006
97464922
16016427
807095
18683406
19402238
16045268
23602600
12413032
14606079
22642788
15492359
24898621
57111966
166252256
376790816
39530187
218601716
289532906
124237063
146569971
15134240
31443503
19767193
14342564
14505838
16144082
3202281
43327155
23084493
819851
555967172
17217488
15190898
252735965
1178901
1578043165
24895580
19536353
44553548
11031402
54856459
82967815
119401334
14330959
38365159
9801322
962259091
62640737
27692165
14792079
19692478
18676162
48289662
39585367
18036441
17369110
31914419
496094137
5695032
238095043
1506348020
53427556
17393219
1732419570
257660675
14615871
1620885366
54546430
4503491
17874544
182839127
18429181
74174867
1418812651
2353791427
2463645547
1071825385
82162775
70441837
343456068
2293415520
493206897
125433881
29754042
783214
380816062
17093617
5392522
62631989
378359329
317313520
79321561
141947171
15862891
14647570
67358777
17248121
1344951
5988062
2467791
621543
12925072
19492633
86844681
1435461
16817883
13787402
16564324
25914886
89799438
110748450
17781165
14702533
16245822
15110431
33998183
11348282
8963722
14085070
14199378
621573
17842366
19802879
17471979
