896057234
2896677663
2890176816
108616016
2760974530
972344348
3864808580
339773202
3974816727
2875515839
3720117077
3761592075
445113650
268919557
563660240
183961282
566399448
309262428
308504071
2652984099
2586271163
1449846943
507281282
3042521781
2841755576
336613222
2851041140
3223944301
18449897
579526361
340435374
2260873472
243234143
278340536
1467348158
1110144882
1726947469
3889994117
456420934
3006166601
885683029
3535703417
391247784
116390966
2359441741
3367453233
1729166664
766928316
3215266985
2471184907
823369537
135266269
463510755
165827821
195882923
357293325
275133395
2878552400
2855128891
2989577458
2821756076
2209491224
882871922
2603988140
2600496554
2408851639
181395549
2224331732
298516112
154729976
462906897
89036076
167674246
2726195719
1048610288
361948473
2841190613
3250723246
974802972
2559919242
123409639
508157770
3329132422
267864060
1977348793
2399367534
111931569
123414099
3323991201
773898336
3815387716
2188674066
2823086188
1653820188
2568876480
240443079
2239762933
429877110
317035581
2461094208
2381861546
763329097
147327653
581755417
7737582
2175233592
2997789719
394664383
2437153494
1188319237
387831961
1383060073
1092282866
93903950
410826341
701731652
556379155
1395807967
427764082
245603669
636706416
1331741994
3893036057
56853315
267251367
2338549868
3131608215
2154264398
2182642586
2283562915
221762319
3196969226
1919557478
561770665
474971909
46888112
339319209
3294519254
1561455842
433432149
370295631
486626288
3236185911
45017343
3172254513
608048673
2338862179
571537865
3029882668
1487800675
832844766
1336645380
57414449
44602679
1203329760
16626603
459453845
18198832
236921052
130885802
67710938
18305736
22068298
124561869
316890146
305670605
50025445
116815753
105111096
104989588
99039503
97517779
18223753
15211602
30226467
94150521
22727609
23450373
89263982
81855303
1572339416
84666459
19566987
19425169
54373762
84121002
83589523
20180244
23803664
95926298
82364810
67401447
66888234
65074048
64442900
63575911
177018391
273477116
59161704
57727375
54564997
46936781
45900919
44930246
44614050
98601958
17293921
39522998
236896035
817528298
20792726
38453274
77199037
117192318
33488759
38640709
128906076
42955173
34595228
29038737
572609848
318349748
95982652
29007131
233660231
221521358
25335251
24821224
2559515910
19805321
1322754000
24048368
23753290
277219019
17967436
23016011
22985768
22602373
22128237
20064180
18625105
256424454
16820561
16182261
21238335
23760311
13746792
16132526
18194898
30258963
25565646
44134466
15280217
468855237
15824098
10135072
3300414510
24863464
938851
14157416
449601303
3948205030
2967501119
2340417870
3011308267
2669275340
28197620
22986026
2227234328
273605366
1550005519
1688460931
1633023432
1601296094
2383845343
1633078388
1490389562
574371325
2463276038
306981326
59455109
23574715
3819556576
3574872917
2838878993
2231171116
181590929
847051308
82587396
20798547
874458968
350595289
322345186
730999614
2173370301
2383572894
2249506726
1050873745
726262657
471899079
2778968898
2675595942
1446389574
172174967
50355093
3025263531
2734702540
2244138505
1896628171
716492450
459575457
107932693
83678036
17594761
3731619623
3425887276
3253854205
2536540844
1954293848
175474924
21213649
3130317093
1873825830
1694406792
1524812599
620466741
22658189
27847455
20054581
47999622
46114448
22474349
302421955
33207582
131035262
2344211519
1652593748
1097773494
118689933
313140358
980046830
12413032
16045268
23602600
252124716
217804739
26710373
474967937
2443975752
532555648
2853478324
271145937
2785121655
3009665851
187227496
1004229518
1326798679
2789385192
2748741246
542062335
2396209105
2587878488
18229514
2535102894
196458749
27834920
20956102
1584529950
2391546164
2787384408
2476987891
1348324974
755391990
1269514441
2174183827
851781043
425024405
439884043
866496182
1383218460
990497192
739855488
491604767
1265575399
620886807
547655836
754107930
1960641956
1247331740
488464729
50742460
24973799
108758511
15473639
20172250
15942016
23408887
445838084
146162029
311052101
100255844
516591235
335055631
2747272730
36710713
170023430
842143333
2281259504
2693270983
205474173
408650208
52889950
87656389
273984889
18049298
386239885
338545569
14521062
778820143
345578496
279614869
526871737
17992632
307855987
2821307464
393941978
357417366
283746555
494889960
525783504
31418161
267450541
610219779
171014255
512905341
258960686
33098495
59386332
350509998
183850678
220935113
223416400
195419597
181912222
317700208
1108525448
133507637
126761924
129632499
124946395
571518016
17126255
16958615
132562460
49658746
612496685
1460016181
339722887
418884517
36938886
380208884
393910075
226011566
33123688
701671502
57076191
25168865
424241621
562347888
121685027
2411495790
2196546632
771841009
505851732
345478300
2556982548
306574437
233577279
16562005
15120222
14243046
106233974
88581667
23389575
142937787
95273513
94619081
208988759
2246165587
3240538529
2884216546
132897310
20147730
115660647
31720614
35846368
2469209605
2507503682
562813354
3306678623
2253633338
828588746
1219609934
1646693767
340419681
1350146838
3404692427
920682121
591159939
589234782
56440601
388833210
2327936714
116792723
707114418
2696735996
576086175
25531253
106542267
277884190
581161900
414983043
274476152
256018613
292031176
488733865
213334239
430712909
240633945
1114454593
144595897
1414074938
173523502
23571754
54743673
23611678
132847088
262784301
241576586
105441510
23746957
181234930
65467883
89426783
59540047
454517116
137129443
20234481
41658737
37949140
47422811
1140830515
725956688
24915458
233222004
245831965
34229633
21286807
30649636
20651502
18693357
18544610
15066271
26371180
14334370
95265217
56758053
17278322
14055820
31789905
780919608
866513634
517824041
1114070606
330421409
728688758
92241457
604416116
467551928
637087464
1379662802
602635605
1485260126
479935534
596435232
251045883
233521630
1694065129
580263294
219667972
116469425
577017184
19766160
197380790
63086926
539834395
2969344953
2535127932
2696192544
551698596
39957337
51467220
1023984716
1120350168
1398654900
176540776
2345198082
919860212
456762622
269740289
2694873111
1070315160
1427293460
1171325850
2534220527
192973828
263220711
194192566
122888810
140043541
141137711
397117331
205315827
122458732
106431670
94553010
74178354
59902639
46203890
44631705
24919799
21440665
18721034
15777415
16467437
14776420
14683633
126113873
861175488
2168430452
110826956
1089276859
492118148
2154127088
8766032
28453440
75133920
23140255
22953662
22870748
57185317
26267463
22694478
22530207
22441455
22399655
22334749
31537951
22132266
77366455
19126313
46686058
168225565
22042578
16145097
41806795
21968928
236852906
376790816
21793505
294010596
39233009
20605558
21747039
21279340
132139684
60862771
35307491
21208560
21122950
21093854
20810335
39694489
35306978
56685979
20750406
24110511
36054675
50867591
20570210
20406802
20382760
20249976
20135384
19920464
19898285
19897769
19889683
19744711
19657214
19645540
19644934
19370225
19348275
19344270
19342625
19210200
19138455
19015151
18717503
18638210
18620659
18611348
18568126
18526941
18414364
18387222
803231318
18252770
15232843
41599396
18165383
18095627
18099891
415228839
430878904
127912925
18071209
1769551
10791192
41602160
17918663
2176162529
17901294
17611906
17606004
17530296
17306099
17209005
17191463
17147441
3565713439
17112453
17089319
16935575
36732319
15934302
16687357
150699128
68647204
16667320
41359753
17383073
58389760
16661704
16595229
16590605
16476546
16460379
16405618
16380470
16366617
16340475
16331709
16207462
16183027
65577676
19478383
16126957
16122590
16108478
16053049
16029156
16028750
15910795
15887201
15848391
15824545
15726481
15703367
15220281
15039708
15020933
14863046
14762341
14741464
14686460
14606400
14571026
14517051
14327734
14324284
14306047
14290690
14098484
12781922
12354052
11884902
10056172
9328282
8972302
8614412
7583202
7542662
2952081
156671800
12432262
352650591
15137538
6169802
858051
361302333
160523592
59780450
19393236
104849636
46342393
57579512
110772878
98877698
23184591
40914713
72249574
36335047
59126394
2618
154614421
774576242
723197736
2731401072
153492935
534634874
111584424
71023545
17969659
16240525
620480686
370101469
397350174
98471763
2410911878
323496528
18911432
73880751
397306055
119802433
414680115
366129591
397912882
2283463274
211094746
20359366
309087942
347276297
404442001
412933559
29717083
252225857
135275132
2444052414
2993994029
199226563
407068486
1144882621
256793538
2561407350
2919328038
14600795
76060246
2821239209
93963880
580923281
2097571
14511951
788524
742143
101068834
87818409
224495471
748018813
1241258612
90901385
162118290
440719416
18999683
176824969
2458781599
384507734
436913317
1246397209
23103488
188852875
532857218
14199378
20525807
628765360
19596228
21077230
23841368
19657855
45579282
572225652
16245822
438540090
86977818
1046661
15987295
113146180
90407341
39922594
22803302
570988281
374726395
95221142
14095644
35315865
211376476
19042993
1352962327
299273962
252794509
28838219
48075643
989633635
2185084844
1732829419
479659166
15737554
105973401
165622311
14917754
1115148079
337886919
186154646
331803536
755452
839321
15588657
75797367
17469492
252531143
48269483
15865878
14328066
37759047
21034324
195538329
140136223
28373693
79783264
19826509
9207632
914061
34743251
44196397
11489
14499829
75069067
17899109
161801527
2248872301
21312961
54645160
5392522
18080969
36843988
15492359
9017382
14641568
7239422
629097517
221452291
559675462
77888423
20065936
18700629
16895274
15431856
15428397
20068053
45577446
16029780
17596622
3459051
18713552
59460397
13479052
1021661
20020647
112728024
18335940
119073765
16568116
15015421
14371873
18481646
48564118
26858764
15726728
30034124
48463418
67283363
21654739
20608701
34960648
25611008
16666748
23962323
57484168
26250872
20436059
18192818
19028916
22708797
44783853
146569971
26810542
816653
1344951
14372486
19661363
621583
7905122
38828294
58431280
22419487
46959037
168987151
395477244
1126143913
321029318
19178857
38762773
33773592
128292609
22931893
18655567
11317392
15859033
77907514
15684633
611318385
112475924
303804147
185716178
18089292
29342640
17042078
19808176
72842277
14043142
31443503
325719227
134429434
47336791
31936449
19416598
19843630
17567533
223442231
15484063
17051344
263695739
229050554
185280748
308151547
17108182
22091213
18478452
14441143
15810838
579299426
84653539
47359057
13691782
14173097
34554134
17283244
576559636
17043655
19886347
415601652
20928893
17843175
15480686
21423021
232294292
39721543
41859177
352673744
525785424
86065887
724157263
274567177
1266281
15099133
1184354442
12702822
27978241
38673058
29354944
75927392
997629601
127305588
21786618
88392301
146123790
384923143
75887588
20523099
39234189
5110861
316327930
305135655
18985501
20542737
16629477
56564230
216939636
326912209
16689804
318063815
15500649
19802879
29912873
66162716
15165493
14807898
194347664
27724771
132301667
24296208
187909268
19053113
17385903
21611239
260211154
92614042
20779255
22272053
28543386
230492604
37710752
594666501
11274452
46046512
86626845
17997789
52488565
233364902
556151596
19512493
107225267
8005492
84351228
20280065
116994659
19515424
4620451
15143478
17939037
19725644
17248121
19722699
17471979
19402238
39530187
19658826
32372834
17089636
9550482
60330021
55388565
52393260
49328534
46790946
46075308
44687734
39451174
34717390
33715192
32624460
27707859
25774136
22839233
21218422
20198007
17841678
15871746
14376749
12915562
10635372
6480582
1169321
37563
2650814664
903253872
565778690
512087893
437591452
275683462
297003395
238095043
214615015
210787605
179288656
155449120
153992365
200456671
130169306
104044614
19022161
16885539
800562583
623226593
242375577
142320786
240186025
586410627
561750764
531143905
518611338
350424151
2904059188
433664531
496094137
494508400
482163835
473089502
165367317
472057669
575655913
107174526
18608758
456361953
417885365
403530978
115039678
389033733
392153599
376155979
365941621
375668090
1142760997
1022028618
1006903940
992349470
932779740
912803143
827190372
841497890
2833754464
2517897888
2419840728
2404767650
2382688813
2301503909
2241108109
1732599787
1966559934
3226122351
1936691288
1886909492
23798638
23395072
23579478
65007412
53560219
44724477
44553548
38683025
37172065
32340834
31618599
29179882
143761668
821877
819284
818109
818340
815875
815233
811384
811377
810672
809487
809309
808758
804775
803912
803583
798047
795448
793681
790852
784885
783732
821845
783092
782931
782934
781121
774066
772097
766347
764629
764365
755991
743873
743763
741803
740343
739743
707023
696113
678403
668563
668283
661173
657443
649713
625753
610803
450953
246103
71123
68963
64113
35993
25793
18613
10297
874
2837967381
63072063
15389918
56738142
19401276
59761280
20779142
81812518
3299767352
19910826
34934712
111259322
19397548
20427406
23055105
19760151
12134862
15916215
23426889
548655682
24723695
19179395
46660070
15559763
17068001
23047428
14743052
223856150
229711796
206071884
202968431
538926991
352355136
1410437030
425146617
425178190
223430081
472929211
252074645
360821037
20674287
183223458
1120799718
381573739
2507111502
36181313
533158285
858613057
3191292237
347188522
462330023
356186504
394023839
25524787
33495442
329762114
65467957
284156096
59103212
393972233
463005972
419544231
126705042
253588542
96163050
95984800
83836041
82348646
81099001
54856459
50297939
66773314
65882276
61531021
57341938
56594187
48875273
36552960
35750107
30500021
29775575
27188645
25699393
25086747
24200201
23089963
22032096
21428770
20745130
19433729
19333192
19435213
18917091
17229972
17106144
16589652
15630100
15353398
14444671
8447862
2985976599
20520190
20386697
20444825
19648518
19766166
19645781
19258241
19244961
19070986
19004299
18906599
18393495
18059285
17902523
17865117
17851886
17839622
17123434
17794723
17053097
17026596
1113541
1113575899
15468474
15425897
15154811
14919424
14897792
14889683
14702533
14563616
14562968
14346361
14129586
14115207
13300562
6111952
6312402
6538492
5713842
47293
56880352
16722822
16567934
16511274
16271468
16174436
16061930
15672728
15587398
15494859
15496407
15369506
15290966
15276911
15269609
15237935
15184365
16928656
14946958
14796764
14850642
14764833
14673927
14641095
14579415
14568034
14526679
14487859
14336833
14239043
14104401
14093153
14077148
13216712
12241752
11549322
11266052
11251842
10162032
9417752
8966322
8567932
8639402
8156622
7431072
7160462
6621172
6026352
5812922
5552402
5429882
3554721
1693811
1477811
11114
695043
14813
8707412
7320172
11797022
11799432
11824072
11717102
11669012
11633032
11620892
11483762
11417572
11399632
11325252
11297602
11189482
11178672
11177602
11096662
11051392
10975952
10950512
10935232
10919672
10838032
10799642
10776522
10748252
10656282
10634442
10552072
10465092
10326652
10285352
10215212
10168132
10161492
10138872
10021212
9994932
9880292
9732462
9713992
9701772
9469272
9453652
9429482
9377892
9377522
9237012
9212492
9181042
9169072
8935052
8845752
8814152
8802862
8789732
8746052
8659842
8518982
8515342
8504952
8435452
8285482
8168562
8066802
7939602
7866922
7790952
7759502
7746742
7718102
7711982
7703052
7500422
7404632
7395552
7353092
7334462
7324432
7237762
7158962
7143732
7117022
7093352
7035722
6886792
6794502
6705042
6660572
6626372
6581062
6510642
6488302
6417162
6385652
6360712
6298042
6170642
6134682
6096642
6094772
6073502
6039832
6023052
5818492
5737792
5663722
5368022
5069361
5059941
5051271
4776141
4666641
4515151
4408501
4233671
4046771
3795281
3778501
3754961
3776501
3355281
2632531
2497691
2334361
2331061
2277901
2257911
2206871
1970611
1995451
1716121
1717291
3939571
1489691
1000311
1000921
793517
739293
724783
698813
650543
77063
13341
13364
1274861
1158371
171091691
1454612790
358741062
921396571
1208766512
2602745059
2579356630
2380120524
601485194
1248958062
199649727
2742141577
2851553476
1619993580
1460645071
2172588301
3036140037
63376926
1387120801
2838438708
2912596204
149902309
464696152
2191174986
729178225
2754204194
479475705
822042770
39237580
2936660970
3003821512
387769364
411782454
91739685
301579658
95978500
2835899814
99095551
1228526460
2555970785
1927946894
1594592623
417633254
197507094
1613178841
2303172691
387373632
757592383
1372442995
1961100900
2799998857
234881576
487594694
605336312
119684618
3336657323
403602189
2803378135
338562988
1063705261
136217455
151771777
16191522
158398564
3305580032
401187757
2175866180
1213352618
2408818866
354220629
629128211
3133804127
16504684
2826759067
964516957
2809952275
1427245771
182662096
281328620
373369014
3309747418
15255349
392384927
85125367
382393
1545879336
2577182772
2284394528
986431525
1685911927
275796081
126329620
51188325
2441518224
112991632
1965594678
358855743
2222280648
703002667
1977796844
775914702
99221161
2721146875
3170850466
79046385
2904811810
2322807787
277943282
2805525677
509273285
2435175219
3111662784
479335549
552507154
3009807900
3306477501
584116866
2332403546
745944278
885716310
1868747808
21480891
1491857528
1944956516
907358906
3247983944
1543286298
267913209
68203837
2925679297
1569426404
19296759
146375410
141070240
1476899766
472094609
345645695
116260541
2992991654
177519732
1574611238
23070093
113732675
3133641235
906162038
2519762810
2162987478
927419629
2864112492
140426912
2208443448
1889068274
3235622831
2821217501
170250614
2448116774
2282170027
191553031
2786554296
1732997234
311069742
2179709846
608202517
254497239
1408900110
1560211334
325915393
3121503958
2825639473
2294710622
1015038648
1652253816
402305492
245654697
1951772461
433593080
2544843321
3224288807
171370360
939751422
1321914372
2575150026
2549022775
833227266
150966003
132564948
437222861
495583073
2726571847
1905042254
2877935903
2550226802
397235255
927892405
497290210
1161816090
139566682
3116810817
147943640
1416646166
3246287337
405953138
457723527
2770143649
3449673255
796671578
861744980
1427597528
913497954
202743652
3353063825
140796640
2616191454
2852888786
238194897
1097514060
957882476
2188802407
2412316334
2611407307
213983888
83880667
883039700
1285111603
336005656
890435582
259297964
548489487
2189777851
2279510911
932673204
3407257798
2364673950
1259538727
3510211155
3277981860
740584147
3018237439
2848795260
1552225152
3445189401
2826847104
1912406990
463358820
399940852
71214185
163413827
1961947986
63442424
1550093540
2329912520
581738847
482110681
583681642
2358990619
1958254098
32429483
2866011795
2727292038
2419531522
99699432
2195125039
1553835408
1018184984
2769067991
3070981577
3370477852
140144853
2420242392
1315014200
1923214381
1868020064
1345951482
1415311117
59605870
2877972574
3151906254
109520177
2830364305
22678152
3228068204
2247501798
1198491660
257234839
101978854
89715049
2462332272
1274255726
2337165595
907725638
369103850
3223884490
3013963882
3118418020
2457861128
2866091026
466636352
33200102
2373958050
2244186679
2377103532
182226655
2604314907
210571585
1119025188
1676612834
259598659
43320538
1605352219
1115225924
962730127
890073234
1885592263
1387870248
3283642146
118934094
274786484
1551005833
18805022
2208534751
716546017
2922093251
14441354
311788627
3199975755
2448866305
2654029891
271156299
1161483006
87929258
2832762998
2331192834
2356378952
121437821
124707550
891010303
295956777
1405849178
3306827655
275474039
1135473787
422209206
3058568368
3179896702
505684195
3160969386
2573289018
2413366646
245520753
3307361606
3222184982
740997325
1416207589
1262009077
556844185
48320032
2800135234
3397134539
2798292542
2980732640
2420055025
177000999
2813897383
2413201746
2370619405
284966263
1958448007
174757598
2855320951
170771323
1284521965
1265812212
3306369480
1250366328
1635222104
1230741895
85243457
1849205287
237432120
2999698276
3096641072
2773265070
1500587023
2449046449
2872509723
30706856
3321242884
222199293
2249073102
212064408
2875390205
241203677
61872472
407161522
1038721806
2154848054
88761200
2476008026
632802787
121822727
405557227
1606636740
3254819988
1131928177
607619049
157806495
2937226914
66769852
508023953
2680341006
2184656786
3133411857
1158560454
1979115469
153612948
464117089
3005238341
630479699
234296135
2890817056
3207722259
128880136
3376197045
44207288
480080547
1422952027
851816377
151879594
451962754
1194977126
1107189619
2654031992
37752766
17376218
3034214643
201239379
490056323
2352078128
219668158
142654552
1546977270
529389246
1937243048
365002580
1499088811
304928205
582161546
195453838
1732306334
410043126
20446182
253279512
104786280
633002065
2482348088
433542250
86876782
1489776218
91644096
63893446
15285194
1912528314
61004045
2803423265
2469338137
766384909
70565865
1969176980
2678923807
50956665
55305191
206593448
448301794
426080991
1551017384
1112211
29974982
1085563848
224631899
355714892
15117554
870173466
402875257
196233238
916595424
1307614093
1580178073
163844242
11348282
86292908
264399952
94509573
596603972
20507623
64353992
205195655
454952766
380816062
386168615
77287465
529730279
256890931
19767193
28567809
14085070
21576334
15110431
17918545
195869898
6612402
13787402
8963722
39522692
18032441
21581503
1435461
15460048
50277194
19837528
79321561
20517668
41652399
487833518
15234407
14395388
106204010
124482911
17093617
263768986
2729061
16817883
11069462
144972081
25676709
10012402
206255645
29328707
111305843
107391777
17462723
17871298
20342875
46299743
64017773
12984852
119401334
96102210
27596259
88914175
12819112
151991364
41561657
199597866
158378782
171753220
14647570
26268870
16649758
248742334
246348124
44418062
36066745
91312237
20982118
26748889
23575322
26832834
15862891
