2801732195
2149191660
4001423507
1198229096
50326055
1234176577
2490663692
3417324821
512392886
2253433082
450652249
2244246086
3549644715
1589376188
2845891330
59495548
2932719107
16084102
20103834
46114448
48404168
3380321897
14923
633443
1147031
19819128
26327966
36024756
42329259
109106637
183575679
252245569
2382712322
24678106
812834670
1106915016
2617512692
15720324
3373977016
3232243645
40182630
14091091
2734713482
1405044061
2789742375
962997733
2644457147
14807898
2350649130
2805727236
2433380310
3370769038
758758674
100069653
107751565
1230460638
2898555751
819384343
3273383719
181914781
1168142125
3362265471
264914367
3334394225
2385241033
2432526198
1958460900
234947344
3002856221
2154127088
613281466
3306638471
1246397209
1520105341
228586748
22911650
2590259335
1109082601
822338022
52196137
28567809
3189001238
36335047
29991856
3220933026
490550618
3177505453
13403302
219606488
1545265398
407779451
82583783
2306472734
2338056775
2201407176
23742038
14283326
3246920908
296712580
20478716
2402009862
540754815
16602000
2239931886
118422275
1023072078
901776655
2590437282
210341321
15490127
19360666
45555864
27143494
2612253007
570261432
2919851922
3070112081
2162905592
12381352
2937071
346497127
395209063
126068081
3066144004
53920385
24537736
2758588703
494348325
2297865030
215420646
2233489694
14689236
466984899
209180127
386524555
21007334
1557315432
436885733
14943974
2996376605
311603420
22735426
16391453
92269871
376019079
100591187
542749187
2904264497
2902815927
49344076
2829416237
2886736417
2849703191
1382326706
295111386
30932240
2686377187
246877444
2704025377
2329676395
309043147
16557883
399446419
2829451169
867842876
1264547191
2865371853
500368859
2794042491
17082745
130836534
302535340
16642108
133350077
135441953
152022144
407141780
17963740
135497629
109732544
708861062
66309415
40444555
397226651
2575338618
124450939
101155539
463414713
566549406
1395661285
2783671390
2161243633
2770419799
2799921530
66964327
284582025
2800364413
408376185
851068448
90839312
2402497014
20126211
338941617
28434229
390731779
2487853952
2477512142
96121457
540847745
1467285150
26808974
177684507
1474971558
2563949975
2545603477
23667725
20419926
2158361220
2524825386
197098194
302886042
278392394
312682186
531045394
7988912
390721007
33874127
25676709
37451520
2289824142
48339714
213631010
2476533262
398528660
1469218118
25070192
35888367
797827879
91651447
2438782558
462065550
578473908
182555176
26508367
2165843324
19557266
11417572
2315578110
341796443
23032536
390763447
632538212
267324132
54859056
2419710651
95146289
777135943
402875257
53560219
621835593
2391328109
409154376
2275196430
20325888
215244619
2241108109
370907274
14757554
358854703
28588119
1530442411
1361833632
343018077
2246304439
84395186
289999571
2291347014
355883433
316548528
236517503
1039875356
782615960
20862478
564855281
31500394
19668775
2254974060
1229638309
264996627
250656040
390159434
16275266
48724537
1235031679
28628202
1479694620
23425713
29195744
758076542
262365030
1889774671
46300208
148001265
2240306478
135937416
188423774
943803062
30198750
73363982
451751624
14751214
272946649
1097741347
1336476205
1954023469
15487158
295865792
568424921
1891806212
1552637701
1722650852
568069301
74724779
420574055
19344270
1307614093
6169802
1489776218
18838624
19600791
1860665467
146481375
1211193954
2203488798
105075809
144972081
2187053278
2182250093
2161434259
1316552491
235194866
96414651
831004808
921636588
807665305
1968860750
1094540586
107236563
29340609
17676195
267541336
109284665
19948426
1931892973
628670822
318912403
707599725
86493795
85573365
87923613
79162578
85319022
1412949415
114142293
874665812
29093157
45373841
19772938
227753217
24375382
52366390
321867061
239255514
1411135812
148815591
1614662504
355032358
257785816
22750673
112461674
1040758742
31936449
275983996
33501843
238636679
1712322919
1685908440
1381484306
492248801
111428431
93348874
991600273
17199887
78342014
479661995
131170155
62325140
41562632
49068010
235893096
282741996
127003086
520433517
17867604
22562159
20605327
93655345
304846135
1605964278
818581436
91951516
970154557
112407307
19920464
350424151
630144832
575285699
1550620207
1435074373
383161221
20142273
573832317
16174754
376155979
1513221576
88428517
14229400
152862026
1205345400
29396042
248204256
116867280
48966898
33859714
823089373
115395687
1241433806
14082692
269724014
254472515
607281049
1410316838
143266238
64017773
1399195818
393254635
46342393
104849636
143629076
606934602
215665981
19197134
712026258
286126538
64203497
190195994
32349272
68375541
806393046
550448704
16465385
78887067
194941124
291059103
18884088
134492423
951840618
111614382
165367317
318053222
256793538
398066744
856471832
429169198
532248640
621020755
1017672960
71210524
297460701
621413
461099519
94647303
292277605
16366760
556992335
184931891
17843175
59257007
167989139
198859309
19581702
87223964
490056323
19657120
636570073
186748702
65626455
101712079
120730967
369468391
93691835
67713333
291085537
323946215
264124770
16549460
23682830
868609854
14800651
216356099
168547329
543219458
410743454
897921452
914536219
891433392
323800792
60898819
327016927
250017998
312637970
773450
16434310
21997144
93950513
41150196
20006127
106580083
63676369
318976741
887721025
453495437
257482404
338941467
121557269
39965213
65007412
337121402
19776354
25678964
212299083
757702122
380816062
839468576
22272053
52327895
564908382
296416240
558610612
538485025
806617046
545422185
245682624
299306689
234823120
18638210
206661388
21321563
482152081
337719507
65743442
390368948
25671405
569734172
112419076
23007083
358862836
37004986
14138593
92125704
68216633
22997641
235371654
700118168
303763679
50014224
96102210
29460483
140956562
83317674
96944232
36059597
224631899
711416845
87198154
162088304
90370369
260844627
210672830
320210499
176024190
40882910
381573739
636567908
636803733
634958568
635593684
635570882
552333963
17251787
72510146
51698728
609070280
185571154
606317286
397291963
146813134
45562530
210787605
112786942
501836993
145936590
246278365
257057066
189949522
228379638
46743752
321878166
199247233
141014920
20779255
5957992
45580925
201522558
330858716
481159349
78891959
183548902
267305037
398643536
76956597
327018096
140781979
48371431
16121402
544392777
15249699
417885365
14567800
123522893
182530815
47756728
16667486
454724555
538714687
230944453
351638831
279638885
495498585
17989707
15273272
146978606
338915811
41569866
1248601
16172894
90146016
126255011
25259859
59126394
59121150
475020590
4894431
274431472
17856025
19785425
1512291
274388734
309153127
169633285
96111619
123858892
260211154
414386799
22238493
407778455
18975155
65134016
14499716
91131784
217227849
303792116
23184591
129477896
319770079
107783
31078420
131149338
294692715
61777883
235364173
29462444
1331551
21285557
23561208
296433450
58235603
37063745
5795372
17083959
153992365
268830189
267815003
102069506
222959095
20535602
14741250
43199901
14526679
7883242
215066622
22419487
182543839
57396107
21942174
22686304
27899688
18979543
112017535
86390762
14686282
26506721
25692632
17462723
28555391
110751834
228702590
28565190
74568958
32427234
277167523
205144389
107174526
35315865
223261481
16556746
200456671
100030562
41377590
14568034
61306586
39582797
271156299
24583403
201239379
115963709
85713423
106536630
61280312
14962567
18589743
202968305
111020569
16325864
81773418
14875890
30005585
155345300
132594097
37409635
10330212
20361904
17221246
59221014
15276911
13332772
9380792
130241862
21994103
137836269
173492957
58756672
45001035
8510252
53381779
40221991
87569989
7431072
71291461
15084702
21987362
8266782
149460258
27210534
23748491
74599038
15862891
2443051
20138728
155389749
115039678
15122104
108681110
29024460
45341566
58569704
180960841
151774839
17728231
18033871
6073442
32977350
42078387
34232168
15132914
16996407
20050746
66773314
49793
32372834
7079752
136325501
146321437
25743783
258947612
14000542
41383831
136532538
236037145
21744308
85906238
19033795
19256096
21581503
16110819
19241553
617133
33249457
14324284
19837528
41561657
16629477
82336717
17061155
14085070
50294945
14834878
86390214
12819112
20746400
34222024
123582098
2444351
8842302
22462234
14295341
7973282
19512493
4620451
