12378512
787759057
731244888
158198443
14562968
3654847993
105278536
514806103
467580777
313939160
275342006
3082998820
1368571
3118762332
13251382
283513836
242155735
27031193
3285680335
3332703767
20004102
140646490
17054817
341832630
15173146
2768055348
980444833
1158733934
1685908440
1900944043
2167059661
2154127088
45923583
2507638392
16852067
768404342
3334394225
2460368252
390721007
463414713
519564222
1551895849
1405044061
10402052
2437069243
77827772
143086518
2802558480
3177505453
15099561
17449636
458434332
111392593
22693193
35263127
3237529534
22540575
1614157292
379212448
1555283683
17814938
14100497
20958216
6215712
1301711640
970207298
492248801
298726408
1325200380
297460701
806393046
3070354903
544651803
43848067
2313751399
388850360
378259736
2820333649
288325815
2152710867
399158662
2873928633
250691008
291085537
141339633
3041972073
987181214
369574945
2487853952
16783139
1608906158
28207281
157449978
225349973
863444443
23576240
2985917306
14985228
362469319
322837238
2980978879
2981923861
229711796
894629492
2472985753
1666038950
297563053
18090274
32624460
16172894
18608758
61315211
456361953
15154811
2354129551
2841991235
564855281
237409428
64456502
2316877309
390266289
155230346
131999950
234059290
2288889913
1140295447
117360280
118266357
438802417
2562724922
2440472432
2588193673
15926695
1135472480
1415678594
31448660
218892908
41914619
208442526
116877838
2869062779
55388565
1692248610
17645638
2806400508
2463348930
493368043
2710580269
6977272
2375288959
2826832092
15366875
765548
10054472
14539425
635833627
634112471
166165706
2800364413
19766166
239255514
109732544
281062374
931450722
2284945354
2557915058
804082753
124531889
2191109263
20426271
2165843324
232160423
1422112988
35337456
477189768
2365729350
854581958
2511477648
490372969
9308212
176883031
8842302
1949299478
27870145
21234787
555580799
23962323
72644227
500042487
2474452219
195897346
26269076
1305940272
1414130274
1565839604
250121453
380816062
21576334
405033226
166948921
137139925
23803504
502127597
2158831501
48059237
296300255
1514480461
15575011
479856619
1115365544
755419584
296644509
2342928961
6296562
2315551122
38372813
433967859
1181152950
857231959
235893096
390159434
128956175
862100563
240417768
1552637701
621835593
434020661
1425644274
23007083
29340609
370437941
2180593872
20142273
425539276
31936449
470401090
1222964702
1571090821
48306404
54667170
2151642318
306988639
16640235
185402175
760065560
164661229
48339714
173835882
17024400
7381872
376221957
123858892
1547838528
309043147
889711705
214276416
725323
77266639
14962567
177729631
152862026
244991150
14126701
564989934
29862477
109926015
1550620207
1713993566
639643
276573828
1234176577
365014318
234837632
404442001
42558652
28838219
41592143
1097361890
20272531
16608649
152889033
337945085
11595422
16067035
17106514
370409954
271767796
14085070
18683406
18089292
634406525
171221404
485244552
47198234
330101315
1339835893
19416598
256793538
27924685
291824300
493533362
856471832
1241433806
17045933
14741250
80273245
38633165
1128132072
2385131
32615991
186141032
49832877
127024131
33279328
22903419
263724774
778427430
136325501
281031538
1345431510
86145856
107174526
200634860
575655913
298217609
1322630791
1321078664
147786817
5714432
343018077
110630743
384182912
153814910
312169147
11317392
34552656
32427234
374378875
14943974
15423006
27210534
310310316
267324132
538230957
16484374
4062791
16121402
575830987
40325876
485924109
199737585
556992335
386617244
494508400
262012549
37541242
2360
37004986
318053222
496047389
810808380
228015307
53893339
113740810
29717083
562328466
490056323
325138382
224631899
1135113523
1023731137
115494880
48966898
73363982
334263857
17899109
782615960
571902552
495334428
296624994
245545600
600014032
116867280
29575969
35381635
575932743
14628195
454977993
138473180
558056122
14157022
52133120
15684633
94569565
76715323
115710058
186154646
16843817
19657120
618201967
700118168
21506708
325452720
466062053
114142293
60850960
54645160
16017475
495498585
8510252
12984852
162003169
243592010
922238588
635123740
16649473
50325797
140781979
577178402
39282190
14052466
495517322
113897988
130579391
580411725
713648564
63873759
12286942
19064452
30861490
340333435
813286
36686415
96253785
75079616
768562657
22741656
87997689
131498466
52584039
11778092
279170043
19668775
562817107
543876839
178954986
13334762
109958517
14667274
363210621
386869663
23680913
238568295
82985064
20971256
56564230
65349332
91951516
39516266
93494670
18948541
228586748
21895786
22353109
10180222
14245811
14313922
4531221
59257007
543700209
587071773
191563802
8779352
44438256
567805494
155651779
95685725
578473908
16939942
242995307
479447652
26817726
15263884
14365634
952411
1435461
115485051
208988759
28662158
50393960
69133574
216793572
177005581
26616462
320210499
16556746
25743783
21423021
15122104
39522692
26832834
406014990
492806249
19725644
19843630
35304791
149736177
62183077
17042078
21285557
19297751
7079752
245127326
143266238
13205612
124237063
14824849
123169285
20361904
12819112
20624794
223560830
111020569
397764090
146978606
314758565
15846427
14109167
415292241
19348319
164353656
487833518
59126394
439408836
212299083
32845955
22462234
86626845
85906238
19767193
67003972
58389962
19406070
237811331
281981329
146117182
16174754
50090898
235261861
15084702
14800651
29812651
24257253
17221246
17338144
14897792
293616801
230944453
20444825
59855448
7973282
19837528
58756672
130902749
112017535
17047208
34222024
5392522
8266782
137836269
59221014
24583403
14875890
16656236
22023030
17402097
45373841
71210524
29726578
19313995
87569989
32372834
74599038
269700525
37732219
183548902
14000542
30005585
39694489
283594148
35306978
15804774
15060148
17083959
7431072
130241862
115039678
20746400
82336717
21237486
16629477
14324284
95245460
14162706
39351968
18284047
16960160
46300208
15862891
