34089646
1239565723
3001202253
605624885
561168282
32392926
60813201
3695606775
19426551
19426729
351231496
471741741
18839785
1314433764
3318721967
278827204
3308853068
238010923
65386939
1421379786
125341608
18172905
19914859
479813224
65606085
25073877
16870421
107719998
831889398
3378377920
2351806086
2548350350
2332237477
87778228
2704238094
364830542
19649135
453893556
169987517
65587488
355696940
27860681
117102398
119958687
175419756
138372303
284944250
487118986
532897985
262555784
116799581
127625168
487736815
30257834
23061375
57339160
169387281
214821759
3072681813
606582227
634599390
139988385
1731878023
46354706
1154306028
84016212
259248007
25979455
2948967562
49632982
24312877
1133976876
63783047
42927636
15745368
222455330
606872678
267399199
27845025
277169830
121041518
594594972
295543069
2915531195
219369725
65890438
293971992
990775700
41244035
458274726
132880407
191849753
493365529
88358903
1629810506
2301252554
33388399
45182880
36670025
1152279248
763207302
1528830962
110121475
35206251
1379223859
463248390
28089461
1582688532
286094097
173106895
216299334
1409846988
19103793
475668325
1392809412
262573891
78525538
100708381
233953901
1400618798
28497360
109220563
208747547
269780552
157011426
20521828
69258379
141240072
339872087
168127554
83876527
2167580387
277540407
56960258
246247684
1308555452
353210929
115628224
1020686306
346575516
2195642941
1267382833
11680312
250024481
281389691
289830930
627799297
890666712
568925428
127498132
105382622
1535094565
31083211
428333
742143
271505240
5402612
585372692
1285541611
332032842
339789356
621673769
16712223
177265607
323216653
246841572
710731850
1422720414
53037279
705021398
552869469
252479319
300789811
62446416
352439708
377334547
22754762
39520708
96399121
117685967
343326011
92731878
68382599
20087934
115141256
237189703
70394965
25985333
183165874
