29735775
3423735975
168606911
525893577
379356101
781293
1110105054
18094952
6621172
36147045
198494684
309043147
769621963
30429590
2848376055
17126234
2888366337
49793
2372046798
1965677712
899998736
21755787
186154646
399647699
60959527
400152210
755239094
2479789014
1498334178
266624130
38630406
2648180592
17899109
861136406
7294322
2589070128
17396170
1241258612
599393705
94596289
199247233
80655195
82985064
72347833
1080197306
22636185
242539525
74987950
1412243046
71543212
16331709
95537682
380955286
210965315
566405239
24057172
1936979389
15537007
45586617
60196700
65375759
476858872
1882272828
1294931262
482500305
323683150
19651853
1291000940
2603889039
273552883
36323407
1489776218
171019742
71895158
19551341
326563809
419084104
2339414239
193009670
119802433
34863269
1290156044
18579587
450930862
15359205
19864877
547655836
90849797
77809126
186550485
744985740
4004901
326071221
125306362
569921322
283149384
51692596
342089536
2215067640
14290690
54528491
2214285223
32624460
2258911
347161664
1002014071
15143478
291690583
402875257
43104516
423109364
16003760
1242286285
1833561
124237063
707512656
487833518
325100970
454952766
53560219
104604540
166623461
16033120
19722699
572036038
39234189
333442035
86292908
53082555
34960648
15808647
107225267
83500405
13982132
146105775
15460048
27081406
174740894
143878632
17579431
39585367
8315692
199624978
275686563
1000228238
27596259
32493647
17285007
124165099
50393960
24873392
15859033
41358714
7215512
136310943
84145876
388667346
250103509
65645543
23771696
242003048
717313
74474794
20280065
21308466
17213382
326844718
126083411
19078387
326195345
47304310
71658533
17142046
15164565
95428712
164736263
410605574
19178857
141525305
21218554
18985501
98601958
15009735
16017996
21581503
44196397
163423981
18994661
177005581
34743251
256205589
5988062
14973943
709313
22419487
287309941
28543386
87410067
19658826
56564230
46959037
259401680
18036441
33998183
307781576
115637846
14514804
88918741
17093617
52756059
70992330
104786280
118983660
17062849
13215132
91815273
94818435
92522167
91391619
14539324
18016921
46387692
90472198
23962323
23575322
79024978
19402238
16649758
19767193
329600057
23579478
74599454
17054817
264124770
57944123
19062483
45341566
289393637
17939037
91143053
31443503
29912873
16130330
22363802
14043142
205195655
1046661
14647570
20148973
11348282
21436960
6612402
20774514
87161871
15234407
26024010
163573983
24876649
14677919
24944298
1435461
32729442
67283363
30034124
12819112
17089636
79997785
14085070
15154811
15862891
2384071
8496762
95869752
6705042
17248121
15110431
30331417
21417687
259771124
175691292
17371549
122080635
253280416
230492604
20849273
