863405239
245081776
1341305742
15735744
3098755119
3083152647
22635549
846899341
494234942
28136194
78905469
347795256
3342665458
1278091759
150993347
186742384
7400692
36384771
3431494744
237926777
14629515
236788292
99170971
150999330
201428132
2858807777
92522761
2859976223
253362295
358195554
1652460752
128493686
40079154
3031133291
52016479
43194755
110649395
517397218
41572208
156657414
21317714
2993955831
222691723
576253602
25267500
138471877
40843590
216776205
63525135
467507215
183188959
48108012
497353176
540894116
919283569
1562935142
66343966
99097612
163449158
33900164
407693480
361241032
1689419970
480758102
80406027
534284918
2432269650
21759987
58532074
15227791
2932131761
2812768561
1126867837
81371986
301458415
29759342
127200735
397448455
117840470
36414454
2573718225
2547936181
15207916
108713478
273396925
882254803
146772416
22650211
20631422
500973788
2831694194
113094578
16973333
539370707
138749160
386654472
20983452
831125916
491238319
54886503
2433146013
283095168
18332190
193729917
2369030473
469114068
262190824
226691563
1734187579
2535677376
2371065662
177142707
85077359
1076787788
19152541
2432830056
2168965856
508857993
20508779
19477583
36909344
360684373
2362916395
158004446
363561760
19424427
1008644030
82074137
181750109
20329672
1722893269
1171826971
38142380
379090881
117177584
567213201
246357691
90431665
60848567
1618550274
80855842
218434030
843883153
20304153
424403879
257438831
99552718
17719003
27519690
164218983
877356558
21212356
30510154
152696429
952354898
382032559
1267893986
297380693
14335144
274944236
461365902
34244178
163065838
21381940
183795391
964307197
898313514
30628722
181922869
14955353
571222290
167345068
147589629
142756647
1488403602
1020058453
38439578
1608571856
270448974
18676177
78042338
43269420
20241783
24173809
17469289
6107422
183585551
86925202
86271665
6017542
220776866
89483276
277165873
1260205549
421274906
1570248793
22006885
48045825
51674951
15798091
46406454
18370659
38638327
91065432
17343262
499890158
85072628
433389743
628304024
56986489
39965048
972180595
29426700
179238518
1248768439
182820221
19282280
380648579
221076424
30021645
490364148
19784733
308429216
28978705
35749197
352266508
59490293
844020306
372812379
142798745
21209392
59863154
92654560
117786984
22759674
23189508
446999331
278475754
297982008
23832084
38720436
55215084
102480261
300348359
420300131
897971516
72419202
410059729
19878121
120432520
369089278
300764814
608276884
945466674
108960856
19148030
53660409
24199184
321340646
19762524
93383829
33018114
65329803
41110491
19719076
142681025
368240745
15012486
2883841
34655603
223846292
54892956
420348059
20626359
20812273
556687853
166076750
36439939
42886079
79504204
603958088
326188177
50278507
304907672
28333890
439110053
78971010
77502895
464181599
42644368
264200662
116783520
420237469
242744737
222737598
607289206
87451501
566614255
62466343
9972662
243038311
532265481
156584417
559613075
543513093
355127118
22611918
281186188
319008182
26375893
223859851
126615922
44982198
6349452
255788997
271465207
131143780
188263016
207956911
24726389
44234027
159129134
25994888
19902402
487400965
398397149
16888012
86707721
156986319
42876643
158722006
15066760
21313105
28124259
229045433
21321909
313402909
32437733
130499946
307837355
20425378
301359527
26480358
39584392
21199743
114779087
20451904
44356998
807095
85188843
58298314
260211154
35749264
78567687
21387574
90499056
83658970
17615389
72566288
191028228
22145790
82312386
14186089
14120576
19650634
18977420
41165126
37447610
115961344
40875805
119437449
18296845
17810254
649943
28363021
65327369
24688485
180096071
190700377
173807599
19818494
132457813
128216887
394556554
204295209
79699393
208019751
334767152
16343974
51241574
116757352
19656975
34918353
22622572
91089642
108989108
60375526
21866939
99560384
72346383
7744592
176486829
37903438
270064609
200057724
112698096
5402612
220426702
22647845
16672510
47583067
62469990
93434667
85818687
123383167
48306484
19553548
27613071
27519184
8170292
21182130
144112800
19764472
35716374
84087313
49342510
83828959
23068217
36452048
34321294
57280159
14332297
15288851
14755475
13201312
