1494562807
17625121
2355353920
362862324
1419295266
89333571
381256644
17827531
336212080
1112662999
40348052
136009299
3179712696
344478125
2834290292
34720927
23121136
818812243
3973207694
131618740
271710946
2895213578
1195006160
2330393828
350678261
381321327
3301912404
543085961
49676645
471776879
1688735276
413233598
585053481
605556809
3246833910
313486870
395652609
450268620
3587945714
574526959
989564262
113685351
373136218
14325968
99721059
3510743233
3352314340
131234658
3386921905
498456385
150482442
3009652892
570375175
346201300
1684533302
414312144
734087628
176828029
582258455
34420728
1463922062
15885123
1442189172
2219072918
363347478
1209707610
1592209032
749955660
434417565
2566116998
826564826
181403503
394844576
221772145
328738912
451241700
3194550678
1170542262
328735866
312782568
50942609
45062592
998322662
730067160
3325029879
560630512
55020791
275373673
333637200
236175357
395553138
14507407
473118309
32377359
299100545
3411310030
481559870
116544953
1921213932
1067204516
321506481
81957674
327013684
28496774
22029599
22930958
1034176098
2883318934
3270410766
41606452
17639003
590995012
185503272
547170102
546489805
262832708
338734734
885716226
291123275
214501225
1235921803
346343751
3222706356
1368750348
489782189
2452026224
1104281263
169393263
2792598338
81157178
244197643
270603068
756227124
1287278905
258145053
359723135
234614049
406671523
19247007
367370702
356885810
583241219
624252981
483893377
354634032
20519719
422423895
374262553
248373251
733385838
592278926
251910887
181695556
783656436
73566214
308271088
436353991
38322396
1257779568
239099683
477410106
116536692
1293862190
1508524076
46582114
382789692
25751825
887828442
325570226
190070159
246487858
2290187083
3130076819
271772638
345760332
280320486
1218731258
1166961300
1345527896
372631688
729355866
135337466
406571131
71254257
532895418
1713187345
600437610
295455708
236533787
1850301260
3233139458
2985043315
425510402
248928222
305353363
2594217331
566685627
354717696
162409722
379365704
1097088416
517956858
229611670
336245768
244319891
425548877
3114387926
76183740
3264315703
609583169
2589646095
335510509
557810075
303614743
928860008
2652560364
348490826
2218130842
2241327486
515193901
2759474317
2318213798
1495973652
294606228
1692377214
1544364829
25637469
518505797
148900043
952719090
35648428
876548444
596114206
461759565
312423854
320526500
55042197
49227702
276604588
413461666
700234430
551650117
400956030
345148112
2988353140
393797653
1733606683
2892382437
580413328
180611514
479967927
441482189
22990363
340454575
2290196658
1252614559
30999641
195977750
2786763444
2812251265
436296856
32720019
570497580
3096909522
765079849
414518493
65533003
375869458
589744134
2723261796
29092285
161821299
3099710635
365514706
371428799
1038001897
17587385
372439099
917103408
1536736850
3228568368
30378257
1007913314
3363038381
554919300
232773305
341193714
274258802
1694751152
2232358795
222865361
340568986
860786377
41409807
332570758
432074158
448567312
40971711
2339505906
2696299261
562547206
792003649
148973010
2725478376
1173617954
935734226
1110633410
451145587
349946267
1028647344
256304159
59832095
356703343
22854724
243883219
172923413
377685871
373026756
397523642
100905108
1230299762
2674468462
1187328835
137159365
633131513
208236499
270048503
611782664
323657728
567461201
2476152192
783067248
3013741645
933233605
193376509
339034755
604148564
2810417701
304780267
293269095
2321604072
2977863132
221510289
433057129
410822504
342448898
2291716483
323482263
66128821
48256508
104954927
1249392648
1216391275
58103983
714506833
258542250
1961389986
560771565
294841701
637074550
298040234
896485867
727700010
519928738
379973415
409780309
363103797
349674281
155425625
219121555
2994422099
462524956
1323636979
444176100
2247729318
128993803
459857136
954773293
2473275962
548906018
2920610788
225702763
164095512
540746675
587775334
34322247
27282633
504023786
456593782
274750736
809776682
611372998
295253001
565444220
568749465
772967684
239240906
155752230
846659737
1250059320
574884210
1250658054
470004277
260479597
264315762
3092137622
553592031
1158810589
2470220251
1161423612
1287562962
2293794092
268608568
2409264379
411832313
2271249906
471692365
322400873
553958545
581258367
1594988184
244343417
458773289
313077366
840397836
842822137
316830058
79870812
2163313573
338600776
2217140778
550659518
409663299
152002208
410887445
369186631
265154377
203360253
86787575
369492414
277774243
234567539
38223118
917136926
1472967366
243471727
516041277
518851148
36820943
627120051
1058190043
382435310
270747819
418190874
1947373098
32725465
2251345945
35966135
1697401428
631279812
373004092
168947271
141610848
1239450259
370267209
292531199
2518021285
2801253655
778905373
2736368526
2832948209
480801773
2928962586
3004201088
2707057009
357264084
2997403410
2733690684
774820842
17850264
2915959633
878064565
340505486
63623170
25177249
2675122460
21369165
195448803
1729869228
719741082
369730007
604821778
2888811700
101908811
369245463
50962642
2865641574
397021413
91210883
206545633
176632235
35878159
2756513899
1653159452
2269124678
567827605
44288873
2332484443
56278396
35767401
279330776
2992576826
2299297112
15751513
808060747
315492176
52939284
249513462
360395545
177836698
229560615
260013244
195976676
196428764
320140594
17586790
42843169
2294114321
256333510
492620236
273280747
278325217
596859508
388514963
185022192
2391865069
112058307
44170779
405651096
1671622441
228178028
101663882
34143128
57656172
311412126
261765786
369304023
2660641226
2732763633
76399407
2794798399
260858586
1128024308
172802441
75624389
41722119
229170863
2222022738
314386216
240797113
314246720
59980718
389688107
189985658
164745153
2236701954
2964932276
423681677
355361516
459074791
101960616
342476080
181731084
2395118102
3033371874
181537036
137534295
31575905
187035586
275177684
44549349
304745334
45467093
255621239
26195128
231956931
157871018
268999272
44839846
2776992450
769728823
2460748231
29899991
39112911
3020757069
344875929
110353002
16268340
17258210
1293293971
480820389
320492369
75073714
67925062
3194964748
361968180
1125884840
326299320
50800809
338351401
3331149755
879229585
387551830
1525342994
630615880
2506881328
22640704
1731710119
2993705299
2992526089
3069096342
2715084775
2457229604
3054129710
443998571
2865577356
1694738976
3111971754
2588940872
275219860
362474607
2491999256
3114185154
472640150
2157876384
275695732
3157623732
148979510
362600012
117784441
432041228
1692761226
1668984644
3171007796
42749848
118515453
3182287003
463450147
42065756
781085539
466100765
633993195
369892823
2812434504
82223977
1296037266
271206855
2432689273
2977598185
553114079
769413098
222512184
810950472
43650234
305406301
3233247630
1117313910
43378004
254650414
3248180671
391554021
2850632857
601082082
593700527
560738322
3260117700
367437667
490961041
1683807181
2913701559
3068755436
580129426
1514547966
152723999
2358528746
1116077988
357306642
457883257
256062065
430406372
378456322
943830331
2432933953
1279211174
27147883
38871975
2336729797
244356187
716737404
260561017
447468303
522654075
551457010
127461016
419091898
109475168
292730821
2901310141
271404521
67545254
73012669
2733017774
152080881
309317193
284313779
148430991
1036228368
3024567906
348793770
230248552
364075550
334876063
51798250
3040382720
2775553814
858779515
1120756604
774945746
306434129
586139245
320561994
2423634729
53128115
260582627
164940590
299217116
2258226686
3193475331
2612581320
2784521086
310034914
138244715
432296422
2223545034
2697322519
208399923
27448952
321792613
456267051
168324287
2179475466
381669726
35907764
361591266
392918965
2904748426
26551794
365849604
594799540
24410260
94225854
2822888024
1060023800
766106292
540562260
395878708
24969592
959138401
379494626
3093869386
1604052056
2397215438
194380555
1648231351
909565304
2999552070
585203948
3068615334
37719075
392948317
3177347106
366937175
3082989968
266035658
3321630801
1561834742
392426773
2277120186
2340399085
2785309674
280799274
704615702
181796425
282861648
1928529798
290259441
3193685527
142830670
2798901975
850048831
861585823
408241144
961759813
2413592036
1240384236
1416445693
279236565
383609317
216594244
144695978
266335266
3313158927
246522401
1690218378
3315125781
1521481945
259548375
2772520870
232751554
291455131
497323462
156086625
922292708
1018452103
353462192
1120926534
2278057098
116991492
367377319
93238146
49045287
83509566
205584232
538711453
1700470878
534526930
1261110986
74050508
550706265
19909797
3074647685
170115367
297008745
347012187
602359441
241314920
335173382
232614102
1330113126
883144274
177003971
18925844
426251754
159142752
340802179
450127814
781545950
339946656
289493577
58937926
3033103704
569535554
445771020
2170992901
343042388
331693854
243630746
2265386996
135736608
81002454
40567695
1202664386
322973451
2213080508
368118265
261988733
1062312679
1554273415
758038147
330057466
585268424
288517843
71873838
399745556
548758292
322429312
2971594948
36814943
254251493
446811574
489091014
21123625
187346066
1046385768
274736411
971453791
67514457
250992202
1586276498
2209941912
764905338
1450376958
446382298
61289898
71873078
1519678982
3254828275
3222339554
250443415
1928254374
2162916361
60229746
412603233
532537044
465105756
389258982
338099327
32882729
215720060
356309063
2763332840
347330744
497648182
394471803
860433266
2763480276
373057196
860726264
359132132
74871810
109142871
1212938234
1478298372
322684373
346015128
115969462
371511085
42755282
381772182
477322410
183284437
28486860
197238529
122867303
173314159
24176506
123654963
353763139
199087128
347001971
378739361
178138235
478475143
21355106
223278069
635576793
2837643903
216855454
300663695
301115782
180238440
212471665
340928877
489896656
291171170
168239876
1031385841
443175267
266328475
474091620
292613763
1534212392
251295500
398027246
391864018
1265079907
470614670
360367174
347072095
1010166780
413602611
379377976
915077738
258190138
27321348
27312254
383844300
63780091
174902065
323428679
3015292915
290830307
1003292696
123141259
408306967
708440274
848498262
1117653019
68850999
381322844
233213235
242084939
2940290575
3293648969
106179856
1123062396
346778898
70028413
473943576
1331702874
3112866916
2777636155
22185751
1635839443
924557214
470401474
603236029
314394989
514737019
633352876
1210555400
3249134792
560412362
2352249182
313454002
846021906
553146738
2364720774
211717504
2731516052
3240114169
496680359
311667809
576546332
1319343602
987237511
1267597825
901012543
41478395
176193484
955146744
2242787707
428658653
26646790
464078493
447419192
348672658
3141869097
900843800
3167728102
157149803
3016034941
533721816
348037739
265789176
267309451
1080673933
276782229
66634674
1349616500
253339662
420676150
51577976
462615322
286467136
135904761
180228451
291479994
860774245
318137976
273544994
98530965
64959210
306558128
47749371
165636646
361944499
24052602
204121132
244379916
483540786
502609115
150781613
256361791
41247095
73584630
256820568
260453996
250656099
106206670
68223947
301810776
61065352
260521592
363773791
223705686
2901215252
365838403
258778432
268552917
610463762
308170496
256321655
187784084
343358997
310535008
56796278
289418264
169786131
132303731
138559847
182681925
87517577
84182459
137539362
114609586
37957896
198956632
74832434
263376116
279239110
93784286
404195033
403559471
117485485
226318039
62888867
291797837
1945330290
62887462
2890180285
2798810741
33600157
503320148
902190924
373496849
273231966
434617674
249392284
31456546
193867537
114363785
486262101
1528804796
252710775
143257019
530844736
504002055
167466750
338506795
62211031
1691777359
196274873
383324784
2294628337
394417549
353147224
168907453
333094508
600661636
317211032
2246211302
1049627912
1067123581
254656280
2249821844
593900171
262405794
125364868
51825885
1607874763
130639366
393170969
2384219168
477322540
310927237
2345767754
2381165839
284352660
19608697
1614238466
1096466312
314983935
1377322334
2416012664
339741587
265243526
278860394
65956525
343101407
366819493
39575581
384568045
1090430486
344468990
257291742
354643125
522847186
458946330
622093940
169342525
1668822181
411956893
212437452
102147125
205428550
1126593422
153877429
115446862
95346455
56702869
243236975
214986812
93722720
24201493
186180317
203991783
551278206
312876816
756047881
408117988
51529533
440131338
23280913
2853963265
584384512
218034609
625874588
1056010813
2883949766
271411400
2990448768
34005146
208755112
2897771826
328719577
243030230
514757106
173021419
426851990
2167287266
597153009
1157434910
427928130
2998668332
2331378727
2530341968
20891989
318122808
2444826080
240038060
341089485
812206868
1024604154
383016213
360697267
1896124603
428346117
28187921
2486595186
233336034
327627595
1152118398
326544679
257628337
842852030
74948825
201936658
222261039
257646761
347463140
2172540325
47274360
317449091
724358089
312196858
424717377
240727572
565064284
24540824
2992855999
2651760222
68328712
573009512
191304772
457181891
2767521362
701416621
268017969
252388449
514898966
615426858
1368487946
180899485
625766020
144202961
365255100
1730426744
716909876
439595784
45039262
479211829
2382943166
935800093
763884642
824423244
2171031336
633458017
1447546914
964531423
546967003
323580010
437952961
411966217
340058815
587653450
447675180
553606549
303385274
606842408
1321726772
2322969643
536768453
2271421975
258472777
3087132696
573767400
2324685756
65424085
3040139896
360922406
607864827
942691489
552982446
491699787
840479575
586192037
504986626
128956522
174856881
487129910
942533059
2689311618
2381406961
963059521
575027471
732932010
70545148
1354956878
482554233
113446710
446831139
176995432
1461221905
442013897
443791895
257272800
399799646
595077715
1078097820
340091498
560795508
58589008
979392336
241346124
1378390944
525932684
171272255
440529385
375992701
368492939
512594590
263413608
1949361817
481574981
2327050457
1382999150
846653732
2967489523
482315190
106127452
496470100
450350496
341238596
394980969
2150097708
215487272
1046350836
517917745
2273938250
3257951894
3259231789
1151011890
84759527
3346141113
3008460943
520468935
2955987334
245981584
444257043
354605509
224058321
427006451
499128442
354560795
314736678
313074190
473391113
2744898611
282355929
488026853
1258459130
1567056834
219378570
870291510
366771491
339933971
1107719544
1242875545
1603968650
316224259
476287137
336323458
977214163
460816905
3168962364
465223491
512481368
513910779
2820321787
765054031
1888272500
346001616
232443820
447677149
1426214486
341909218
333830915
429852041
464824416
539454954
1695276098
892374570
271090958
136125490
899025812
777121735
375942805
347537996
360203156
1739368056
1621993734
239032775
924715586
409691793
318442497
495413002
448278553
1164271212
288449911
1061222160
1482566184
444998145
48430369
258001952
848553554
477253559
341302226
3098144550
59504346
109346200
53164682
202347327
325650454
870043220
329233487
15846407
380087512
15441117
2247765384
42984742
14600977
15533253
7166582
177832071
176841132
345643829
78114017
23620660
14730185
388581901
205803628
