35193684
2412822440
526226529
2800364413
1158733934
575932743
2557915058
95086990
2184575522
86170839
1489776218
276643081
1949132852
28628202
5715682
342632844
428145096
27158603
2268916306
2990045818
1113838464
2904264497
2487853952
20862478
2950845291
32372834
15862891
21287626
806393046
267305037
164353656
2898555751
1065140706
86626845
319770079
62402605
124991617
1353945756
2562977114
2352296922
318053222
991600273
227361142
19843630
123858892
59221014
74599038
43848067
575655913
19668775
1244777868
862100563
1255898948
44196397
16629477
945527959
390763447
550448704
868609854
269700525
146481375
1165053739
314758565
212299083
42581215
256793538
856471832
1162675482
1361833632
287270580
24542417
19416598
104670497
15492359
23909876
34222024
159422090
28434229
107783
183548902
227317831
29704334
132594097
82336717
115485051
25087909
18887526
24447643
22621511
26727655
15897721
79905826
71879177
40221991
26008377
20361904
14943974
17974276
18609013
7973282
