211810468
336007282
237253872
1615654896
1637021982
2348901109
2705061031
43199901
3981908729
24587389
26077026
287251331
986597958
66367559
41602160
17918663
6450322
140427956
65416742
3017721632
14043142
31443503
14327715
1941314394
1924891897
1927527138
82509878
327449246
340997626
15564815
368158573
346605991
3290364847
47443693
95273513
249786887
86158995
242539525
272621312
223560830
588586596
57926717
588449097
2601262362
2610447451
3803744547
2458563254
2458567464
20536157
31925790
33838201
2835428007
2293415520
3218244202
22739318
23663116
844315279
745645578
276643081
66373370
40097187
52757856
17137628
16153562
85289376
11695602
20674741
14055301
10302222
15821039
11695472
16834046
14700316
14361155
27830610
20646711
20596281
69231187
14159148
33933259
14755492
31409605
213689248
369707682
196186298
63597010
125186206
470196395
429851351
3064457783
2873251381
525425046
1032290077
22654404
25952049
437804849
130593087
2568602126
302985964
1012081921
1148468052
212278192
31939866
38029388
27978179
33256849
587536673
178316031
1098381492
203152124
437831345
122473388
21581503
80335780
20523967
44763075
3331681719
3031164052
264219447
983177682
1864643574
11650762
234374703
592877877
92352086
22487375
208163898
17521340
1400754254
834770064
110717075
21826764
2907682397
2841225383
2462035045
48474475
19164430
17147441
15056226
463059217
3289215759
82683644
26929440
2943002717
72636999
19470391
353178813
155240092
152862026
19541922
59156862
1911086456
18985501
117861866
2168430452
1325195768
17918545
74474794
556257240
304653522
34217770
18911898
332360644
18679459
1360077600
151106990
487130389
19090300
598776348
33388399
2667082969
214038611
18260424
14420561
191624943
885311214
213482476
18294275
107869888
86137896
268911581
1152407832
90498542
158006058
17448943
910502641
2472409099
2559531679
15684633
20878141
266464616
1535570796
27013292
88914175
94562237
15521075
25325260
1891806212
2811548749
1589179254
16947009
56473163
23801638
155634643
59370946
317278065
38507478
2499539132
21849222
25950355
120206023
563011611
94154862
41101985
243872549
231289061
801198666
1528027123
27922157
93950513
209757631
265755934
2385624751
148815591
17817214
428750186
610922415
244655353
52379394
105966714
1933558350
28838219
33896079
277191527
73310442
247977797
14085070
36737269
15865878
18622869
14834340
7420052
16868756
18208763
19734832
19849635
48110818
80111587
17292623
16564324
528893064
20112291
24223641
24212723
20052728
10927782
2463386257
164305424
126002546
2347049341
28258330
547894757
243215442
22664758
19992829
28377499
17995402
36144714
1528065350
282743074
991745802
64429326
2350805298
2304347995
138799178
243295031
1871789076
370209860
453856179
14450818
14606079
148463866
34947826
879161563
40156330
83221847
22750673
31522489
11930482
22278303
1158888686
594464231
593289567
606007329
36126602
539689182
73845366
18170896
59769395
361405892
95221142
14614615
235333481
43458844
28160998
108638625
233336165
11317392
260582890
44438256
78060290
14275261
96495126
427900496
337535026
52758588
22545453
111354912
314216196
193797587
20429156
15235829
21480354
44783853
21662996
14430086
52426212
345972675
176434844
208120290
455024343
23964682
70837868
426909329
1023020557
538456752
115472158
22104276
582962011
17573273
32123458
26138276
1769551
32431468
297019278
26832834
16300786
11274452
20520810
277666248
30313925
49992096
141947171
239971233
44777959
44957814
33026538
16632227
14500190
167486422
23453489
128884885
17837184
261234528
3202281
239210681
25562183
16669075
15859033
119401334
788363167
39416218
1270238612
314374117
64591392
86626845
233364902
38530021
124237063
487833518
32372834
44970026
20186316
68987936
15587500
53039176
146569971
51077529
84614572
54673444
243843732
823905
539478669
224703237
20629893
16616061
19658936
18058609
15134240
18935711
23999515
54953661
54949696
54943952
54938798
54679165
54664757
54327995
54956563
