114508237
24552923
3493727233
1129250114
14687845
416257051
3166722445
16257356
11864042
216453181
3433497197
3233217793
1977118100
15940854
9921302
234833576
29995880
17317057
18215269
21232619
245882274
242555085
50663939
239992141
2207534731
310535008
2859411483
870043220
15074067
21795022
69453516
8442592
15531245
72476077
16685232
28627806
1267635120
581000522
132677499
885472194
22785359
2209586262
2315783322
268412999
30922952
9998602
3381146056
2996482889
377548620
14336966
317360584
36066261
23507842
335498133
325650454
22073539
15564486
365486065
78114017
205428550
57647745
21705478
19404907
14600977
428333
256203380
7166582
15533253
21316042
185802351
22203223
2247765384
15441117
22930958
23620660
89552596
