55178004
235147451
260795359
2830087960
451953727
74979783
97032316
101387222
3030370853
20433133
571181892
194643654
137347149
2875823458
398767889
3979106777
2323622478
634283066
3908996909
2376758742
2542750711
3319300228
2577012416
27540099
62819254
21906310
204390997
62235168
3956136629
36943525
245033427
251423605
2902155765
2778865153
1949282881
220163180
1300029152
152948635
205193523
1406808007
120181944
75583730
1311967561
3958868805
3195980324
57579512
242261056
2814087437
1269593336
1263785088
342677323
47604914
388314796
3350899475
588321046
2443825590
3312004300
457565447
88373595
150266980
32417971
2229642481
2806544045
903621360
3307396799
610994783
40918718
3248475157
741347270
183269426
80876593
137894459
21875834
987932444
329666643
37161598
3656406161
3032357001
3313608980
1369604684
417856150
3428906843
3201915556
10340482
1314423942
815220968
3317754321
2646630885
2623230575
721779372
221589885
25267785
3296763538
2461709414
2410531753
69841203
2613926054
2565001830
182354392
3095915475
3123371423
2956223075
110250203
2240379540
3069532663
2617471956
16935292
1887657187
3188038771
3432491997
81126959
2748921511
2275839577
3247624888
355168040
36913032
307808858
3143287743
927428066
1548953197
269735001
205437698
3131622575
125008202
103728776
173135910
26109463
180147957
3403909089
47994819
11051392
396552995
2997425744
3004138659
3292692345
215055784
392745604
1053780835
2542646503
2327690161
2646158832
94064690
1949260680
35749325
199426473
97931263
292284458
66691212
2690187182
2953373200
2147704592
339240521
3359482048
167066499
3346552936
351488695
488527081
3301362903
367123233
24667833
529130043
16397290
1511378382
325123441
26250653
212920481
2161506164
170999656
2816700564
2314121388
3345405629
2533099302
18698737
18779598
218068272
277396191
370695644
1729663670
2338789099
2826834026
207424440
871399292
2515657621
286693698
980558832
47567548
23437668
18374314
17188793
17067315
16026103
14866374
14324289
9923162
41339977
34349003
34233112
33495470
32375309
27593827
59415806
60283852
67075774
69473976
140471717
133999295
130301404
129467474
118002733
95668219
86954819
148281946
196347483
201306925
207634091
218598938
226692955
227691824
298707309
312514898
322296254
351188995
361955010
371629262
386090823
393861489
431746588
472284522
484810068
542501504
544197472
566665665
591754843
601165571
620372051
637223978
776052312
813801794
817513494
831061496
914826337
993199567
1125981511
1137105302
1144939752
1245564894
1325916936
1600222790
1648416314
1891144105
1912733568
1924454515
2204118282
2353628976
2545565038
2564829158
2762506818
2834142587
2860598059
2984576073
3060673559
3344048879
73760208
74417662
2398118270
2837913549
19449019
128332543
1227382057
316788574
972316837
3066095291
2903808579
99554410
951777043
545842458
301526635
52437388
3235458107
70696732
3192469802
2846628164
332191203
48495488
29417849
1094725878
2751594014
58495407
239831830
1559282804
123913303
1421379786
329978211
17307722
76560904
1264028491
1433632262
2280463934
14104027
1675713632
1334830914
135551966
2871299982
39777596
543472712
30076364
2459424643
38475395
148855921
1720254942
339581630
59117497
558530817
54871205
1674163464
347147346
2353058257
584162442
34573148
2896373105
886461978
3186136852
323087937
3152646127
3092729062
101848693
419575134
819038263
3039999798
64745128
3091808284
15520346
34650516
122789943
3122521421
828376549
3044804453
835629168
560005675
147194305
105024958
1526996059
278586740
3070025839
2374486248
1576792956
102018028
1238337014
413963013
438241243
917511961
135158684
1976086832
438251774
34915929
35017609
2411201335
2785796584
535823392
3092248775
148819649
174807917
979173307
610659001
228359424
2849393195
92449684
3023846678
272948553
8876152
3044810003
515463027
2528572201
2949547815
2965774253
30340726
3063059168
394035872
586896133
1366221974
3023691339
2317168669
2204279255
745170710
33192070
590152667
10485162
2182588075
380570880
1535583678
2514981691
44957606
62780688
301106913
581709161
2791113033
74483386
3064485958
7932702
48991239
43590258
47743865
379626523
147487511
1349866483
110648922
224261527
1691404526
472996281
403570989
890739332
371835988
389917069
404888273
122076846
550980817
609893607
271509401
86279597
242452129
44888523
285049799
1285704176
161640463
2810984925
38681082
2477489533
1601680206
93173398
1148527908
2467532809
540687218
2260182452
185971121
730251330
2989328411
306756011
2290810758
2833858359
192389493
51998285
291690583
1261787095
49900359
202548324
256513027
34336933
2813746943
89907508
636575082
946518139
440730332
2354555114
300209907
22053725
1197995204
557920335
2347049341
2915260629
44150880
203077374
2838310468
867771162
264114463
380728975
1364559498
19770244
497180604
607066717
2221576374
535088290
403059707
13958262
1280224693
2651047838
226281344
305546286
1494592956
229924642
540734980
2239475791
275924253
1357179516
2597650831
964207082
25713808
914412950
627574372
1433227872
19940791
75742264
1832062908
2482232082
16958346
1067774750
124098223
2182995194
42628521
2371630615
1308001550
591060187
21196759
422479459
388937036
86603932
195770718
14697183
16505582
177735450
172301808
2323521726
1923502206
162372970
902507928
14557408
404710459
16454856
2862946979
21729540
38099600
490839892
2741530807
728630263
71296543
266861780
22291484
386258799
98629771
27683627
583894077
873872268
377574347
71881576
48594206
382153540
2312144515
275042451
2479789014
1900852507
22052889
202131306
225143960
339606567
254431462
256004303
16286419
382145536
24866209
27424230
32240853
36959762
43112659
45830139
46158178
49634724
52678709
61191571
66687136
68937023
74748578
79416272
80655534
92806602
96735431
102008040
109485601
123257421
123534676
123611001
136772759
145692441
174209383
209536300
214495006
224401206
233227075
241909899
245296315
246304813
257538755
265997025
280526925
282668562
306131142
309039970
317818216
334665191
347711557
351628212
364761686
373521902
383286237
394103606
468181984
488566057
532100923
551090525
588199238
610952363
840234338
857690408
980590514
1180578314
1336611008
1358883631
1876367312
2414117822
2480092783
2485427431
2591018856
2617401608
39077431
343875115
396656597
35477227
100585156
103550181
1449008546
49683498
425126267
324834917
452909852
15242547
817448690
1890634980
271505240
554134742
340811697
279331346
2371999832
79477750
1166533020
323798683
2208994585
14677117
153492935
343928585
15935927
875778446
1560800900
372609115
2688011022
15154933
2572417410
37398768
373138131
54848703
453991866
1635553224
47285504
14535900
104703021
534546788
101516926
135187055
417828473
470219047
564157446
1183053936
1351101768
1901515206
618281343
222474062
75467271
2337605614
125627173
137344408
2381931636
272285827
8198012
299582083
327824450
1178285450
948089672
20974456
16814190
610178685
2435549544
293375872
17596622
45413510
20543416
30229853
374180599
301524923
298169875
1281332713
42641251
492018263
288749109
59845170
769448238
194625337
1227513414
159596430
299317548
1588566542
19704168
480325284
214252919
703211870
1040179760
1655454540
611464410
2308445042
1704030108
14382779
169491614
106739913
53427556
1857522223
400623373
148606062
62378166
145746533
281098482
113647931
621925745
69231187
48394016
42114901
79688269
14251776
91830923
51644527
41919960
94300691
5972462
102113989
108307181
87879600
184995872
19503745
154123856
35627929
192017042
503581789
794407250
700777760
806737346
435995825
122345999
58256922
524021608
556875827
1083344010
1264742084
916906669
951695318
37865119
396792335
858026442
381009496
756157500
191307048
376702239
1545728173
277913436
1430601038
1568000522
227683102
1886146100
747188293
255797769
358160595
28453440
122392913
84617373
1170197372
119674486
1245538812
241133253
555274004
1003857624
579747564
22239898
59541591
21786618
384923143
21303235
26521047
70993934
81067772
557379658
96139543
126073609
33798522
38848610
203253392
1327504387
335876373
1224496105
859444603
87383141
14786217
22977061
574901150
151225967
618838588
41160287
317139568
408541580
897457670
423513829
910672590
1215881006
1678561616
1949059602
217079744
102700680
1266874435
202313343
97618796
1543332884
2162822976
287850411
27830610
14499829
43849753
106725690
537379107
1694697163
35695666
39511166
48378329
314125926
388520504
203113709
134863554
17758625
7324432
39822897
39037826
1701622500
1934007494
986934798
111329303
918608270
1079443074
349982818
193643332
244077105
919773307
466061652
14307229
218677101
143098314
124146689
52231296
567415275
481936557
1530821100
1136513778
118856537
1691852036
140735403
41561429
18050674
380310639
19766166
17323412
84087313
175742305
17939037
459119863
988974846
606653439
79997785
18408045
18089292
14043142
13746792
15684633
38762773
900201493
21218554
20833839
41577382
419051172
564150922
48242931
1476999536
353139378
583831625
1499259678
161939929
20657700
343148096
581911793
1360157540
450964157
534498824
617049152
19898275
381686350
327024618
1018982700
1226814872
308586306
1554308748
171070404
478974345
21398394
322658299
552814942
16017521
90417225
83424009
427059614
399647699
512023639
1519011998
458228750
203332110
24001758
119624643
558910991
89477333
1286053016
67009737
95869752
246289978
184881825
18620370
1461655843
28598978
632331349
140788166
1431066362
586675249
313997277
148048094
1057205371
90915355
112396213
930606871
1247657156
20158276
17286901
1632440846
308065135
600096779
637133655
348783351
875833662
859652864
932312948
575475667
50779091
44782945
1192841532
1552240092
1860623983
525652077
1622901486
415419372
431547192
161269393
556345017
965828186
294420970
588041135
423438598
345238440
1505968580
89913930
742391208
963213830
17298183
1315470930
421943138
143472160
1908452491
293138842
1898329128
235500461
45291341
45663323
267598590
342018025
1524956383
39253242
1383869761
57625403
17233335
36670025
113062227
1647386552
14569869
538268785
223416400
28567809
23907677
294149040
17793878
388999961
192942213
122448174
43514101
274652076
34248609
16145473
150613534
18935114
68654425
353595458
456665124
153154765
36724337
100189549
20329672
492328463
44105061
238201160
95315665
119743937
453893556
16544818
146620155
258795101
22341016
142282697
217873189
235157216
53096584
78143293
377946810
472817646
309800538
14361155
1101270018
113410319
784992890
78848075
127625168
545147045
517323056
163844242
171280914
793517
65150447
714574332
1389552242
589133848
437785656
1537518937
1449424202
1088568308
632854197
221878313
18203224
65412911
595181838
302039567
271365891
203911389
304909941
595653152
176874512
106507614
108577014
23282841
44322718
317092181
20763821
156768711
1585589059
275235236
934166934
570951305
218623787
364839357
161345146
1548978560
35189604
1410340981
331035177
279696528
65337093
1358783000
284036980
369680637
257438448
132100282
320176393
61582467
1203436038
843715573
551717240
288151399
38690632
373251782
70088590
138760970
30035057
100011309
1097653338
1860901963
27335898
829220557
49419833
300868563
851619866
550085442
119385045
196402529
562559441
214100925
214097804
366656755
389548615
1840798400
469428671
167123941
24764773
31304026
830433469
1671436111
96627383
322594069
545742342
529734138
88933467
102661215
24671422
932446861
23976247
16079505
84679163
101897322
15762708
801936866
48476482
905508672
63135089
1242308360
91292166
281389691
544355487
550261515
109213070
393886485
214502417
1487397294
1476802687
1372641625
429630264
361119411
18100169
38156574
155889035
438628130
16726004
221815599
1602971012
364840896
250866013
1677738314
118714363
289875033
255442670
412332464
740515868
326693153
21315031
607495721
166568290
129843174
133880286
44874400
726758167
16683014
135187648
116799581
31502877
97701898
142364553
19396413
317187060
57759275
5120691
968461195
493889332
16192537
47331384
250024481
1435101697
334711493
19071132
624109010
21229440
308502351
35001544
31094727
50726532
1248768439
581270752
19719076
48388480
1328622408
229263575
148733100
1658746789
1390071944
1007210042
40913222
561911168
378653740
19881931
947305358
1336200536
90617732
8866022
385331513
265360216
78857439
48533754
127454658
33098495
170481681
102685851
56696814
33537971
380886090
211513469
198573449
120096860
29232646
57236544
153026901
618215133
59147502
29820995
62356591
197412666
44482736
1344060186
1647378456
358165174
14412844
495046141
1565945864
1580820799
78403337
704612748
45744463
52319959
404682239
303774724
568328553
561975585
1136966275
533216507
122387909
42857269
1169068375
1543345928
707512656
95788305
153055269
437543648
1204593306
1408235288
325499980
31416284
17666727
209976412
1165981904
978396420
210963297
1422568352
242488617
1344603788
22972898
1008634310
11518572
599358578
1343921041
361944198
786966211
15188209
436679306
1130600196
1322129574
168634035
389393463
222477446
732363570
97443520
111041991
15614358
726061459
52841736
1334379619
105211702
414025542
87759772
18017198
485433241
522424619
929989772
438922403
295713773
36908459
19230701
177347829
69260773
22518134
49689858
734981484
1205655912
146045462
1266396080
1267838773
75030549
1087583214
861518221
26496779
226258229
1227094380
1269239299
350775160
785029740
221710101
66745875
318349748
15907720
213831149
378643551
273539470
159422676
18655567
115335396
54895177
70398130
17679194
20600212
518749094
222531230
588490151
335939454
131079801
25390350
38704343
494250752
14159148
146443643
17137628
65339733
16511394
25098482
24886900
57363819
205306729
156322365
398114261
80680473
108299090
296262602
74447139
30324031
921759169
114824762
16308922
19277186
624645909
301054254
264037493
34896734
50413854
193645918
522157686
292208152
38689870
82607949
714443952
553825052
488616152
295640370
16226361
186391235
397185217
52405146
1060147483
484835337
300786339
14073022
108062719
106384372
937301689
526443696
967602306
856587308
472103609
59514202
97425457
17004618
21273874
174740894
297535770
21982720
24853415
214821759
90617595
17947003
259214687
1060578475
479816451
279010305
545000826
273345090
20234981
125943165
30980068
59736898
183625828
26237170
179730908
397904211
19336900
364316586
831310051
81993511
265057156
38504139
24312585
960709321
245774634
535241292
218512955
607397328
1011440575
1061570058
840292279
84445191
17442320
580247650
4213321
54781907
169021842
94809269
36323148
39705207
28083478
984518318
399361634
151880434
292208791
125767077
60506896
763573200
936577879
126673023
732510158
868641854
17515518
76849994
956658366
632704519
498141551
337631207
217273139
47559603
964401277
441811684
455084468
997909808
347720974
195419597
383735682
43092107
137495277
52802468
400595630
30927826
19272522
21826316
19976630
236111720
15762575
109530993
191849753
47299083
1652541
565022938
380372757
61807543
396502546
373578868
365990599
432920122
14385336
786764
15930919
727552759
19586080
487352746
372170012
555313561
182338237
17463923
611791931
334048260
240664803
317860051
732358495
906434047
912307945
82550344
615158595
79313210
21969867
14321959
792316808
193684475
132817020
164695435
341182645
102829920
382108616
162869238
22341950
19904685
67273557
216094714
204813511
52771126
604840570
35810531
116763916
81052454
268357486
81114184
16926572
40001204
54680395
16906514
24859322
510134536
839254231
45608717
623451194
809767471
132148992
202735418
24457744
338407260
771493321
733366621
541294321
179028558
802987470
790830997
345232857
87818409
145177544
340602009
330337456
44128516
789142800
79001416
743284087
94337999
143393079
190162349
61197041
19649135
27615709
192904740
161343829
619947300
246229422
216633730
707350597
283633219
339730205
107161643
158495061
473017004
599505242
282346346
607201128
523078739
56956476
617979329
620614525
17131417
13939772
78600745
238357999
634047732
16866541
20011071
70112964
17621767
180415006
271060511
97063201
600165429
16367816
280548048
136742811
399266384
59490293
21302574
18104730
497005462
605956105
614219129
602436917
62929177
599569009
607968314
408063505
167203538
376791248
273929913
229114172
2553151
48441185
172161666
84223163
22817068
90456998
326020425
218222378
39085195
545372106
542826418
144951639
262303890
17469492
74203384
565895191
466369716
552549088
67319784
567368754
322508230
176747928
189145352
27719703
38864587
115376242
133796480
577266127
577353845
353845579
289997483
433389743
534222221
112974466
106072716
155522617
39013572
196525598
145822498
394789620
28772994
47693054
102581666
17423992
15458181
211156862
36718690
203043918
58964359
281512702
72309961
24795000
31439308
267085856
108995096
17292958
153567287
202147466
179464668
199207406
90548758
95673988
163026857
5953552
25572584
16904845
97498336
466803217
420383002
232088201
525191428
233978509
529260671
273234774
257677587
50393960
21866534
219247138
24561336
38630618
88799262
116302994
22613263
368814422
25801700
49155241
29299946
20582958
174185725
25115550
211470924
221041703
88782126
20745767
63216199
518238053
322648292
189162903
15848867
94148520
152193491
346988331
130994319
510129400
11254762
213142220
46841596
20204317
468123549
161697155
84134701
519373711
21787013
281074489
256126425
274547156
312588745
144461413
432447308
458912927
20056392
169925656
515324861
24726389
15649285
171457335
475741316
430822790
497982309
163844764
472768649
196521046
419110388
482242129
21082047
84314018
25095174
74051281
15622876
415655206
12235072
244513778
189991855
18716851
501725085
70406059
134892778
93618680
504217134
43415828
211296346
34271443
474546611
485173545
296737650
433482041
68484306
18650093
352350844
180668837
356779635
414266785
390062767
370635090
332072740
7553862
27860681
14704482
193365076
205235980
17273355
28145841
314530259
19915362
475246630
236842863
18926099
69179992
34288833
125592597
320924445
158145014
219275993
320015174
339754094
143578797
435479759
461619224
427024774
172674060
50069007
27823571
20809253
219988196
225894954
217848148
14851837
257173185
95428712
111317933
22615982
16703742
39961555
69563863
84364416
71869296
55355654
239936951
395860306
54180834
102934369
47608778
237809177
20596281
312481961
334062726
203040730
94121048
362642209
372867318
18048053
63188000
14638851
202642892
34286774
212172616
24723642
383884962
241177160
40065170
99254880
191212557
393151453
54852320
27681019
4898091
5988062
23430459
28076924
58806221
52267567
12626962
24128633
24146452
71143944
9973512
35898963
84279375
28962525
15352439
25476307
14357007
243236419
189376144
45577446
14634720
14647570
28657802
14559745
21304098
23397854
18689000
18510860
14050550
1435461
17650854
29180014
50306005
59460397
89792222
23636580
15463610
15345179
17683482
18851248
163491770
151940165
128456531
16257853
109890809
15076342
374867276
185682857
116469425
9017382
92959516
147934202
34570810
27000767
17765323
172726892
295602344
114681934
271443162
119049214
47432235
295563901
343267635
176898357
38146999
37926315
12594872
89149231
21001434
56701550
275495924
185043343
19770032
57411021
59548676
147599010
52365250
312858567
95982652
15173291
338239703
70628657
57341938
19355821
39300812
14227045
19283328
11695472
142214762
56420936
33933259
36924745
252768317
118766235
292871663
280135204
17899109
240641671
312266102
317018025
108653559
91147768
301954854
22759518
338529134
304887572
19002348
123805392
17220934
207411537
279614869
241067860
25081451
15200719
89711639
172280127
18932935
27740227
188327876
23948464
260928758
177214413
14431633
39441245
66312892
103887642
119067549
140802402
138360455
23638544
15687090
92027622
11178672
243821406
198584761
7215512
33388399
63785550
23067226
23600122
37547141
437399013
55178004
235147451
260795359
2830087960
451953727
74979783
97032316
101387222
3030370853
20433133
571181892
194643654
137347149
2875823458
398767889
3979106777
2323622478
634283066
3908996909
2376758742
2542750711
3319300228
2577012416
27540099
62819254
21906310
204390997
62235168
3956136629
36943525
245033427
251423605
2902155765
2778865153
1949282881
220163180
1300029152
152948635
205193523
1406808007
120181944
75583730
1311967561
3958868805
3195980324
57579512
242261056
2814087437
1269593336
1263785088
342677323
47604914
388314796
3350899475
588321046
2443825590
3312004300
457565447
88373595
150266980
32417971
2229642481
2806544045
903621360
3307396799
610994783
40918718
3248475157
741347270
183269426
80876593
137894459
21875834
987932444
329666643
37161598
3656406161
3032357001
3313608980
1369604684
417856150
3428906843
3201915556
10340482
1314423942
815220968
3317754321
2646630885
2623230575
721779372
221589885
25267785
3296763538
2461709414
2410531753
69841203
2613926054
2565001830
182354392
3095915475
3123371423
2956223075
110250203
2240379540
3069532663
2617471956
16935292
1887657187
3188038771
3432491997
81126959
2748921511
2275839577
3247624888
355168040
36913032
307808858
3143287743
927428066
1548953197
269735001
205437698
3131622575
125008202
103728776
173135910
26109463
180147957
3403909089
47994819
11051392
396552995
2997425744
3004138659
3292692345
215055784
392745604
1053780835
2542646503
2327690161
2646158832
94064690
1949260680
35749325
199426473
97931263
292284458
66691212
2690187182
2953373200
2147704592
339240521
3359482048
167066499
3346552936
351488695
488527081
3301362903
367123233
24667833
529130043
16397290
1511378382
325123441
26250653
212920481
2161506164
170999656
2816700564
2314121388
3345405629
2533099302
18698737
18779598
218068272
277396191
370695644
1729663670
2338789099
2826834026
207424440
871399292
2515657621
286693698
980558832
47567548
23437668
18374314
17188793
17067315
16026103
14866374
14324289
9923162
41339977
34349003
34233112
33495470
32375309
27593827
59415806
60283852
67075774
69473976
140471717
133999295
130301404
129467474
118002733
95668219
86954819
148281946
196347483
201306925
207634091
218598938
226692955
227691824
298707309
312514898
322296254
351188995
361955010
371629262
386090823
393861489
431746588
472284522
484810068
542501504
544197472
566665665
591754843
601165571
620372051
637223978
776052312
813801794
817513494
831061496
914826337
993199567
1125981511
1137105302
1144939752
1245564894
1325916936
1600222790
1648416314
1891144105
1912733568
1924454515
2204118282
2353628976
2545565038
2564829158
2762506818
2834142587
2860598059
2984576073
3060673559
3344048879
73760208
74417662
2398118270
2837913549
19449019
128332543
1227382057
316788574
972316837
3066095291
2903808579
99554410
951777043
545842458
301526635
52437388
3235458107
70696732
3192469802
2846628164
332191203
48495488
29417849
1094725878
2751594014
58495407
239831830
1559282804
123913303
1421379786
329978211
17307722
76560904
1264028491
1433632262
2280463934
14104027
1675713632
1334830914
135551966
2871299982
39777596
543472712
30076364
2459424643
38475395
148855921
1720254942
339581630
59117497
558530817
54871205
1674163464
347147346
2353058257
584162442
34573148
2896373105
886461978
3186136852
323087937
3152646127
3092729062
101848693
419575134
819038263
3039999798
64745128
3091808284
15520346
34650516
122789943
3122521421
828376549
3044804453
835629168
560005675
147194305
105024958
1526996059
278586740
3070025839
2374486248
1576792956
102018028
1238337014
413963013
438241243
917511961
135158684
1976086832
438251774
34915929
35017609
2411201335
2785796584
535823392
3092248775
148819649
174807917
979173307
610659001
228359424
2849393195
92449684
3023846678
272948553
8876152
3044810003
515463027
2528572201
2949547815
2965774253
30340726
3063059168
394035872
586896133
1366221974
3023691339
2317168669
2204279255
745170710
33192070
590152667
10485162
2182588075
380570880
1535583678
2514981691
44957606
62780688
301106913
581709161
2791113033
74483386
3064485958
7932702
48991239
43590258
47743865
379626523
147487511
1349866483
110648922
224261527
1691404526
472996281
403570989
890739332
371835988
389917069
404888273
122076846
550980817
609893607
271509401
86279597
242452129
44888523
285049799
1285704176
161640463
2810984925
38681082
2477489533
1601680206
93173398
1148527908
2467532809
540687218
2260182452
185971121
730251330
2989328411
306756011
2290810758
2833858359
192389493
51998285
291690583
1261787095
49900359
202548324
256513027
34336933
2813746943
89907508
636575082
946518139
440730332
2354555114
300209907
22053725
1197995204
557920335
2347049341
2915260629
44150880
203077374
2838310468
867771162
264114463
380728975
1364559498
19770244
497180604
607066717
2221576374
535088290
403059707
13958262
1280224693
2651047838
226281344
305546286
1494592956
229924642
540734980
2239475791
275924253
1357179516
2597650831
964207082
25713808
914412950
627574372
1433227872
19940791
75742264
1832062908
2482232082
16958346
1067774750
124098223
2182995194
42628521
2371630615
1308001550
591060187
21196759
422479459
388937036
86603932
195770718
14697183
16505582
177735450
172301808
2323521726
1923502206
162372970
902507928
14557408
404710459
16454856
2862946979
21729540
38099600
490839892
2741530807
728630263
71296543
266861780
22291484
386258799
98629771
27683627
583894077
873872268
377574347
71881576
48594206
382153540
2312144515
275042451
2479789014
1900852507
22052889
202131306
225143960
339606567
254431462
256004303
16286419
382145536
24866209
27424230
32240853
36959762
43112659
45830139
46158178
49634724
52678709
61191571
66687136
68937023
74748578
79416272
80655534
92806602
96735431
102008040
109485601
123257421
123534676
123611001
136772759
145692441
174209383
209536300
214495006
224401206
233227075
241909899
245296315
246304813
257538755
265997025
280526925
282668562
306131142
309039970
317818216
334665191
347711557
351628212
364761686
373521902
383286237
394103606
468181984
488566057
532100923
551090525
588199238
610952363
840234338
857690408
980590514
1180578314
1336611008
1358883631
1876367312
2414117822
2480092783
2485427431
2591018856
2617401608
39077431
343875115
396656597
35477227
100585156
103550181
1449008546
49683498
425126267
324834917
452909852
15242547
817448690
1890634980
271505240
554134742
340811697
279331346
2371999832
79477750
1166533020
323798683
2208994585
14677117
153492935
343928585
15935927
875778446
1560800900
372609115
2688011022
15154933
2572417410
37398768
373138131
54848703
453991866
1635553224
47285504
14535900
104703021
534546788
101516926
135187055
417828473
470219047
564157446
1183053936
1351101768
1901515206
618281343
222474062
75467271
2337605614
125627173
137344408
2381931636
272285827
8198012
299582083
327824450
1178285450
948089672
20974456
16814190
610178685
2435549544
293375872
17596622
45413510
20543416
30229853
374180599
301524923
298169875
1281332713
42641251
492018263
288749109
59845170
769448238
194625337
1227513414
159596430
299317548
1588566542
19704168
480325284
214252919
703211870
1040179760
1655454540
611464410
2308445042
1704030108
14382779
169491614
106739913
53427556
1857522223
400623373
148606062
62378166
145746533
281098482
113647931
621925745
69231187
48394016
42114901
79688269
14251776
91830923
51644527
41919960
94300691
5972462
102113989
108307181
87879600
184995872
19503745
154123856
35627929
192017042
503581789
794407250
700777760
806737346
435995825
122345999
58256922
524021608
556875827
1083344010
1264742084
916906669
951695318
37865119
396792335
858026442
381009496
756157500
191307048
376702239
1545728173
277913436
1430601038
1568000522
227683102
1886146100
747188293
255797769
358160595
28453440
122392913
84617373
1170197372
119674486
1245538812
241133253
555274004
1003857624
579747564
22239898
59541591
21786618
384923143
21303235
26521047
70993934
81067772
557379658
96139543
126073609
33798522
38848610
203253392
1327504387
335876373
1224496105
859444603
87383141
14786217
22977061
574901150
151225967
618838588
41160287
317139568
408541580
897457670
423513829
910672590
1215881006
1678561616
1949059602
217079744
102700680
1266874435
202313343
97618796
1543332884
2162822976
287850411
27830610
14499829
43849753
106725690
537379107
1694697163
35695666
39511166
48378329
314125926
388520504
203113709
134863554
17758625
7324432
39822897
39037826
1701622500
1934007494
986934798
111329303
918608270
1079443074
349982818
193643332
244077105
919773307
466061652
14307229
218677101
143098314
124146689
52231296
567415275
481936557
1530821100
1136513778
118856537
1691852036
140735403
41561429
18050674
380310639
19766166
17323412
84087313
175742305
17939037
459119863
988974846
606653439
79997785
18408045
18089292
14043142
13746792
15684633
38762773
900201493
21218554
20833839
41577382
419051172
564150922
48242931
1476999536
353139378
583831625
1499259678
161939929
20657700
343148096
581911793
1360157540
450964157
534498824
617049152
19898275
381686350
327024618
1018982700
1226814872
308586306
1554308748
171070404
478974345
21398394
322658299
552814942
16017521
90417225
83424009
427059614
399647699
512023639
1519011998
458228750
203332110
24001758
119624643
558910991
89477333
1286053016
67009737
95869752
246289978
184881825
18620370
1461655843
28598978
632331349
140788166
1431066362
586675249
313997277
148048094
1057205371
90915355
112396213
930606871
1247657156
20158276
17286901
1632440846
308065135
600096779
637133655
348783351
875833662
859652864
932312948
575475667
50779091
44782945
1192841532
1552240092
1860623983
525652077
1622901486
415419372
431547192
161269393
556345017
965828186
294420970
588041135
423438598
345238440
1505968580
89913930
742391208
963213830
17298183
1315470930
421943138
143472160
1908452491
293138842
1898329128
235500461
45291341
45663323
267598590
342018025
1524956383
39253242
1383869761
57625403
17233335
36670025
113062227
1647386552
14569869
538268785
223416400
28567809
23907677
294149040
17793878
388999961
192942213
122448174
43514101
274652076
34248609
16145473
150613534
18935114
68654425
353595458
456665124
153154765
36724337
100189549
20329672
492328463
44105061
238201160
95315665
119743937
453893556
16544818
146620155
258795101
22341016
142282697
217873189
235157216
53096584
78143293
377946810
472817646
309800538
14361155
1101270018
113410319
784992890
78848075
127625168
545147045
517323056
163844242
171280914
793517
65150447
714574332
1389552242
589133848
437785656
1537518937
1449424202
1088568308
632854197
221878313
18203224
65412911
595181838
302039567
271365891
203911389
304909941
595653152
176874512
106507614
108577014
23282841
44322718
317092181
20763821
156768711
1585589059
275235236
934166934
570951305
218623787
364839357
161345146
1548978560
35189604
1410340981
331035177
279696528
65337093
1358783000
284036980
369680637
257438448
132100282
320176393
61582467
1203436038
843715573
551717240
288151399
38690632
373251782
70088590
138760970
30035057
100011309
1097653338
1860901963
27335898
829220557
49419833
300868563
851619866
550085442
119385045
196402529
562559441
214100925
214097804
366656755
389548615
1840798400
469428671
167123941
24764773
31304026
830433469
1671436111
96627383
322594069
545742342
529734138
88933467
102661215
24671422
932446861
23976247
16079505
84679163
101897322
15762708
801936866
48476482
905508672
63135089
1242308360
91292166
281389691
544355487
550261515
109213070
393886485
214502417
1487397294
1476802687
1372641625
429630264
361119411
18100169
38156574
155889035
438628130
16726004
221815599
1602971012
364840896
250866013
1677738314
118714363
289875033
255442670
412332464
740515868
326693153
21315031
607495721
166568290
129843174
133880286
44874400
726758167
16683014
135187648
116799581
31502877
97701898
142364553
19396413
317187060
57759275
5120691
968461195
493889332
16192537
47331384
250024481
1435101697
334711493
19071132
624109010
21229440
308502351
35001544
31094727
50726532
1248768439
581270752
19719076
48388480
1328622408
229263575
148733100
1658746789
1390071944
1007210042
40913222
561911168
378653740
19881931
947305358
1336200536
90617732
8866022
385331513
265360216
78857439
48533754
127454658
33098495
170481681
102685851
56696814
33537971
380886090
211513469
198573449
120096860
29232646
57236544
153026901
618215133
59147502
29820995
62356591
197412666
44482736
1344060186
1647378456
358165174
14412844
495046141
1565945864
1580820799
78403337
704612748
45744463
52319959
404682239
303774724
568328553
561975585
1136966275
533216507
122387909
42857269
1169068375
1543345928
707512656
95788305
153055269
437543648
1204593306
1408235288
325499980
31416284
17666727
209976412
1165981904
978396420
210963297
1422568352
242488617
1344603788
22972898
1008634310
11518572
599358578
1343921041
361944198
786966211
15188209
436679306
1130600196
1322129574
168634035
389393463
222477446
732363570
97443520
111041991
15614358
726061459
52841736
1334379619
105211702
414025542
87759772
18017198
485433241
522424619
929989772
438922403
295713773
36908459
19230701
177347829
69260773
22518134
49689858
734981484
1205655912
146045462
1266396080
1267838773
75030549
1087583214
861518221
26496779
226258229
1227094380
1269239299
350775160
785029740
221710101
66745875
318349748
15907720
213831149
378643551
273539470
159422676
18655567
115335396
54895177
70398130
17679194
20600212
518749094
222531230
588490151
335939454
131079801
25390350
38704343
494250752
14159148
146443643
17137628
65339733
16511394
25098482
24886900
57363819
205306729
156322365
398114261
80680473
108299090
296262602
74447139
30324031
921759169
114824762
16308922
19277186
624645909
301054254
264037493
34896734
50413854
193645918
522157686
292208152
38689870
82607949
714443952
553825052
488616152
295640370
16226361
186391235
397185217
52405146
1060147483
484835337
300786339
14073022
108062719
106384372
937301689
526443696
967602306
856587308
472103609
59514202
97425457
17004618
21273874
174740894
297535770
21982720
24853415
214821759
90617595
17947003
259214687
1060578475
479816451
279010305
545000826
273345090
20234981
125943165
30980068
59736898
183625828
26237170
179730908
397904211
19336900
364316586
831310051
81993511
265057156
38504139
24312585
960709321
245774634
535241292
218512955
607397328
1011440575
1061570058
840292279
84445191
17442320
580247650
4213321
54781907
169021842
94809269
36323148
39705207
28083478
984518318
399361634
151880434
292208791
125767077
60506896
763573200
936577879
126673023
732510158
868641854
17515518
76849994
956658366
632704519
498141551
337631207
217273139
47559603
964401277
441811684
455084468
997909808
347720974
195419597
383735682
43092107
137495277
52802468
400595630
30927826
19272522
21826316
19976630
236111720
15762575
109530993
191849753
47299083
1652541
565022938
380372757
61807543
396502546
373578868
365990599
432920122
14385336
786764
15930919
727552759
19586080
487352746
372170012
555313561
182338237
17463923
611791931
334048260
240664803
317860051
732358495
906434047
912307945
82550344
615158595
79313210
21969867
14321959
792316808
193684475
132817020
164695435
341182645
102829920
382108616
162869238
22341950
19904685
67273557
216094714
204813511
52771126
604840570
35810531
116763916
81052454
268357486
81114184
16926572
40001204
54680395
16906514
24859322
510134536
839254231
45608717
623451194
809767471
132148992
202735418
24457744
338407260
771493321
733366621
541294321
179028558
802987470
790830997
345232857
87818409
145177544
340602009
330337456
44128516
789142800
79001416
743284087
94337999
143393079
190162349
61197041
19649135
27615709
192904740
161343829
619947300
246229422
216633730
707350597
283633219
339730205
107161643
158495061
473017004
599505242
282346346
607201128
523078739
56956476
617979329
620614525
17131417
13939772
78600745
238357999
634047732
16866541
20011071
70112964
17621767
180415006
271060511
97063201
600165429
16367816
280548048
136742811
399266384
59490293
21302574
18104730
497005462
605956105
614219129
602436917
62929177
599569009
607968314
408063505
167203538
376791248
273929913
229114172
2553151
48441185
172161666
84223163
22817068
90456998
326020425
218222378
39085195
545372106
542826418
144951639
262303890
17469492
74203384
565895191
466369716
552549088
67319784
567368754
322508230
176747928
189145352
27719703
38864587
115376242
133796480
577266127
577353845
353845579
289997483
433389743
534222221
112974466
106072716
155522617
39013572
196525598
145822498
394789620
28772994
47693054
102581666
17423992
15458181
211156862
36718690
203043918
58964359
281512702
72309961
24795000
31439308
267085856
108995096
17292958
153567287
202147466
179464668
199207406
90548758
95673988
163026857
5953552
25572584
16904845
97498336
466803217
420383002
232088201
525191428
233978509
529260671
273234774
257677587
50393960
21866534
219247138
24561336
38630618
88799262
116302994
22613263
368814422
25801700
49155241
29299946
20582958
174185725
25115550
211470924
221041703
88782126
20745767
63216199
518238053
322648292
189162903
15848867
94148520
152193491
346988331
130994319
510129400
11254762
213142220
46841596
20204317
468123549
161697155
84134701
519373711
21787013
281074489
256126425
274547156
312588745
144461413
432447308
458912927
20056392
169925656
515324861
24726389
15649285
171457335
475741316
430822790
497982309
163844764
472768649
196521046
419110388
482242129
21082047
84314018
25095174
74051281
15622876
415655206
12235072
244513778
189991855
18716851
501725085
70406059
134892778
93618680
504217134
43415828
211296346
34271443
474546611
485173545
296737650
433482041
68484306
18650093
352350844
180668837
356779635
414266785
390062767
370635090
332072740
7553862
27860681
14704482
193365076
205235980
17273355
28145841
314530259
19915362
475246630
236842863
18926099
69179992
34288833
125592597
320924445
158145014
219275993
320015174
339754094
143578797
435479759
461619224
427024774
172674060
50069007
27823571
20809253
219988196
225894954
217848148
14851837
257173185
95428712
111317933
22615982
16703742
39961555
69563863
84364416
71869296
55355654
239936951
395860306
54180834
102934369
47608778
237809177
20596281
312481961
334062726
203040730
94121048
362642209
372867318
18048053
63188000
14638851
202642892
34286774
212172616
24723642
383884962
241177160
40065170
99254880
191212557
393151453
54852320
27681019
4898091
5988062
23430459
28076924
58806221
52267567
12626962
24128633
24146452
71143944
9973512
35898963
84279375
28962525
15352439
25476307
14357007
243236419
189376144
45577446
14634720
14647570
28657802
14559745
21304098
23397854
18689000
18510860
14050550
1435461
17650854
29180014
50306005
59460397
89792222
23636580
15463610
15345179
17683482
18851248
163491770
151940165
128456531
16257853
109890809
15076342
374867276
185682857
116469425
9017382
92959516
147934202
34570810
27000767
17765323
172726892
295602344
114681934
271443162
119049214
47432235
295563901
343267635
176898357
38146999
37926315
12594872
89149231
21001434
56701550
275495924
185043343
19770032
57411021
59548676
147599010
52365250
312858567
95982652
15173291
338239703
70628657
57341938
19355821
39300812
14227045
19283328
11695472
142214762
56420936
33933259
36924745
252768317
118766235
292871663
280135204
17899109
240641671
312266102
317018025
108653559
91147768
301954854
22759518
338529134
304887572
19002348
123805392
17220934
207411537
279614869
241067860
25081451
15200719
89711639
172280127
18932935
27740227
188327876
23948464
260928758
177214413
14431633
39441245
66312892
103887642
119067549
140802402
138360455
23638544
15687090
92027622
11178672
243821406
198584761
7215512
33388399
63785550
23067226
23600122
37547141
437399013
55178004
235147451
260795359
2830087960
451953727
74979783
97032316
101387222
3030370853
20433133
571181892
194643654
137347149
2875823458
398767889
3979106777
2323622478
634283066
3908996909
2376758742
2542750711
3319300228
2577012416
27540099
62819254
21906310
204390997
62235168
3956136629
36943525
245033427
251423605
2902155765
2778865153
1949282881
220163180
1300029152
152948635
205193523
1406808007
120181944
75583730
1311967561
3958868805
3195980324
57579512
242261056
2814087437
1269593336
1263785088
342677323
47604914
388314796
3350899475
588321046
2443825590
3312004300
457565447
88373595
150266980
32417971
2229642481
2806544045
903621360
3307396799
610994783
40918718
3248475157
741347270
183269426
80876593
137894459
21875834
987932444
329666643
37161598
3656406161
3032357001
3313608980
1369604684
417856150
3428906843
3201915556
10340482
1314423942
815220968
3317754321
2646630885
2623230575
721779372
221589885
25267785
3296763538
2461709414
2410531753
69841203
2613926054
2565001830
182354392
3095915475
3123371423
2956223075
110250203
2240379540
3069532663
2617471956
16935292
1887657187
3188038771
3432491997
81126959
2748921511
2275839577
3247624888
355168040
36913032
307808858
3143287743
927428066
1548953197
269735001
205437698
3131622575
125008202
103728776
173135910
26109463
180147957
3403909089
47994819
11051392
396552995
2997425744
3004138659
3292692345
215055784
392745604
1053780835
2542646503
2327690161
2646158832
94064690
1949260680
35749325
199426473
97931263
292284458
66691212
2690187182
2953373200
2147704592
339240521
3359482048
167066499
3346552936
351488695
488527081
3301362903
367123233
24667833
529130043
16397290
1511378382
325123441
26250653
212920481
2161506164
170999656
2816700564
2314121388
3345405629
2533099302
18698737
18779598
218068272
277396191
370695644
1729663670
2338789099
2826834026
207424440
871399292
2515657621
286693698
980558832
47567548
23437668
18374314
17188793
17067315
16026103
14866374
14324289
9923162
41339977
34349003
34233112
33495470
32375309
27593827
59415806
60283852
67075774
69473976
140471717
133999295
130301404
129467474
118002733
95668219
86954819
148281946
196347483
201306925
207634091
218598938
226692955
227691824
298707309
312514898
322296254
351188995
361955010
371629262
386090823
393861489
431746588
472284522
484810068
542501504
544197472
566665665
591754843
601165571
620372051
637223978
776052312
813801794
817513494
831061496
914826337
993199567
1125981511
1137105302
1144939752
1245564894
1325916936
1600222790
1648416314
1891144105
1912733568
1924454515
2204118282
2353628976
2545565038
2564829158
2762506818
2834142587
2860598059
2984576073
3060673559
3344048879
73760208
74417662
2398118270
2837913549
19449019
128332543
1227382057
316788574
972316837
3066095291
2903808579
99554410
951777043
545842458
301526635
52437388
3235458107
70696732
3192469802
2846628164
332191203
48495488
29417849
1094725878
2751594014
58495407
239831830
1559282804
123913303
1421379786
329978211
17307722
76560904
1264028491
1433632262
2280463934
14104027
1675713632
1334830914
135551966
2871299982
39777596
543472712
30076364
2459424643
38475395
148855921
1720254942
339581630
59117497
558530817
54871205
1674163464
347147346
2353058257
584162442
34573148
2896373105
886461978
3186136852
323087937
3152646127
3092729062
101848693
419575134
819038263
3039999798
64745128
3091808284
15520346
34650516
122789943
3122521421
828376549
3044804453
835629168
560005675
147194305
105024958
1526996059
278586740
3070025839
2374486248
1576792956
102018028
1238337014
413963013
438241243
917511961
135158684
1976086832
438251774
34915929
35017609
2411201335
2785796584
535823392
3092248775
148819649
174807917
979173307
610659001
228359424
2849393195
92449684
3023846678
272948553
8876152
3044810003
515463027
2528572201
2949547815
2965774253
30340726
3063059168
394035872
586896133
1366221974
3023691339
2317168669
2204279255
745170710
33192070
590152667
10485162
2182588075
380570880
1535583678
2514981691
44957606
62780688
301106913
581709161
2791113033
74483386
3064485958
7932702
48991239
43590258
47743865
379626523
147487511
1349866483
110648922
224261527
1691404526
472996281
403570989
890739332
371835988
389917069
404888273
122076846
550980817
609893607
271509401
86279597
242452129
44888523
285049799
1285704176
161640463
2810984925
38681082
2477489533
1601680206
93173398
1148527908
2467532809
540687218
2260182452
185971121
730251330
2989328411
306756011
2290810758
2833858359
192389493
51998285
291690583
1261787095
49900359
202548324
256513027
34336933
2813746943
89907508
636575082
946518139
440730332
2354555114
300209907
22053725
1197995204
557920335
2347049341
2915260629
44150880
203077374
2838310468
867771162
264114463
380728975
1364559498
19770244
497180604
607066717
2221576374
535088290
403059707
13958262
1280224693
2651047838
226281344
305546286
1494592956
229924642
540734980
2239475791
275924253
1357179516
2597650831
964207082
25713808
914412950
627574372
1433227872
19940791
75742264
1832062908
2482232082
16958346
1067774750
124098223
2182995194
42628521
2371630615
1308001550
591060187
21196759
422479459
388937036
86603932
195770718
14697183
16505582
177735450
172301808
2323521726
1923502206
162372970
902507928
14557408
404710459
16454856
2862946979
21729540
38099600
490839892
2741530807
728630263
71296543
266861780
22291484
386258799
98629771
27683627
583894077
873872268
377574347
71881576
48594206
382153540
2312144515
275042451
2479789014
1900852507
22052889
202131306
225143960
339606567
254431462
256004303
16286419
382145536
24866209
27424230
32240853
36959762
43112659
45830139
46158178
49634724
52678709
61191571
66687136
68937023
74748578
79416272
80655534
92806602
96735431
102008040
109485601
123257421
123534676
123611001
136772759
145692441
174209383
209536300
214495006
224401206
233227075
241909899
245296315
246304813
257538755
265997025
280526925
282668562
306131142
309039970
317818216
334665191
347711557
351628212
364761686
373521902
383286237
394103606
468181984
488566057
532100923
551090525
588199238
610952363
840234338
857690408
980590514
1180578314
1336611008
1358883631
1876367312
2414117822
2480092783
2485427431
2591018856
2617401608
39077431
343875115
396656597
35477227
100585156
103550181
1449008546
49683498
425126267
324834917
452909852
15242547
817448690
1890634980
271505240
554134742
340811697
279331346
2371999832
79477750
1166533020
323798683
2208994585
14677117
153492935
343928585
15935927
875778446
1560800900
372609115
2688011022
15154933
2572417410
37398768
373138131
54848703
453991866
1635553224
47285504
14535900
104703021
534546788
101516926
135187055
417828473
470219047
564157446
1183053936
1351101768
1901515206
618281343
222474062
75467271
2337605614
125627173
137344408
2381931636
272285827
8198012
299582083
327824450
1178285450
948089672
20974456
16814190
610178685
2435549544
293375872
17596622
45413510
20543416
30229853
374180599
301524923
298169875
1281332713
42641251
492018263
288749109
59845170
769448238
194625337
1227513414
159596430
299317548
1588566542
19704168
480325284
214252919
703211870
1040179760
1655454540
611464410
2308445042
1704030108
14382779
169491614
106739913
53427556
1857522223
400623373
148606062
62378166
145746533
281098482
113647931
621925745
69231187
48394016
42114901
79688269
14251776
91830923
51644527
41919960
94300691
5972462
102113989
108307181
87879600
184995872
19503745
154123856
35627929
192017042
503581789
794407250
700777760
806737346
435995825
122345999
58256922
524021608
556875827
1083344010
1264742084
916906669
951695318
37865119
396792335
858026442
381009496
756157500
191307048
376702239
1545728173
277913436
1430601038
1568000522
227683102
1886146100
747188293
255797769
358160595
28453440
122392913
84617373
1170197372
119674486
1245538812
241133253
555274004
1003857624
579747564
22239898
59541591
21786618
384923143
21303235
26521047
70993934
81067772
557379658
96139543
126073609
33798522
38848610
203253392
1327504387
335876373
1224496105
859444603
87383141
14786217
22977061
574901150
151225967
618838588
41160287
317139568
408541580
897457670
423513829
910672590
1215881006
1678561616
1949059602
217079744
102700680
1266874435
202313343
97618796
1543332884
2162822976
287850411
27830610
14499829
43849753
106725690
537379107
1694697163
35695666
39511166
48378329
314125926
388520504
203113709
134863554
17758625
7324432
39822897
39037826
1701622500
1934007494
986934798
111329303
918608270
1079443074
349982818
193643332
244077105
919773307
466061652
14307229
218677101
143098314
124146689
52231296
567415275
481936557
1530821100
1136513778
118856537
1691852036
140735403
41561429
18050674
380310639
19766166
17323412
84087313
175742305
17939037
459119863
988974846
606653439
79997785
18408045
18089292
14043142
13746792
15684633
38762773
900201493
21218554
20833839
41577382
419051172
564150922
48242931
1476999536
353139378
583831625
1499259678
161939929
20657700
343148096
581911793
1360157540
450964157
534498824
617049152
19898275
381686350
327024618
1018982700
1226814872
308586306
1554308748
171070404
478974345
21398394
322658299
552814942
16017521
90417225
83424009
427059614
399647699
512023639
1519011998
458228750
203332110
24001758
119624643
558910991
89477333
1286053016
67009737
95869752
246289978
184881825
18620370
1461655843
28598978
632331349
140788166
1431066362
586675249
313997277
148048094
1057205371
90915355
112396213
930606871
1247657156
20158276
17286901
1632440846
308065135
600096779
637133655
348783351
875833662
859652864
932312948
575475667
50779091
44782945
1192841532
1552240092
1860623983
525652077
1622901486
415419372
431547192
161269393
556345017
965828186
294420970
588041135
423438598
345238440
1505968580
89913930
742391208
963213830
17298183
1315470930
421943138
143472160
1908452491
293138842
1898329128
235500461
45291341
45663323
267598590
342018025
1524956383
39253242
1383869761
57625403
17233335
36670025
113062227
1647386552
14569869
538268785
223416400
28567809
23907677
294149040
17793878
388999961
192942213
122448174
43514101
274652076
34248609
16145473
150613534
18935114
68654425
353595458
456665124
153154765
36724337
100189549
20329672
492328463
44105061
238201160
95315665
119743937
453893556
16544818
146620155
258795101
22341016
142282697
217873189
235157216
53096584
78143293
377946810
472817646
309800538
14361155
1101270018
113410319
784992890
78848075
127625168
545147045
517323056
163844242
171280914
793517
65150447
714574332
1389552242
589133848
437785656
1537518937
1449424202
1088568308
632854197
221878313
18203224
65412911
595181838
302039567
271365891
203911389
304909941
595653152
176874512
106507614
108577014
23282841
44322718
317092181
20763821
156768711
1585589059
275235236
934166934
570951305
218623787
364839357
161345146
1548978560
35189604
1410340981
331035177
279696528
65337093
1358783000
284036980
369680637
257438448
132100282
320176393
61582467
1203436038
843715573
551717240
288151399
38690632
373251782
70088590
138760970
30035057
100011309
1097653338
1860901963
27335898
829220557
49419833
300868563
851619866
550085442
119385045
196402529
562559441
214100925
214097804
366656755
389548615
1840798400
469428671
167123941
24764773
31304026
830433469
1671436111
96627383
322594069
545742342
529734138
88933467
102661215
24671422
932446861
23976247
16079505
84679163
101897322
15762708
801936866
48476482
905508672
63135089
1242308360
91292166
281389691
544355487
550261515
109213070
393886485
214502417
1487397294
1476802687
1372641625
429630264
361119411
18100169
38156574
155889035
438628130
16726004
221815599
1602971012
364840896
250866013
1677738314
118714363
289875033
255442670
412332464
740515868
326693153
21315031
607495721
166568290
129843174
133880286
44874400
726758167
16683014
135187648
116799581
31502877
97701898
142364553
19396413
317187060
57759275
5120691
968461195
493889332
16192537
47331384
250024481
1435101697
334711493
19071132
624109010
21229440
308502351
35001544
31094727
50726532
1248768439
581270752
19719076
48388480
1328622408
229263575
148733100
1658746789
1390071944
1007210042
40913222
561911168
378653740
19881931
947305358
1336200536
90617732
8866022
385331513
265360216
78857439
48533754
127454658
33098495
170481681
102685851
56696814
33537971
380886090
211513469
198573449
120096860
29232646
57236544
153026901
618215133
59147502
29820995
62356591
197412666
44482736
1344060186
1647378456
358165174
14412844
495046141
1565945864
1580820799
78403337
704612748
45744463
52319959
404682239
303774724
568328553
561975585
1136966275
533216507
122387909
42857269
1169068375
1543345928
707512656
95788305
153055269
437543648
1204593306
1408235288
325499980
31416284
17666727
209976412
1165981904
978396420
210963297
1422568352
242488617
1344603788
22972898
1008634310
11518572
599358578
1343921041
361944198
786966211
15188209
436679306
1130600196
1322129574
168634035
389393463
222477446
732363570
97443520
111041991
15614358
726061459
52841736
1334379619
105211702
414025542
87759772
18017198
485433241
522424619
929989772
438922403
295713773
36908459
19230701
177347829
69260773
22518134
49689858
734981484
1205655912
146045462
1266396080
1267838773
75030549
1087583214
861518221
26496779
226258229
1227094380
1269239299
350775160
785029740
221710101
66745875
318349748
15907720
213831149
378643551
273539470
159422676
18655567
115335396
54895177
70398130
17679194
20600212
518749094
222531230
588490151
335939454
131079801
25390350
38704343
494250752
14159148
146443643
17137628
65339733
16511394
25098482
24886900
57363819
205306729
156322365
398114261
80680473
108299090
296262602
74447139
30324031
921759169
114824762
16308922
19277186
624645909
301054254
264037493
34896734
50413854
193645918
522157686
292208152
38689870
82607949
714443952
553825052
488616152
295640370
16226361
186391235
397185217
52405146
1060147483
484835337
300786339
14073022
108062719
106384372
937301689
526443696
967602306
856587308
472103609
59514202
97425457
17004618
21273874
174740894
297535770
21982720
24853415
214821759
90617595
17947003
259214687
1060578475
479816451
279010305
545000826
273345090
20234981
125943165
30980068
59736898
183625828
26237170
179730908
397904211
19336900
364316586
831310051
81993511
265057156
38504139
24312585
960709321
245774634
535241292
218512955
607397328
1011440575
1061570058
840292279
84445191
17442320
580247650
4213321
54781907
169021842
94809269
36323148
39705207
28083478
984518318
399361634
151880434
292208791
125767077
60506896
763573200
936577879
126673023
732510158
868641854
17515518
76849994
956658366
632704519
498141551
337631207
217273139
47559603
964401277
441811684
455084468
997909808
347720974
195419597
383735682
43092107
137495277
52802468
400595630
30927826
19272522
21826316
19976630
236111720
15762575
109530993
191849753
47299083
1652541
565022938
380372757
61807543
396502546
373578868
365990599
432920122
14385336
786764
15930919
727552759
19586080
487352746
372170012
555313561
182338237
17463923
611791931
334048260
240664803
317860051
732358495
906434047
912307945
82550344
615158595
79313210
21969867
14321959
792316808
193684475
132817020
164695435
341182645
102829920
382108616
162869238
22341950
19904685
67273557
216094714
204813511
52771126
604840570
35810531
116763916
81052454
268357486
81114184
16926572
40001204
54680395
16906514
24859322
510134536
839254231
45608717
623451194
809767471
132148992
202735418
24457744
338407260
771493321
733366621
541294321
179028558
802987470
790830997
345232857
87818409
145177544
340602009
330337456
44128516
789142800
79001416
743284087
94337999
143393079
190162349
19649135
61197041
27615709
192904740
161343829
619947300
246229422
216633730
707350597
283633219
339730205
107161643
158495061
473017004
599505242
282346346
607201128
523078739
56956476
617979329
620614525
17131417
13939772
78600745
238357999
634047732
16866541
20011071
70112964
17621767
180415006
271060511
97063201
600165429
16367816
280548048
136742811
399266384
59490293
21302574
18104730
497005462
605956105
614219129
602436917
62929177
599569009
607968314
408063505
167203538
376791248
273929913
229114172
2553151
48441185
172161666
84223163
22817068
90456998
326020425
218222378
39085195
545372106
542826418
144951639
262303890
17469492
74203384
565895191
466369716
552549088
67319784
567368754
322508230
176747928
189145352
27719703
38864587
115376242
133796480
577266127
577353845
353845579
289997483
433389743
534222221
112974466
106072716
155522617
39013572
196525598
145822498
394789620
28772994
47693054
102581666
17423992
15458181
211156862
36718690
203043918
58964359
281512702
72309961
24795000
31439308
267085856
108995096
17292958
153567287
202147466
179464668
199207406
90548758
95673988
163026857
5953552
25572584
16904845
97498336
466803217
420383002
232088201
525191428
233978509
529260671
273234774
257677587
50393960
21866534
219247138
24561336
38630618
88799262
116302994
22613263
368814422
25801700
49155241
29299946
20582958
174185725
25115550
211470924
221041703
88782126
20745767
63216199
518238053
322648292
189162903
15848867
94148520
152193491
346988331
130994319
510129400
11254762
213142220
46841596
20204317
468123549
161697155
84134701
519373711
21787013
281074489
256126425
274547156
312588745
144461413
432447308
458912927
20056392
169925656
515324861
24726389
15649285
171457335
475741316
430822790
497982309
163844764
472768649
196521046
419110388
482242129
21082047
84314018
25095174
74051281
15622876
415655206
12235072
244513778
189991855
18716851
501725085
70406059
134892778
93618680
504217134
43415828
211296346
34271443
474546611
485173545
296737650
433482041
68484306
18650093
352350844
180668837
356779635
414266785
390062767
370635090
332072740
7553862
27860681
14704482
193365076
205235980
17273355
28145841
314530259
19915362
475246630
236842863
18926099
69179992
34288833
125592597
320924445
158145014
219275993
320015174
339754094
143578797
435479759
461619224
427024774
172674060
50069007
27823571
20809253
219988196
225894954
217848148
14851837
257173185
95428712
111317933
22615982
16703742
39961555
69563863
84364416
71869296
55355654
239936951
395860306
54180834
102934369
47608778
237809177
20596281
312481961
334062726
203040730
94121048
362642209
372867318
18048053
63188000
14638851
202642892
34286774
212172616
24723642
383884962
241177160
40065170
99254880
191212557
393151453
54852320
27681019
4898091
5988062
23430459
28076924
58806221
52267567
12626962
24128633
24146452
71143944
9973512
35898963
84279375
28962525
15352439
25476307
14357007
243236419
189376144
45577446
14634720
14647570
28657802
14559745
21304098
23397854
18689000
18510860
14050550
1435461
17650854
29180014
50306005
59460397
89792222
23636580
15463610
15345179
17683482
18851248
163491770
151940165
128456531
16257853
109890809
15076342
374867276
185682857
116469425
9017382
92959516
147934202
34570810
27000767
17765323
172726892
295602344
114681934
271443162
119049214
47432235
295563901
343267635
176898357
38146999
37926315
12594872
89149231
21001434
56701550
275495924
185043343
19770032
57411021
59548676
147599010
52365250
312858567
95982652
15173291
338239703
70628657
57341938
19355821
39300812
14227045
19283328
11695472
142214762
56420936
33933259
36924745
252768317
118766235
292871663
280135204
17899109
240641671
312266102
317018025
108653559
91147768
301954854
22759518
338529134
304887572
19002348
123805392
17220934
207411537
279614869
241067860
25081451
15200719
89711639
172280127
18932935
27740227
188327876
23948464
260928758
177214413
14431633
39441245
66312892
103887642
119067549
140802402
138360455
23638544
15687090
92027622
11178672
243821406
198584761
7215512
33388399
63785550
23067226
23600122
37547141
