1069747417
177617074
262268547
13956662
1115348904
622900424
417314061
14706139
2171551375
38429399
136330011
19614356
426821460
135617797
19664869
473315786
859707943
34226486
40468522
250495841
187317854
300429596
2472704857
39281968
49993450
18677031
593950896
104533670
2445765961
32232142
17572632
58839469
216478332
55612830
39585367
252531143
267523313
248698831
336002137
42651647
19259102
63502461
19606528
19272669
1400425381
2508264828
208885767
38459769
92576336
234918972
151595062
56772461
2563594550
3064976818
1332370537
1935049896
19130800
1071767384
1355181415
2800873811
3293218804
42908377
2893639193
109303284
2959304469
3091867667
1458440143
19037859
237360251
600487242
632991157
579792548
512254915
891296755
26865820
61016265
64498695
2354893956
2987435027
2790993570
43372751
3369310690
370696063
1726670335
18663556
29354944
170379490
401781435
1606636968
52429642
1961312672
21786831
1425781254
30862829
424461303
918070957
1610502511
405124125
873894241
261825774
1039531
15824531
271452947
970563998
43105334
202934450
1087859256
33388399
321589427
98015030
49279876
3429926152
