2811055846
2897894515
454952766
47348069
253588542
1134396140
32372834
439281831
258847118
2980458689
3416035636
2901400436
3399907337
27453015
143909021
2821239209
74724779
245480585
35572312
580923281
386442199
341711818
2993994029
377037698
17331154
2908538851
1201499150
158378782
20429156
162088304
41561657
272472998
2178063068
322631923
20272531
54641489
53039176
139832064
549670420
208120290
17442457
2540502294
78370753
606694003
1006702105
1585469030
948009864
275634906
1397771328
1307614093
803901
1160847355
282743074
2148244619
1108850942
927790812
16333360
1565692544
71520176
838464523
2381895024
388347185
161874249
256567888
2226572870
15521075
20520810
27403900
2352031543
1620159776
616584226
84623499
82313794
2252358607
243213618
30284781
264399952
412933559
266041262
246757406
1724922176
46817120
2355442386
53898393
358141264
2312448956
154728576
2296469898
50019165
442847698
2168550252
304341146
766123345
65800561
15478478
19657855
860184308
1908166400
1425095886
52594438
279184000
870723163
1412227105
28567809
5705802
443394911
250668257
75851114
297936488
580111742
2201024924
291457861
82838016
1324577425
1510743474
1909104823
380602344
195849075
155083203
744908935
412305535
1328954563
1255250618
18859419
1668103188
184122949
1551472902
97434158
1009095043
879787268
1238777023
1061385523
1348339248
608454686
472454442
19973162
969275618
28094698
244242405
384978060
226357311
14592723
109366328
41546841
326413140
870462103
462307814
74732805
25562183
15110431
22187646
27295244
59126394
430908830
27013292
304852756
560384720
246959615
564760857
394246221
398934581
19256096
127505147
30593410
316528837
129772859
57893412
423349335
455752376
135989360
454112019
14441143
6705042
300917070
487833518
376960156
472202784
36317345
414090990
372832089
15056465
14267832
11274452
380523905
22266182
216838030
33488987
240094239
295993800
16553366
70128071
38489678
199644880
16949344
281915794
89456112
289900655
407068486
88914175
39536308
140373173
17899109
18050674
45579282
19965811
205847300
144626914
20342875
48325149
621543
268868270
407766714
407737796
407730106
407644381
264665952
20718719
17076146
118529159
24187683
15134240
25950355
138744646
296786819
273422795
21581503
19837528
19658826
14499829
71210524
20693661
23575322
64354305
26268870
114454045
94509573
57579512
206255645
342710270
42434575
263768986
75302402
72910816
209716736
25327370
87715935
111305843
20982118
15862891
36066745
31484145
107391777
44418062
26832834
199226563
145378129
246348124
347276297
397912882
