5336752
236026761
16923899
216776631
145745936
18257408
143141524
15007149
260347379
2812768561
18996618
20522862
166211200
19416833
16299754
14601733
17911562
309177754
620618811
14515799
22129280
41213511
65277959
92544900
31565351
16051471
16455202
1054791528
179971182
49204865
36890646
1176994477
16444233
300893304
31779156
45544324
23808856
87476737
69181624
25468225
119048111
1404590618
367086404
890891
148517828
281590597
534494917
1375289149
22799750
26282046
28397634
259074538
17325090
145724592
69480815
9630082
46817943
17820724
21401086
127569781
22771961
20109439
119245817
80638910
85243004
71294756
40654543
317313520
41602160
41577194
27719762
35629711
15909010
27885519
20642310
104851609
21456186
22539758
36480504
17291529
16367980
120236782
57751453
210185719
45536687
34310801
16724361
78231411
86902774
104446737
15214543
108617810
18097821
47694175
236488883
23572083
24797315
83590349
174377718
105153029
112391041
110458336
30043495
44935627
26003862
42703075
17112878
13850422
16184358
11018782
9245812
16681542
18170896
9567972
2097571
9252212
759251
9411482
15224867
