192647830
18692256
76966092
249677516
504899447
550808051
473851713
3342131999
512939438
2237980105
36967214
1344965780
566933900
361782208
20337475
3290340933
3165724193
478038456
2826497456
255471924
238197721
1032965844
2815263144
1239565723
3240385810
175408521
630947267
20003409
192749697
15768312
14645160
26523791
588730194
1128857462
434797649
3347101805
353672532
1545333888
507610089
342716046
89587885
321022087
1608483859
1686447577
361437319
1367531
2566535282
28441343
288645880
284003990
111362706
1215735158
253137919
1326750007
326175201
2636733516
31057157
1493553188
1299081966
1555024010
3383088898
53210455
15324851
1924154539
2385206359
25230105
390652630
2575258195
120047491
2805188354
37599351
9109712
274925909
827332556
249608059
2492005772
3354687748
2173627423
636784094
85289376
3318721967
747128797
3309230189
240629853
2210647466
193116688
2602327886
3246299927
25073877
3342618519
17881816
2714338598
84616236
3433180721
47854857
33014441
438095037
2581154289
306151694
171932024
173419734
432557320
3412969648
2938591546
104227735
376211514
380824639
14492889
2473175526
29687366
46354706
1392603529
1536791610
364830542
437364088
123528331
2987501752
3366504244
475126759
50055701
289968217
1452443036
17261818
487313010
3378377920
109669677
539170410
1122095364
14384907
3356714435
1896697868
3318868641
266127553
337183326
2991699772
1248260394
352270263
364315864
3299818156
2700393444
286273988
395376211
101350764
16006167
2485799185
2292454922
354138208
136288132
15206103
66060726
393899835
77182470
344632018
118488253
522396811
3124120005
598107142
1559505301
33960482
1649633971
194037551
500481458
1520006918
269691477
2516509013
48340111
1106069527
26589987
3156956866
159449032
214821759
2483117419
334590478
487118986
770341250
2964950313
2653613168
1321390387
133203429
2345255766
22568011
865191301
525312787
1178645401
47964081
3032480094
1358783000
405407038
2426217830
117053048
20555066
338950649
1447305066
454166844
547793119
259725229
2751541427
21303464
16684243
546095123
42519612
122481454
3224069183
485924846
212194997
2870930199
216881337
2459976705
2750693907
2936714848
875670776
21826637
18576537
2689572961
2958257284
377300711
322802056
3032786427
917228694
1115874631
2545752059
3014297698
1028618214
3004056023
1667050489
128216887
47380094
304909941
2976268757
525060895
1707402823
1399589509
2203232041
1466767087
28497360
2523755972
57339160
23509830
1220693940
2400492211
2341682708
592533949
1132517486
277369430
22179107
1094374668
243513284
2199893404
2558804928
2174419418
559625384
2578827554
14736516
87909658
319073080
891039428
394559556
2943477463
252186893
277920665
1665902983
2942978628
1072034707
85914982
243939559
1406864102
634501088
1591243946
20833720
21912795
18718676
345811633
203866041
1179521676
562675337
612395120
334032462
572342303
2193997579
2559162218
704688925
1119406729
251986773
304671723
267038232
1381784882
270256882
302126217
1629849600
2674016178
286086139
302133625
1381829610
1300049203
440503498
2714079007
131399352
15438913
370394249
181937946
301506925
1070837046
19394188
153810519
205622130
475732818
35986561
2537204185
1028947710
318130000
2803264915
1356594774
791213418
867351037
45842154
2353128637
2776823057
315658638
316067092
1870133209
278962829
2329894662
240326290
33253899
24816848
875572723
43974581
1364215267
847201236
60859614
1213022258
472316161
1260796818
283146123
1451457134
2797437306
1137972109
312757790
2787412142
2787430039
236784482
309132441
189868631
15007149
2578901785
17005368
16389180
1928973356
18017198
288311590
2394398916
10228272
971277218
288789199
267390486
2529323602
1379223859
1303993910
2164557746
1727659543
1974807331
492022849
248900032
631816184
1251189798
1401425462
558378707
129009730
50250446
204832963
333935142
4970411
1428258008
2343422137
2320676449
522203188
2436628448
354984556
1704867266
1362035215
2325378367
858285733
2210933215
103065157
953248862
15979318
138369105
1653575358
19152735
1304185578
95023423
514540706
1005031860
20430077
977995574
16742806
71625140
516715668
958751048
612449376
1199054702
1371597272
250695402
1863189362
1364616564
2337991664
561660210
461043116
58959991
1306687789
1966764666
1692956347
45150515
1527506376
174735910
2154448753
174764313
721827734
561871582
54311364
17469492
151106990
1713542732
2274781093
1324571282
272019676
294277702
21114659
2148553704
1615463502
525356241
2185196948
225440394
40929668
227729078
47624589
66369181
19611483
1164056179
726748106
1892357124
1638877123
280565730
325673389
114455798
1133370031
168127554
190045630
1323567948
547840316
113597700
233136074
331878888
580917150
338580501
1728940548
1729007461
1155327962
422277765
845250133
722902813
269661382
1404590618
388368711
208747547
934574406
804490669
1339835893
20521828
40839292
14697575
1955695957
441690126
190685193
18314339
1475384120
604531515
1718349402
744860269
269729359
119385045
1577143640
610623181
1609942831
87174862
44922611
113738230
700860433
1668047078
47187040
97577359
1555506618
105382622
604436642
183165874
580145327
588410874
88640139
812583241
256641926
609784922
368334238
21332200
310094630
254506696
1326277790
273088373
398537661
702994417
363740015
403586351
1307611178
89787662
146689704
153550209
515838635
305159538
20609518
325543734
297338937
1408341811
126829561
718472197
330154747
472881171
145935897
465460978
252475941
306245491
229129507
278776049
830923290
429795251
1093090866
19697415
17965523
15224867
1364930179
757303975
1330457336
30446521
569949922
300257973
156651229
275616871
556294722
773981503
35631507
104250554
9245812
178687641
16589206
236747478
385338140
14116807
103810387
37028185
409065125
45034186
804133243
492961323
20236242
250715910
755305110
89409049
43367847
319286650
34269177
389843252
232153070
282590693
28140646
32359921
8161232
15110357
4898091
284060580
14499829
31502877
19003302
175683215
95019191
316926070
56844220
295663598
80605078
18168998
495306631
354867865
215928480
69636506
58771674
92246136
50214291
80681990
1122120912
17137628
262075775
324374790
569459051
143006406
219205220
387124840
199221933
364133740
898277012
20804310
231605446
632080343
117159195
254039530
64144638
19792878
47102491
266072588
446948057
23822431
201356888
197341208
391364540
329593876
1169133055
93316701
26792275
254145152
254189881
788524
16153562
17839398
455587954
253439623
394345765
474260950
875174816
288638877
91478624
1994321
48359021
288924652
374030859
23578502
355696940
413834012
295551972
84672868
85227149
472060321
48866616
270413624
547028941
254609278
26572725
356236055
267063847
205877470
247264654
31395873
148517828
365595304
23933098
299507915
623906529
1137425888
497757669
485585109
1404202866
808190023
452850112
47359677
397119146
802633681
43849103
531025922
1289176868
45608325
14275129
18980735
166955355
223170101
409976591
25985333
499636416
42953038
504464708
237189703
631961647
126433539
304832848
402684273
1410819722
364180445
300875329
415319497
18997592
73714551
220183960
193230514
490296715
255430705
40829737
255889435
372279203
358623863
471046762
246296480
19658585
450522719
1877831
555033249
87818409
603561845
116799581
300789811
11680312
17899109
15998593
437327302
254557715
460290444
313234586
235206687
320749455
749926567
249637431
252008191
280559119
457301023
331556152
155981389
841763720
536203364
476763934
398729341
14677919
339560912
84149082
262055310
517565253
562207545
469935873
269780552
464560506
25387183
41335658
271859183
15809249
1329007495
544348755
608501457
1154425765
347090087
65587488
634599390
1352001853
339060766
216299334
605336321
326530394
17988700
75069067
234367503
259441976
350940221
525218924
608215470
60255263
21982720
14700316
45795565
438682166
290643641
744999836
871681970
833830514
252119096
56960258
35697740
34006192
47279129
273447691
280260681
1299085554
415230906
251741485
47583917
3416421
67356226
500704345
64498695
478741217
142033786
18217117
44657518
475668325
219369725
417707564
578816587
513014954
97611694
611463379
351585836
132475720
272948553
19397785
190666225
80152042
342196941
21652083
33388399
83807056
221394373
306154110
87262807
493236105
205143251
214027700
15762708
22256645
27860681
16683014
253417687
33933259
5120691
40729282
19915362
277530528
271831288
324830523
267327795
275438200
192267979
15096735
971008026
393508248
233889041
261677343
437398785
524190806
509850346
443771214
311501332
265926404
66615385
418888999
326697710
156193454
18983404
256527354
251658608
56891751
522131977
538101032
556674546
216829482
361739359
497697384
153004670
267587847
259788138
361087793
97236507
460954878
590961410
344175073
322557315
331651980
246608084
242668950
531058305
25979455
57006124
30313925
249063728
455627891
263054250
262110239
424923300
601992546
307897717
128637475
607131351
9624742
14224719
409486555
450093834
251172045
327849705
102657665
527386103
112440529
281933924
286594356
347845327
73877533
261565975
444719894
354242520
287733236
261094090
265313277
361141131
246198232
481389889
179474030
34713362
428333
14511951
14075928
6017542
14293310
51241574
3108351
2467791
759251
372575989
2884771
398571532
274626191
325716232
269891343
493347422
85346528
38403355
142662132
96976282
85319090
212611209
469106657
299705662
30257834
48965976
807095
771012702
22341950
248551201
83658040
412039306
55575474
5577902
296336921
14795451
5402612
1652541
498825151
88708920
126955629
5988062
41103933
284967776
813286
14159148
343952969
493111110
255676867
491119256
299670361
262236289
135187648
50393960
276858797
443858894
478609910
319932230
191478785
358059957
333007529
20846790
239720663
252657929
288157041
248868829
317612402
399923953
256117201
262573891
298706321
288674563
438189334
440647714
298049349
75229951
31157984
32403116
253460734
277984281
287538694
177639931
286603623
19674502
474778210
251512901
83102923
47606916
111319219
267225285
374566029
364950540
20139563
96941094
266423380
320295566
69181624
197347638
36670025
20386834
482242599
291856891
193863541
559821930
169966568
340441440
451182545
337652462
332994013
64790507
31167189
308090489
257367223
819470108
817668680
270434868
85061771
423407129
236891946
233953901
300782964
253213737
253257771
37601149
742143
