1775731
1087183776
18414364
5412702
3292276008
297028917
205646383
478458740
448095817
1249676186
17042078
3272477743
481943972
16688374
102417054
3252050569
2636125542
23828455
131942721
22990491
2580789216
515556168
3171569663
3156531065
14084887
384098957
23443984
3033423069
2153641262
2981923861
2820331265
485102889
2981414219
608585731
430709194
2729087478
392355134
35880417
112475924
143086518
565866811
604880882
2855570366
75865329
53310809
255201194
279605027
282494045
2472576967
19648567
2244306120
92241457
2270776861
311294894
19596074
58805170
356020201
207346985
118106351
21634600
79001740
2414972576
128292609
49445798
22850643
2208259747
1858407997
1676175931
214392041
38172036
974041392
2188984665
24083514
14746356
2184119595
38684725
785294065
19767193
87157371
2177968770
1400404514
1895019607
451068962
1689062472
27978241
1421480034
493533362
1595392003
1851517538
282093089
1079355888
1109591706
83424009
14252342
185910976
135521969
596654385
262802232
105973401
352026528
804915763
589975555
514875912
249308339
994511898
22035690
17156053
45373841
37658321
1332749610
1322681972
1304259158
177005581
273940910
1242788624
331190238
1352903202
32449768
378259736
169249504
93038048
318485472
262422365
135583203
575655913
153814910
478551992
33826996
15684633
262365030
13132932
20961822
174740894
22597545
15859033
276259528
19843630
1100865776
713648564
385276586
35796621
14085070
269025730
512837961
133483967
415075929
349199931
419056085
162014851
314758565
241278137
15154811
33977598
254806092
19416598
21082047
785860249
785294833
31108248
198738534
120029735
221808649
247610675
270451177
551112681
60165542
5069361
756475
21611239
14327715
296433450
24259734
41215558
14729597
65226750
17905977
137717878
330483041
14448779
15150453
17385903
20077270
168508631
16629477
35304791
26357731
195820818
15084855
118975084
17567533
29342640
14043142
212590401
174202599
