438851939
364797487
2217782712
292403049
74159604
562781948
78533358
473863406
43105334
2163559417
296876433
16589206
1662224046
1412275207
1200727465
284566326
80864710
174824747
1010914028
1952253805
953248862
64252221
556633549
96113266
516650195
142767466
46078438
80048596
252672612
88708920
30331417
64001425
114870386
2936714848
93879792
269780552
593633883
18567018
185808487
14559745
2876393283
42434332
285690437
2942978628
82607949
278682576
25093616
22733967
60900794
134170807
44027655
120789086
90827141
160862458
2622776698
413129652
35223607
26203847
2492005772
29104529
35460589
15145521
44980087
2273150478
120097281
344361644
435681893
76973651
19540483
352053266
374268208
2480168240
141255641
1339835893
1491876301
110678561
901961750
106062176
58469224
16695311
293004378
16011644
238832165
56669086
1485383018
24886025
253211316
40904937
590966415
50393960
20609518
130910166
814783807
2321294706
192565203
84944278
144094124
441938188
226305979
64643056
146095589
279010305
349285243
49279876
2233694702
94235637
294062704
321321858
20280065
14813320
34568612
424273392
564853309
17006157
607194817
135430876
101741693
14795451
58408750
225007170
17621767
189948728
529097431
202539226
848950321
316076866
615009028
138075752
27581517
1408341811
2253620400
17573212
28852952
19606528
466803719
15977916
66632797
1620996818
19118801
87946729
213831149
1571270053
184420414
10778572
113591765
353113087
867351037
494312602
1261762856
28101951
233953901
37601149
339872087
253802782
1043119142
28207839
185408277
714249878
270296701
245841182
542848793
113694823
312757790
273448833
38689870
964511856
66687817
93494670
381289719
732363570
34570810
597869765
727904017
271452947
92263845
253213737
40205617
91147768
1179521676
1174952802
19037859
1652541
84679163
84115098
124436459
607220257
414266785
52487389
229709694
60308942
52534444
561126205
56967586
135481339
65339733
342018025
111423211
69356392
428631920
115515787
169021842
561975585
164304654
430250670
35810531
240430897
14135346
26792275
11178902
21114659
99349334
487352746
15762708
443945864
236842863
19906974
68999404
633067584
222086924
59157393
326352942
244655353
52911590
485481599
16348549
46671396
111416652
19224439
403478871
262872637
394060363
813286
419405454
15173291
211263022
117108955
39515471
145935897
5988062
271505240
16683014
33388399
15308469
19029306
41814169
23492901
18028509
36843988
21982720
7717612
80338450
106681422
69279164
19177501
19915362
14800270
15460048
135187648
27860681
140897183
364761686
19649135
27830610
14499829
36924745
33933259
329666643
17338028
102700680
24744541
15023363
48476482
36670025
5402612
742143
428333
23317826
108315250
