3997346243
3040765646
483050806
193820522
3163069867
266335266
428346117
2812281492
2294628337
110445334
20548440
493581434
88798353
176841132
102147125
111240269
2902692497
388581901
37354035
368728371
307520419
291292697
496415954
314513440
2881024622
16268340
2798810741
2787160513
2385659659
422312465
2733017774
61106158
1945330290
2372570107
2247765384
2396726238
550635130
220070494
2290187083
456872471
50210792
226318039
1132948555
1508208078
870043220
816112106
283849616
42984742
631397010
14453202
1002990643
902190924
478136900
33600157
1586945810
926256846
87517577
208755112
503320148
404195033
291797837
152080881
74832434
169786131
37957896
140196247
114609586
263376116
475365026
15804837
279239110
411986759
243236975
509506415
1170707082
551278206
138559847
252914412
78114017
113685351
381131730
186180317
97349265
30248029
26351964
343358997
289418264
117288714
1510486903
115446862
373496849
23096449
35966135
580129426
95346455
114625663
14325968
849467882
361365670
310535008
221499038
109348709
36887243
84182459
74609689
153877429
74948825
45716847
191671519
24854483
2557521
26257166
187784084
71023061
171268106
250295781
137539362
273231966
258022725
327753259
317255989
368565519
21705478
15533253
125383306
26423464
69020729
61248318
73544251
87764199
80793603
56548852
69453516
185802351
15211602
19396800
38720617
14118550
16365686
73181245
23620660
22930958
181870037
94225854
214986812
216855454
223278069
223307197
204632876
117485485
132303731
19614067
112944594
182681925
24335767
22203223
36066261
28496774
109346200
57103944
21316042
61028019
62888867
62887462
38711103
68809626
64858633
15441117
30971588
53164682
