44310665
833612154
195750637
1015979252
46335511
355696940
14449903
89409437
474359398
23584333
224273474
33388399
1955695957
222374553
149203147
270355230
786764
317650928
71594919
154751587
2962554569
15110357
19585282
119646422
342907214
171916222
19674502
1849434559
15718863
379615257
2237667983
24537270
48784644
345292291
39520708
19224439
2167024332
350958562
871399292
106639813
20337475
338605243
74265849
413140301
468501712
16735210
42953038
89149050
331014006
58819992
131833250
27520838
43922300
5988062
288737250
624579080
15719304
700728060
9624742
807095
51241574
1652541
742143
5402612
