3138304637
43349332
4171429092
3154436700
1971113298
1276883383
3375012465
3292030347
2413485445
3290574379
47516412
3246920908
2580789216
71293921
177227740
17645638
3696565097
1702975598
248269543
1242788624
1595392003
104475938
191583687
147114063
17396170
587376806
3320319434
3178131275
161078090
257893956
3654847993
1511938453
3317663993
229564414
2791937658
3745346543
3298300749
3260569213
1291744758
392801269
415162347
440962635
3645954988
2680343689
1250082110
133483967
2206059961
2677651494
189288281
3026603044
542371242
1202066016
364545787
1227373182
25983418
20850321
2973354573
785588682
1687765428
576442316
990004279
3316179578
3307325892
187560190
85114554
3397939595
985759850
1157578424
1262637068
3406540323
717980653
3302892708
3302882472
3161372814
3404874371
25151614
2864596055
615784548
3401761023
1556971530
575896742
3388410460
258581867
331265590
3299660580
82285908
3378627922
3373822103
607841323
3373750636
21248379
3285772986
3364208597
2907776741
2729785128
16595229
79048000
2440472432
378812867
757668055
328098087
61346358
111698197
1415678594
141008542
81375076
3308991850
2303635788
2809805575
367873443
2974901955
2313732950
146502086
3364159654
3132957865
1598452088
3351747849
3199079085
2836793415
83208630
1261637024
197132222
83898067
636493935
72804450
3347510067
745813766
3333526492
3120965706
15290126
3047826673
251584284
137717878
3252758658
990904392
2863834038
27937440
2534567463
467905151
388850360
3327102388
72842277
1694260158
631299449
104606913
3034214643
3024665298
415472140
2774242022
3238448948
3038372658
233372517
73870184
151688561
835699921
3305960134
3021697442
242334946
13399802
129848366
2786348791
186154646
1190205782
2559918498
337886919
3188818303
65647594
17007351
2529158347
3131247683
3002989763
1507617380
143235979
2836887803
15409625
1559036856
1053724531
3290156986
717726750
1096234057
2717200609
2574834234
1046971356
32423136
90706043
1878830466
16649473
945848184
3192573188
388994989
3247910655
487954976
428694938
406414765
3233542055
3189451747
1135472480
547826546
3188933010
173189126
1443614718
319669334
3110777490
1071972253
149603731
1362852985
2546701566
302597866
2656601671
3139665204
480377397
3207632379
257350479
2687355469
558902406
805810843
1414040930
2870555779
55752820
2733320850
1650637086
418317904
397291963
2981923861
1364311825
3097166903
3132007510
2971506592
2313751399
32588979
2357230213
2585329581
1322712355
279605027
23085502
46473066
2409231301
25497987
1284812438
2358872550
2894073789
1173255505
617429146
127172643
2383901592
2933101657
3075250122
2208259747
2480103232
2687999594
2640180503
3045094519
25743783
779076895
723192164
2897976637
27768247
2844569713
2290307712
2898017246
190087087
146250987
225034946
2902438839
2309738306
1325354862
2731430702
35263127
2766124519
2959535091
2973923487
23758740
3010409390
322168064
2546631546
2682384168
2233451359
2932871799
2421094333
946174502
2991704282
54926942
2239362374
2981414219
2649955051
1448304912
2829966844
2975547145
2401716482
865926956
15359205
2980458689
16158504
44544574
246619369
2413216260
1717315062
34951885
2612917682
2177675388
2821563630
331521853
200600762
1337118332
2962205353
1101472765
2848084336
318072382
918141349
274590281
252204344
2949578345
562817107
334969657
471728005
419238948
2363567209
307914319
2921613496
314158631
351566257
622511438
109379148
415075929
585949808
1365580770
2870666901
2383827776
354472005
88764812
1109082601
31221292
2609994525
1877372130
2308995876
264138087
47780014
2515481965
1158341857
254806092
2402497014
2559329900
2360
2798665298
35426324
502151289
316707027
2876142462
23435238
550595743
31353703
2866517150
17905977
2314387165
14594443
103161416
198020721
233278341
2369945382
2872686170
2840741906
2870183364
1290706309
2150041849
208442526
2820333649
19286708
14491507
18456821
2873164780
253536357
2332368062
242155735
2309595541
608930087
2396596650
2789392081
472272881
1128468090
38241130
1249726687
2652757752
625924420
2177654221
272649054
2879642556
540281606
17773446
31014783
485880944
1902450630
1339861866
91864415
628923884
48988084
10932452
215759696
65634864
132238178
19178857
621102394
1624454100
2828350597
325100970
18692844
285658202
24261232
1241258612
615157718
2727638732
547869679
68807315
14189044
180052674
2411712558
48339714
633471246
171219448
2854902001
306988639
32340834
705253482
149000021
76733186
2329006532
2375288959
2638903488
6742592
626110913
2732367385
2396799331
551346281
2444885288
319789805
487673211
28611038
2795046302
1315442353
1343632424
2764741506
260211154
2426899684
2678260008
1537587704
11783582
41109816
2811770483
2275114487
48799978
377784881
128275616
29429862
1499925510
988019876
2307486773
269559657
154608739
199313988
2373175536
373971136
188607519
2724924615
346826996
61367340
2242042681
323754242
64456502
411436304
1679260675
933330985
2761450992
46300208
94569565
20198534
30390019
1606102952
197108944
2826832092
2167059661
24228154
144577227
2590210376
19084034
1552637701
575376053
137404743
2763990767
1915514191
113740810
2800364413
2474024713
84626947
2802558480
2803969453
151257881
259050470
113767693
411697025
1315135850
9963832
101534369
802665247
1362639276
1164414452
20940853
14397125
588586596
2352296922
2329010126
69133574
394879847
37666263
71557700
2388371658
2716751564
370575135
2776934364
893411089
1691953982
17402492
52774160
400288504
2486394344
2768055348
2755713602
282494045
1857869708
292280780
1684169870
258971278
1676433602
169249504
1498916977
2735207551
266508414
2319587492
1405149102
462472862
57278393
776213569
2717694091
792822860
1046034853
2710580269
15496407
125466113
16988384
92676153
296433450
1213590199
1334738851
148592808
7093352
2691011232
2405803252
267838491
238261568
2377328995
2487853952
255717295
2678236062
44629346
114566919
942748020
551112681
218464830
2660523104
22839233
215190679
33500024
1856268535
2639088547
2174978828
261808028
1400404514
2583382082
2277806508
369528413
1589821903
314014368
22419487
2282572382
25774136
2602846615
470855042
787765068
1464370796
94385361
2280385843
455377929
832520256
1711286204
911658774
313297414
22554631
2562724922
963467166
81737365
1029867727
295338833
1011825403
17986882
291559186
2557915058
618462026
622063303
458760332
1444065481
615622346
240266100
1347344041
1385847078
155439838
390721007
2530913857
477395210
15060141
2521422948
334203839
14793714
160960437
373568407
2490887346
134545154
2516897582
69605792
33604444
279418921
546667400
467580777
14849816
1421082818
15926695
83870493
2189959894
143629076
23576240
2489140784
1411552897
94356698
925824896
2148517157
1230460638
857177724
69914884
2474452219
2248909892
1425644274
20374729
196855404
259606392
966935694
952337156
779130031
2467226497
2469853436
19409313
122795357
378272434
1291199636
144612928
1492807728
2449821722
136075940
466206777
2253816445
93797544
296391169
16602000
2274994068
190734647
584020987
16435797
131498466
566226913
352026528
17881832
1676557724
59618931
1540566667
2398615128
245682624
163877949
2248654590
387738470
266483128
195123437
1075203318
440256951
1918862582
148815591
1685908440
322411475
30435885
1245487578
1541334302
34018296
2400942902
2401263265
2387414858
2177238678
1604459690
1151537048
561472527
894518852
177729631
1202065261
2392115677
2388230726
257329870
2386974907
43848067
234847288
527706284
322026685
49273885
283611777
1019670308
329441556
536943873
622238344
1638368941
1705984340
1884138444
1530953521
2370961154
42697288
2362427100
389024573
1006903940
119867076
703239222
2358320270
23547345
2255333876
2285597287
2352589152
1676105780
2342928961
370879693
1343132275
168508631
216979622
102417054
912617426
54417193
761707357
2290024064
65303217
2331175003
27470287
178974461
133239513
274000727
307361738
2319375978
600533040
757679334
17667237
810577974
829099776
2246304439
1731278677
2307770005
2266285854
44120745
2285467586
2302136934
1925244079
65711092
242539525
1728335761
2294625258
1727453592
343553010
1388592445
411012219
2296191061
2240803728
1297126034
2292210726
255585256
20745130
2285471886
454672697
214887897
499639238
22421578
484963255
535995228
83424009
2214371094
1222964702
971704646
14324284
45579282
844924820
1413173948
1004473568
19409943
110890208
2147766068
10264542
235893096
40491876
19745335
2169023419
50868491
542073053
19108922
25543267
1915349490
404014057
1049840323
48966898
941766942
396398809
1571094343
16174754
96338744
37722615
575271177
187283701
1462834692
224223395
33209575
2218999273
239255514
361326082
18465081
1004731015
142717039
629787945
45516390
910094054
159951505
768446024
45888076
24583403
1545031921
257651752
14826808
103004948
2216245224
59319817
2212876981
1687831542
147786817
454724555
1547612810
582872181
575253769
1179265111
1524366572
19717244
177005581
21439133
255220185
14296053
1632090733
562328466
594643753
539296619
370437941
333748975
848504214
2194507915
2191109263
1949132852
260880504
2177968770
207346985
176089416
1959469590
703361190
71210524
235072498
18608758
208687668
497219112
2178911414
161044929
296644509
271767796
2163864264
15276911
221731441
245545600
2159593434
217963801
2165843324
2165734609
2154027642
578991574
2384071
2156389052
45923583
1860665467
874333826
1683907591
979530805
192622978
30663682
559756727
567621316
48306404
928355066
1270406718
233860875
270451177
1947072912
37547775
22171156
37149113
1936282274
1952251453
1708856215
145618946
1522445748
308040413
1938608077
578082150
59257007
1455096115
1915185822
1475290080
263481851
881369844
360057048
1154241570
40870398
20444825
80618068
56135094
38146044
93038048
14589654
563811286
18838624
1241433806
300699873
216966312
495425905
1884202068
1689053474
1382326706
385967664
18315741
19668775
1879674031
946065337
625733568
16640235
200634860
1160485554
1551017384
107951610
16515488
7973282
1703473020
194504872
79836272
13918022
558148770
250121453
107037417
368937339
19808176
1512144536
1850346780
243836551
1657915478
442866144
770368572
1661685079
212507668
489046545
331202983
236028023
466751956
472057669
17111287
44695301
27247475
26635279
1065062888
1528216394
259568572
1250165227
1230943206
62395469
32853823
18089292
31936449
772395596
529160862
299245392
359532617
453892183
997629601
84238977
245107956
632538212
1676175931
1685136618
127003086
219702063
152722527
21906582
155230346
430995737
814824506
634109297
1671296839
445846744
14568034
794631618
998407880
156920978
45399329
171221404
64554479
221580114
89166541
1653129967
1049648065
492248801
18655567
1548664070
97582853
342250615
910466912
1630508299
230944453
1431747402
79043124
1418200891
1486011102
52967177
1472866045
15001764
1630583792
1624530739
1609027501
247336430
600803781
1537696610
815177160
538714687
570574417
749379602
322122983
1531687717
1534426626
1002014071
29717083
1414130274
1370684718
1565839604
1542662550
119624643
1552240092
21917716
829728188
33179657
37561616
1097361890
115039678
493533362
1192841532
3795281
815230687
768404342
575475667
19360666
1414183850
47052852
35337456
64319270
1541676991
90938411
1205204419
77829137
22741656
634406525
382945026
635150645
25168865
134429434
19341683
765548
589975555
52177412
38372813
589113225
786822457
330101315
609714086
1483869684
104532552
1474854547
1437690446
537940429
19863141
76956597
59518694
291824300
27924685
459036285
1128132072
1398327727
531817241
93473293
17563527
300735398
1452134132
22396101
220139885
320404737
49270737
858317990
256793538
16227629
318053222
153814910
842468605
22478416
33249457
45373841
226368791
42291620
17402097
383667592
283696216
96102210
150607679
25013423
132594097
291815207
576794667
88700464
1410466843
251456768
575655913
214099847
156989502
838389517
19920464
1158733934
137386838
466626618
517947830
408756176
483162710
1235031679
267256091
261283740
1205345400
128292609
464996794
1120098811
950530154
1253721834
15987188
490056323
24259724
48961478
32624460
21242028
189172089
782615960
1311764599
198350602
22029897
1324542439
745320876
26983187
39282190
143086518
1286506417
20448573
166022406
267324132
116877838
14239043
1231476866
1037070402
1168003974
1524781
1237502864
1113838464
456361953
424429106
262365030
909450024
242328548
185910976
28912478
494508400
21206513
19313995
1238180930
1217132137
1227885888
9618642
195123428
18328820
224896427
295344317
266829863
340435374
598802573
326521014
17299321
34911781
29462444
21285557
489950732
199462709
253184910
1152532332
58235603
26858764
32427234
334263857
49279727
389875305
272593403
325719227
818543700
216793572
62183077
897684764
1115365544
176883031
405033226
384182912
199737585
495517322
161939929
308065135
88936048
229711796
388392482
595272403
167852209
18964074
107174526
11317392
155848569
273578767
29342640
5762302
225911067
19534829
194475085
71314474
806393046
960838428
823650480
16245822
77907514
937783134
83003460
21942174
922238588
6705042
19420947
14043142
47983577
185402175
443885191
122973487
183661891
439281831
85906238
385276586
378259736
856471832
138851483
44438256
16337598
17061155
148117155
459572228
114857580
18414364
41215558
131999950
82920974
276643081
390783272
91368841
14897792
16122379
199360809
297251552
466062053
19984919
93494670
59126394
380816062
41852856
15117942
293116923
768562657
25166438
212299083
196877476
157449978
425539276
35304791
580411725
575932743
278446404
34540379
21237486
388345704
226691837
7079752
561297215
15154811
100068931
137836269
12819112
36814136
29726578
91951516
17221246
52584039
17251787
262817233
293110255
321652549
26616462
183548902
17047208
17042078
127305588
241278137
105529826
14085070
320268880
11824072
24001758
22353109
19767193
25660098
438540090
635123740
59221014
82336717
14738561
563126149
20361904
320210499
16939942
26277608
12286942
52010875
14441838
577178402
16629477
242045403
543876839
19843630
19416598
314758565
575852195
