3003331633
2336426779
564870157
844357513
388471366
2659372678
2666046889
1411456406
98251911
3003821512
24186996
1252055724
509273285
1898974603
3266848870
2699097006
18696855
2212554618
589252139
17915518
542749187
169045929
101806923
2691813974
3044032559
26927297
378197959
202635982
216558300
119512652
385668084
3287974502
56810175
16667912
16280566
1636076599
32189846
17881816
45413510
17889970
17997789
352673744
403824092
2167247681
1569180318
1246397209
12432262
237650650
2733320850
16827296
8592732
19971474
76060246
2513882408
17754180
1946406337
80201928
5758642
3351665423
2456732700
3115854416
3421683827
2608206925
2208386749
1978436394
2347809541
121684992
1479412992
21242028
264124770
247849878
487833518
23975060
872423437
392696986
1531589653
26108734
231916274
455769576
517219350
2384071
65453869
72842277
155748301
83424009
29780473
221580114
3306102543
98357151
372808185
147759481
153800173
31484145
29781852
407748533
75037497
14774189
312496171
22024458
24703010
20512396
37599351
621413
223442231
307371409
356126785
31231446
376211514
1069836566
171655412
21238552
52084211
245682624
2360650908
879161563
16027225
171533143
3240543525
387976826
3317152359
2990045818
3295519215
2327359038
1877458004
386120025
1585589059
19407053
25581439
309978842
120153772
939888091
2339277288
88776580
49044100
354729119
1461653630
2815334407
59126394
1435151786
176255141
2413216413
385804820
3203140707
2829265331
20050420
3081802612
14759107
2337087786
182384817
416646214
17949241
856128990
154612304
1395518240
2758681690
1584500023
457155962
2836453703
109611471
17068373
46046512
13787352
41615372
1769551
11274452
47886991
54430133
220489279
2289779582
2244866279
1248081
17843236
14062221
14755273
15551260
561376288
16490115
1362983546
2356244840
2488798903
2617513224
66064952
1027426651
3152882681
331443376
3019266457
211800056
139936116
2617334676
17350542
15081182
198713831
30534285
2281110027
19091819
601760522
133618901
274431472
350536137
9518292
1918127900
305506258
35812001
155183410
8266782
311056176
91274231
499908323
116469425
33920667
364892784
282154878
3014959205
1578738596
407990089
73231838
38015405
15085591
7019062
10427102
556986491
415599782
15008449
609463082
1126116680
269229228
3192513738
1206145507
3194677964
316438027
360054369
905713070
342309995
316021776
183187125
316369843
110397757
9940162
1507617380
2437337299
365941621
1939065583
209683746
173413459
377825859
28902887
1016696390
313609660
718625752
1409953748
1591687903
2931915208
345946311
12705022
2993389921
109669470
3094781865
9207632
226195230
2937554790
87801083
2911662094
88795399
123582098
48663691
120207925
20759984
16909049
69427064
2297909455
129842864
46625755
2159185646
2506559098
109553437
2414301330
957592284
355032358
2983148170
846462966
78731360
145305040
233686855
60415061
14511951
2348251069
365904677
19930296
337346349
2776091545
2497621
19758877
86393809
3109999563
1853940198
329017860
776143566
2184211944
112737763
14370559
418521952
2900752222
22195223
35304791
2996717478
14897792
330101315
39282190
16063891
229509740
463069409
575932743
34979681
2427920617
2444611340
3216020595
3140730672
1572820862
2239931886
47983577
227753217
2715971
6535212
2490165774
15987295
39258833
894057794
22708797
23771696
16926069
19711691
85025700
14267832
33279328
137455381
14174897
2775798535
73995257
1642000290
1143863730
1512413670
95048572
210684204
3086839620
131248175
1514537366
38518844
61206610
10880202
32469289
17964478
2233341246
2929674196
1901997422
119802433
2945940359
2829821241
14646195
370198411
2963339232
2980458689
726470882
473681874
243558604
143878632
19084034
118975084
260211154
22419487
276224538
14315063
21218554
1593914592
2402568709
1411663369
23100231
2904389591
353457568
551821524
123674234
145289882
56360970
1545981176
46400289
390020527
1596263696
2998408264
476562281
18295778
2745692126
125547081
405033226
48370227
412305535
19066345
2896307818
269584194
1447528484
123926189
1225758774
17494918
85582220
44491851
22756947
14410280
166315104
345673106
242645565
25743783
15302755
577451683
140951152
16892009
4531221
1948020342
2865658416
280648542
90699238
1157578424
1469872747
3003893133
122117323
64381024
23186166
2894469489
222530385
1938663272
2616125786
48564118
21423021
166233427
847831063
2462509141
3044109105
14755492
14700316
69231187
17137628
105231326
15532569
47479606
207656786
455035904
2562002873
2836282260
374426116
29994058
2999304183
15496407
285028993
309909647
1286506417
856471832
570005704
320293216
1921062409
510484741
792235213
26993786
314226317
52133120
23576240
253022900
379372530
39522692
46959037
66998204
28567809
46342393
809462749
16122379
30924802
1911086456
1561448815
2919328038
2798261472
43570256
253022011
625465346
2910873196
751658238
178661646
137352522
390380539
44849238
381224222
1205718840
20312513
95531683
23389575
165622748
142937787
10989152
254719698
27013292
844619190
1277614400
522325755
6815302
473248571
20992429
820308630
921330608
23022771
64908451
487652716
96217004
2788529930
2750677613
19816900
2647607972
20410279
21243457
27418630
384821782
244874572
2177889870
1918243664
27963017
1705051814
358566293
143779403
60845623
2340757855
20643650
24290348
960868651
31353538
2678043187
390046155
2583388321
2878784774
3355281
107502030
294692715
2911536236
396939695
83987145
14562968
578030766
1425644274
1550967517
1943606492
22108332
2333664102
335241933
1967513822
2281107152
1224964850
79975924
87707751
818201617
44331635
172418264
181550972
2196509533
1614209437
20763344
196214313
84148352
281656294
74946420
535704943
868277892
55606313
277012264
2295038437
22478416
116471907
18102284
16407746
57882881
125983533
312081061
22093372
2344925804
19137574
355410879
314515684
17907265
182406531
152722527
2585578386
222865265
283136436
303716010
15532983
1260012025
93379406
891821234
250162752
2908490672
101712079
378272434
288426538
330230523
116867280
168090600
64368500
1487601
561964078
1709689753
82243
19606755
2889174685
2253816445
39958512
630558314
2836214937
263708169
20956102
102785126
247224180
17899393
390233709
64375648
27850283
127818145
366648076
19654724
308379387
742143
807095
87818409
14275129
35193165
748020092
2341901658
1053724531
235893096
293213626
13837292
1091007859
2838394994
1524959642
4408501
1471881997
2201401862
1960518145
2835766868
1965073513
1194962714
102300277
1446424304
2838116620
2166469116
2829766659
19672893
16926027
1134478200
427900496
2475565826
1241433806
2836300450
19282539
2375288959
204721301
79783264
26099938
14303895
498328279
283416465
17577694
33257141
47442513
67434846
135528262
291085537
313939160
1262874096
1386889364
1506348020
1925070709
1927527138
2532315008
17939037
24882216
72343290
14476147
407395156
214005712
42383845
384182912
45373841
354221701
28611038
273354091
27924685
18685554
521593626
21439783
2543376930
2296671973
1479189452
180742646
24205235
235317349
2250863419
628765360
40854900
1530953521
1630594033
183749519
2314312269
145281825
43312041
360619453
2190906684
302597866
20772268
233364902
296644509
14711491
582757524
136661241
249880526
15196734
2465581517
19757915
1636583322
1439685422
1413130734
1348011331
1543881498
13361922
50076223
251502134
2315551122
49413866
713648564
2246304439
2178012643
10180222
239255514
200176600
403586502
22363264
2347473740
218825388
100233707
37730793
43761917
67848306
192502203
222909271
171496247
1056038947
174847568
111345745
38871401
1575952254
569734172
212729884
414117595
80414286
255947196
19064312
851314873
130579391
229192282
237087413
1175564510
334912047
291332995
558116232
39897996
396259868
806689
593919531
36917686
152889033
206071884
1650637086
1307439798
2310813937
77014927
485109912
423556756
48695135
57346365
133801111
9780512
25950355
912617426
318053222
72636999
252343730
2151642318
2285361930
351921968
322643721
68375541
226603998
551401384
337862782
21090777
136543208
843667993
36048046
804250604
56658730
58888253
43669199
68384103
1144882621
14497972
1449698779
116749635
2196821191
114490650
29460483
325719227
589241352
23184457
3202281
1522445748
1201186872
48966898
354472005
325126593
59855448
543876839
350424151
31465017
414264241
91478624
184866757
53560219
14085070
21237486
19843630
19767193
18089292
15154811
562328466
903112226
1087772798
111020569
24163191
1843791936
206255645
819440022
200634860
223560830
492996846
15233658
24918834
16150688
15282064
224335775
41822696
37963496
28443003
1971185396
24873392
134573771
177891462
299273962
1519183848
409154376
262365030
418724098
114067136
867934508
273935884
637087464
82560556
1104467040
50617017
410059729
45579282
472413209
133545597
333615851
18021517
255101659
134258714
476238744
114870386
19116515
38205414
277117376
15700906
1633950396
14245811
580175227
164574148
115081394
105168495
1552637701
37732219
588586596
230944453
1324881313
356655820
722229877
1686022801
57579512
1704312426
1900069801
1903979808
253167220
19651440
1920639661
577178402
270459074
576332699
2156234758
177176270
47201452
33754337
27710985
74724779
149603731
111919182
480625380
14088718
19499125
379212448
1538936353
74599038
1397908160
23217907
1734409580
1952975701
28876514
370075503
6447482
109221109
215376152
319202951
1139380831
332887433
93460230
1067988342
57371866
242495063
17221246
1850346780
20712422
26710373
176089416
1489776218
61702959
107174526
85906238
235254661
589294699
16928926
14700258
45341566
26832834
14617444
380816062
407068486
14277135
580269594
431463368
23789956
386682375
1728408043
26355490
575655913
1313743338
256563070
60444558
1588224654
105870986
247004412
339755935
85980726
1567071079
16633875
270938020
60633599
571202103
86705044
897684764
38530021
53361049
995299098
43848067
187472029
868609854
572062434
329600057
19241553
19657120
132523809
532284837
86095091
20519642
92557214
1110235812
108493356
223701292
1667555984
14043142
1362071503
287568380
34222024
130241862
19313995
8963722
19657855
15110431
16895274
621573
538533994
127360026
17449143
38892114
104786280
79997785
21576334
19178857
41358714
27468198
1216228962
38022768
274388734
27944885
932847330
27512891
567600480
199737585
19668775
20007477
1241258612
541520278
15428397
76482858
383788435
71626061
425790025
1655029513
87745201
469324230
237895166
980046830
384986958
222070084
270601677
85308860
1522181906
50122046
32588979
3108351
17425484
20937582
397291963
251848888
1019967199
35174916
50014224
490056323
135583203
14506075
149799395
251014029
143571157
555155071
155844883
1381916354
219938539
17982159
19676294
38372813
64003841
20478716
19251883
212507668
90598116
20693661
16649758
1073530544
19512493
1435461
32372834
12819112
589535421
1311736376
127910801
39478054
273616099
772395596
627934074
627038379
234367247
189142053
526010396
544481207
317838702
200456671
220403886
905109390
578198979
397871845
15060148
18226927
119867076
45923583
29600755
34617752
1229638309
256793538
232895345
20053410
118266357
220000283
178566085
14543524
479856619
48180033
82683644
733006580
636931259
309043147
88722311
16245822
15480686
16174754
215441635
495517322
87198154
600263982
369574945
260685403
79024978
492806249
396365748
44438256
18032441
116877838
32624460
1344951
32493647
112037009
630144832
146502086
768562657
55216586
206661388
115335396
17527449
499439410
75134478
439281831
606760856
58788614
146030833
429169198
950063329
15180315
15755223
250121453
21581503
36814136
16817883
547834727
90424954
152317237
33972693
20342875
143629076
7973282
59221014
132594097
29726578
633471246
237409428
46300208
124237063
40385166
88425861
17251787
92607192
35306978
42291620
156920978
146513211
260760132
788524
542239976
20361904
228586748
17042078
115039678
15862891
314758565
82336717
579299426
31788626
441052871
262130711
263768986
183548902
33249457
19416598
16227629
46145761
212299083
112017535
253184910
346740364
466062053
86626845
18700629
6705042
19837528
16629477
20444825
71210524
20198534
115132543
34675456
16866617
17047208
