217682570
3680347158
384598391
21288875
234947344
3419251203
113962400
2207259409
287568380
16971428
18521938
22462234
2922025613
63597010
75890868
262188123
260706711
427900496
12002812
588852857
181923035
2432526198
2919328038
440417904
176024190
2664288619
2599938698
2678352559
720754110
2555419898
956286260
23771696
134610558
2307266862
291514116
1198459106
478491097
1147516243
451586795
2587559786
395906401
134257496
39457635
453124512
2869312080
760038973
710427144
578629526
20878141
510161054
22104276
581668839
712448083
43848067
75937326
119867076
29188151
2207006636
378272434
2457891045
2326601323
15923152
134551745
433919947
135180251
164676213
2195671183
1706387581
268324512
2628171535
593813785
2440319112
453893556
83809282
2710716666
2375289668
295713773
135443828
130042635
1661193865
106810410
280548474
151106990
66773314
127868962
114416213
2168103800
26138276
19734832
64591392
284093185
86626845
47433923
625989864
1093324700
914119638
1655442620
280690372
70248716
71352718
111145042
472057669
176434844
397428044
949774842
146213978
1379992573
14747526
615265862
543413556
2306929543
316327930
94580096
742809822
532635999
356203202
376763105
2319473960
333508711
544662665
1933735466
30425948
1105523178
2170999954
14793714
207179435
567467234
941675887
112948043
1489776218
876468469
521137875
2281698046
490203158
2279162833
494956133
92288119
135474465
124146689
422503584
82908825
478181304
1569180318
283944220
17790274
167532359
1243323427
1944853608
51408053
1138089060
23808627
601888277
1398893936
268206286
539478669
1323208957
94541587
113472113
36078825
14617444
41380057
38530021
354255041
184633152
378445071
203600076
585109648
317943107
600975420
234233625
212444736
43383457
377110780
19277186
118816443
125614071
19970185
296690561
253221289
14585010
152862026
18483956
187294925
14267832
602250581
573715109
159205439
36363942
16183234
63801028
1098569960
19470391
41174817
96159764
21500995
1459884818
102143400
210428690
346389241
128216887
68524735
252794509
337357518
341132281
28312814
245454199
604032533
763827847
21772024
998265703
69255043
587527253
106840674
197145327
339757141
22151476
259910222
13403302
14500190
1093074956
12432262
1065140706
30960988
61445206
332127155
183585021
564571490
18656604
283155422
394880684
19529013
20737615
240882321
327697369
553042931
154169277
531265730
1109178072
75261439
50987947
988974846
25249798
249947936
485533140
479631060
213671893
932446861
717561066
416770787
185251099
153818168
415797927
1018275578
607219050
87779569
20665221
479772349
290491586
75541352
579726881
1142760997
251916033
207391796
544666438
242153194
1073530544
48715988
116836600
18677031
14275261
40557226
17806010
494078074
22019070
141947171
407395156
52376275
957811082
604368570
140554952
185653786
73845366
359886377
521646421
42935670
266490349
161025692
785438834
127192221
144624330
65575742
57893412
18274250
44607461
1175221
124871394
66682604
903489385
67164452
16933716
980994673
293538523
747238681
595352203
965748360
18620659
71626061
75322835
409903803
607224805
14359728
64349500
420245593
34545483
297565158
284664892
49002696
253324464
48839054
917993286
292074765
593289567
15012486
14157134
388345704
745632037
495972334
142859727
135187648
21026596
15137538
18227814
857447425
245274808
10716292
30313208
16895951
97030213
218230786
135237594
515751159
385884267
434839326
398190333
19457950
14086764
19118688
79151420
6653022
17007351
104462518
234590293
330021174
269700525
364840896
82953204
67848306
21239354
413959983
280966368
139997781
16932829
19768755
127192030
400950254
472804064
29209936
425250940
237932374
268815203
366720607
200434844
299901270
220275658
346151348
472851067
759575113
177891462
77295594
19843630
462021312
357482854
14984090
71320992
61541937
717849607
224631899
350424151
277997152
237416819
581425520
331426576
216008491
138742761
707512656
335254262
16544437
102703494
143397297
415471586
35712385
209538227
34707884
155792265
108803911
20729031
524977381
402969893
171905878
82467629
20778387
39549278
460547107
312351729
523953267
184931891
380981698
387514741
25330036
561376092
277463532
31914419
240910819
14061771
245142336
173912693
116813523
60850327
27683585
15604930
18387372
82503888
271494220
159134280
129907525
298687770
42959221
66813297
19384683
10748252
228635323
404710459
339206295
46974565
317126501
17093617
325386778
21280247
467171076
47876842
502278199
316357556
473179284
193301414
22394209
160877807
505650259
285210242
318330037
278930750
384302214
12904012
207536512
159249403
87442736
155836313
195955047
299273962
249337956
203390224
34898828
90633289
464404354
240143685
462075739
47798025
155236184
143022888
16567705
61293091
78039625
358108018
257503869
188855048
14764833
198584761
56723973
258659276
199665899
48520159
61563680
16690359
253977874
144592995
15237935
92537873
19109276
110698955
278175387
48079032
42646960
326982330
330204167
125988581
19449019
17592800
202249475
197662233
84114313
93950513
345931871
16893800
20043814
28574460
255676867
66248691
194643654
136905936
364947550
333561131
380975244
79003390
21744727
125985779
364440482
201421060
72249574
399689183
125069480
26710373
91031837
155501750
74161616
47360004
15449070
148815591
224495471
74506358
88776580
134573771
31522489
311073414
42640594
370207392
370209860
20112291
58020058
355441015
210787605
53727473
333509523
140803376
35872077
82592381
18516710
104753494
26158691
47636400
49793
82976842
206597681
14066429
2384071
147733758
218524449
171753220
14901823
63184036
16143105
250628030
47668635
342142203
69009086
39571271
140427956
14754876
178363987
38490280
119049214
20508091
24781111
141148895
87818409
165367317
14923
329892811
245465238
47357672
21371948
15907720
14592723
17690747
15248550
117179079
26749459
17002395
143571157
138815908
17047046
34222024
17221246
124237063
16116519
20438811
318028613
321819153
19386622
24133371
48081662
142320740
86120638
300922257
20849273
38518844
95938895
19683378
19296721
34959031
221699966
115472158
300247931
296643235
20214495
33852508
88387950
278007236
19605981
35810531
52771126
117218161
297019278
242443144
94562237
281806814
105673978
120077159
44212108
14779869
49304151
150456007
12413032
256440168
241116080
17678300
59198929
18213483
16012783
15728161
15762575
18998892
14700316
15723971
21093785
14095052
12609292
20985003
16834046
150757875
15947602
17839398
22493750
68999404
24274948
49665164
214272780
128572645
46943538
90898038
14382779
75069067
50403804
123670791
105328660
27699994
136338779
240592925
22972898
105231326
20746250
221147815
63805993
199597866
97973688
277666248
220664127
104446778
128884885
21849222
19976630
137374284
120413839
248568868
111648072
200118526
68987936
34570810
33388399
37926315
5120691
145571105
244873670
174595832
259916507
14245811
10012402
18038892
19968812
80358828
55198079
50071849
50543123
58636516
18006942
28621418
71038826
121759520
204752573
67307792
125403342
87413491
122103689
143138173
157981564
115099953
63920081
108875099
102685851
114429252
23997140
84657987
254174066
242496394
29595960
10302222
16982863
62298002
205670342
124269873
6519522
147982554
43075996
18102259
36967128
48219214
238083320
113861270
241146738
14055301
119097749
18805708
15520754
43199901
17998609
18724034
107230246
27037879
31697481
32493647
22272053
88617344
17439693
124176132
124413684
82047362
53017415
19800934
44553548
199624978
26205565
20520810
75240028
93910123
56420936
17840537
106059177
164716240
147528630
115008392
121166583
27629414
48734816
233364902
16515488
38762773
62533
18655567
45972358
18032441
15803034
17449143
19704268
70736745
104142045
172359981
27408288
148221089
51991431
59024334
14677919
144927688
97699036
61555491
48770256
29171457
18294275
5959342
20134622
21218554
28555391
20512439
21583814
21079030
182994241
19793910
67690467
119393293
162694737
26992475
36970438
57425073
44970026
52845914
18257882
111354912
13327002
82279998
120534606
17833269
86697288
21294544
14286806
14706139
17071048
16067701
17242995
21214626
150233148
135758100
14129299
15727317
171066607
177997836
17949241
228438325
11388132
2729061
18203814
25884563
54292102
23519852
28338375
20523099
26074603
205260592
111212799
18567018
20186316
106895787
59266746
165891353
230326728
27000767
42651647
118359400
234226217
158222733
169021842
15173291
57192023
36758309
169211623
69279164
63439599
17004618
20732710
33923130
106517342
20790684
76576503
114067136
64794852
30862829
60975346
22278303
202719554
73019512
17483248
47915904
34267043
31932788
27033505
18491026
96922286
27664364
15353955
17494918
15821039
27830610
15389776
135583203
24953039
7383122
47503130
116763916
27860681
111349290
11695602
138047264
24671422
38146999
32840323
22053725
204902162
105149998
39514461
146569971
152866991
132241469
211217112
39516682
8886812
137715448
194132774
155844166
38440114
93018550
78995388
209045049
23453489
71873770
44947378
22654404
175551174
14043142
20613514
7879202
17969699
17137628
19993545
18622869
10615232
16149614
18208763
16892009
54664757
15586341
14912783
62572984
174151902
134429434
18507789
46114448
22145200
15987295
63339242
11695472
24929739
36346372
12190892
44172729
122471536
46959037
6450322
79997785
53687808
76332033
59186725
81163402
27648752
19971075
111346281
51178084
14755165
16672510
5988062
53122252
19721284
172280127
36737269
26792275
7816392
18510860
62819254
15132914
21576334
24862758
155977997
14295341
19915362
116460390
16694108
72842277
149730739
174083824
116484766
88936048
14526679
21885413
86987988
57579512
57354737
135904100
15458277
9420322
14236815
18279507
17984721
14361155
14755492
9062742
100090702
61171407
160534735
74690215
135528262
15497622
36814136
142821259
121912051
22734287
18057077
22991614
33715192
18237848
163066476
67333334
22671716
29078733
57402854
15488026
9548232
14491411
101534369
171221404
15300222
150633655
19397439
175691292
20105402
28349755
17918545
59769395
118828764
36683668
93115683
77200294
16153562
143817465
33059311
21147300
8447862
112461674
128960879
52526544
111072713
22773470
32441895
175150751
18083983
22518425
24643825
6201552
7938672
16040748
19456359
59663967
12594872
23787355
161542843
14850955
84351228
52354784
110975254
65324907
110397757
19904718
25657401
78433570
28083259
38489678
76780096
5695032
26267038
71227474
111037779
102234123
39250316
20076000
22545453
7093352
153786496
19541922
48370227
14159148
20602394
23755062
28162096
116583930
18679867
19594772
18900371
20930505
38255722
20806880
128586415
16682738
133039609
72344638
48705707
82687474
140735403
5715682
20981250
20444968
24004453
90371353
20232105
37963496
24587389
71290317
103033832
87665168
59858425
20760968
41336687
52804360
16883630
17462723
115401097
89711639
20596281
24900222
85289376
35749197
15781769
45674198
16683014
20280065
83870947
28185145
27874383
40047360
37768162
19979844
22039314
18198832
76956597
9981522
24167293
28852208
19563103
16688360
19062483
88722311
20865979
111301149
94268449
22149338
19253319
34634345
55249789
24212723
27008045
23184591
18126845
79321561
17596622
17171111
124141291
36083751
41826516
19055552
32837201
40345037
38479638
22495247
33450843
25847674
23749676
742143
35399861
16864209
28301029
45797245
65481787
61451689
61506324
41805196
15689068
21428367
25066159
19676294
15929273
19589398
20502166
117730190
90162506
136325501
65644550
14227045
26784273
31504082
123279052
23965121
23922362
82068157
23128066
30858469
20628806
38500132
18772032
76355615
25562183
85555796
20187065
14243046
41291277
62836920
123239496
33315010
14145879
84577123
21634627
16160352
41681953
17809980
61533120
44367489
15120110
17768235
18248403
18935711
20065842
36406830
25950355
14971572
33933259
16334429
18999585
20150502
16193528
56879674
88286331
23792937
109290405
65416742
14062180
37759047
22920506
43143358
38372614
23688540
17509945
48110818
29178393
14441010
27567256
60628886
16465385
14372604
20722385
23967554
109287646
98703000
19657120
11579212
18142375
17393219
84091246
35773039
41602160
13787402
5392522
39761880
14470341
23260115
21751830
34768495
23841368
21094675
78897456
46664272
75738604
18446082
65201417
97219875
14511951
75044835
20340917
23425962
23602600
16678835
19256096
17292623
15755223
17817210
28027999
16632949
16511394
16564324
18683406
18477428
22109679
29726578
33474655
20513249
17142019
18700629
19296526
36335047
18304521
18843227
68384103
51837775
28309816
34889448
16348549
41561657
16947009
1037471
104075801
16245822
19402238
15912113
16817883
14647570
14085070
18928877
10791192
14282672
15368404
6794502
27922157
15587500
26810542
20436059
28160998
25928253
16616061
22708797
14335586
83440337
16589206
44763075
27916865
20783173
26793785
15180315
50082898
63552808
96102210
19034656
73170491
19786825
20517668
7152572
14073029
15091978
22695157
48289662
41383831
7494482
57045287
20977975
33249457
15480686
18028816
19178857
20693661
15862891
44438256
17382568
50277194
15700906
22926862
13746792
25978675
14275129
6480152
11178672
15473429
17047208
16445813
21099301
74474794
115702663
41652399
19767193
35142585
16432203
106419970
23129379
20629893
106461068
23739248
15134240
11856422
16300786
17899109
16575239
33998183
23787335
47318212
20779255
19060857
27857304
46299743
16511274
89714713
15211869
42909183
12984852
7973282
24752484
113653403
64015230
101778101
16562005
23410262
61756175
45592970
28342308
20491064
93661863
21744554
18045120
57346365
44093781
85136701
40633292
8984292
21799993
44098174
11274452
54160718
41539843
22947870
65679343
72843097
39511166
68307227
80052851
83229581
90759538
22019881
60621484
84614572
43564999
13918022
23066372
20824494
72112616
64804558
96805400
14606079
53548013
17374092
19658826
71821369
45579282
26832834
18058609
53039176
31663006
27013292
42434575
39773339
48681681
14755475
29232646
45536765
48366566
47355663
42178750
54506896
16947313
10215212
38403297
42866391
28356476
21165093
19177501
26077026
19657855
32361431
28567809
16949344
15235829
35216864
13787352
20853656
8170292
39522692
23962323
8963722
32372834
23053534
17248121
14699879
22363802
17089636
17918663
32889049
19683765
17234288
13171622
14450818
46150175
17175139
27234566
27406728
35107684
20149254
30294468
1044771
61562609
44391347
6612402
34651221
14419031
34020042
19087092
1769551
49992096
1435461
35282820
68784981
14534174
24971177
33277722
91375691
16816155
19837528
621573
16122573
25265427
80044759
21410687
20503481
22039659
17171638
90657881
47331384
58431280
22803482
18681494
41471901
14526450
16306735
22193796
32957440
15684633
18815507
28838219
15537007
14343727
21664633
15484063
15859033
11178782
16069565
25325260
19658936
14499829
16866617
32135111
20992897
47433601
29328707
27502088
56477953
61902439
29965800
15110431
21866842
23999515
64017773
35240968
35315865
621543
21581503
19164430
15154811
22750673
41100468
17567533
43950187
21308466
18393372
17276401
54161364
58527329
37921458
53560219
1344951
54856459
20429156
27596259
12819112
6705042
21994103
