20594726
119765838
34760291
15123270
17680999
2973123592
3037256229
19893855
33496473
1566465486
3938526195
39416218
284093185
47433923
56564230
714776042
47678782
115132543
56593116
71210524
29726578
34516232
24974525
2244469219
2290307712
492806249
485695025
17754180
17843236
19610043
8115852
18241551
14085070
16640235
2375288959
304005870
2768055348
19668775
635833627
575655913
256793538
760065560
931450722
2212554618
104532552
35306978
14975652
200634860
44438256
785194796
495517322
34615585
169944507
396365748
33279328
2968733662
24686334
1380287426
2253816445
139817448
60633599
2431058334
232160423
1411663369
476238744
908688188
88423039
183548902
149706579
956170800
2960152143
2750308944
1522181906
46046512
1612817372
30862829
21770677
369574945
3355281
59257007
1552637701
62797991
107225267
210672830
1728408043
16174754
313939160
2385659558
439239153
48160604
32160273
479856619
258557649
318053222
14245811
19837528
45373841
146978606
521994471
112017535
5644962
1519183848
378272434
250722404
490056323
1650637086
159891548
2147734592
35313915
562328466
11694472
27924685
383397022
1073530544
41592143
16933716
93244606
71323069
19240123
274590281
14738561
124237063
397291963
322643721
1113133904
16158746
57346365
593359147
587875290
15755223
180273692
127910801
10180222
152889033
588586596
223560830
66361342
14704086
34973246
384182912
46145761
233364902
212299083
19313995
262365030
19269120
543876839
100074798
17240190
582962011
103883998
137836269
83987145
23962312
36814136
16629477
27525915
86626845
