307850736
2558344267
429731987
3189844269
619257012
726748106
192543524
3378377920
50396513
304016716
1322560116
285761192
249608059
1137418664
3705834615
556863224
44582978
1358783000
460163041
3033159371
626825528
1357065912
801600812
283950041
2826584481
1685976560
1543358426
3309893898
22350477
62498360
329068335
1688587272
487789533
24703416
482128456
2784989480
168638956
2900705361
1977970711
2872909703
2588929422
399156475
774093138
1119384354
3246299927
494929304
2221270657
2578090972
399266384
15108702
1877831
18424289
2466373938
2894388815
335218024
316291124
1541410182
1221534859
3342131999
436668703
286117084
196556837
3661667897
103089945
2743970640
202079453
740212526
3240416835
270832727
57579807
2872573191
3255621389
2890848161
1900039770
289387718
967045015
789045727
1527716034
357156581
3293806450
112681340
2764956929
3514593623
94319570
425165531
268685406
3025793783
2247268026
3066095291
3599283195
83139742
3233509898
183165874
285690437
115016265
36668437
2251798100
2182598396
2433363062
1664267316
3309216941
2834806672
2738712723
85553187
1102757856
32385083
413236812
1878529502
3336337786
18008730
16301873
127625168
189868631
3234636302
366573979
2321891696
41335658
3290116071
33400961
177185740
358005277
1292302394
1548243109
1536223580
399398970
47574358
2662225213
2829985256
221533828
394103111
494855838
34878088
305263775
2942978628
608146537
2888903974
238701222
363110413
2791711213
33835952
377346055
75244150
268264605
1941871237
221133325
1854383988
2382362052
1652492724
1045008708
89732872
15733216
21134285
611010814
74413612
103651090
260117952
558378707
1153653888
2340250177
266423380
133203429
1912278270
262236289
413481370
96203571
47609692
1673180749
137445561
1652432234
281013591
17409452
992923428
240629853
843893144
2282335981
2438307378
342716046
379334695
634751106
1579669898
2196050078
884615034
302025790
2384562013
348944575
2465857867
398537661
2359416884
932884771
84176573
33200274
2476762302
1399507794
611532667
636170265
87092395
1732989216
39975533
57320024
24291371
112411597
984120752
2443698392
484555569
358059957
1527506376
2185196948
1404202866
354539221
2421756620
106781884
1080859344
1563991621
342601720
335215130
15474024
2243716646
1238331625
2373597774
470099591
402961313
389486048
1160252400
86037380
577382223
118973010
103261358
454500254
1525329098
253956617
20923274
360762836
2360928852
145954040
178951096
166955355
1603275200
23933098
1662687974
466578596
1444396375
128637475
567503519
22008842
23594033
47624589
949279837
2308155929
116872306
48173436
412206612
1926238064
1227816992
1303652934
339579212
219736486
109554031
2192457186
1148063401
438682166
182711153
1252987862
124889369
1379223859
299929551
2272818847
2279790024
2268595237
453505287
193694345
475210759
1628455454
404085261
108679259
30291153
44401732
277125739
140918795
108539160
433611898
2178473348
334578379
2234129161
133220974
33445386
2208140642
880384014
224620348
161477234
2181108626
714947174
209525196
309199167
2210914664
46051728
889176613
8814482
194939773
1540197996
197493438
495682686
69021389
337705200
37495628
975542622
2209110396
30625427
43104079
123333245
560376277
161801114
203045293
140880992
489722175
64144208
559499889
559380830
253211316
354107300
337033983
2167217101
40251502
36921996
24964073
42380310
212651919
1229293609
214585126
413818236
396829151
92246136
71233367
55190465
42731610
2194727064
470914193
274674756
193656885
59112161
8161232
19245004
326387406
19397785
337320648
58451369
568328553
857632152
409982140
23295915
383306443
60138014
887643565
1200241680
277169830
226139693
377334547
588937464
1165923180
71245454
303211908
292450384
33879752
193407015
47079935
45182880
300789811
1093090866
326790591
475722383
1243018140
1148034332
21479573
583981824
1309638066
1179588734
850669334
1174598995
1164129446
1585589059
766034310
424060042
276342993
1963864963
706112068
416592091
1330457336
961069178
1242529626
333949761
17557537
324977497
309710076
109554990
54189456
1221273788
1497642732
1060147483
1175262403
1313112457
357484690
1887819601
1853863896
292595269
964081375
1851101083
74097978
164223469
97443520
478779131
1681681838
1691380777
614997058
1301236278
1701267984
280985642
42970712
1701870241
176112544
262845407
1722524821
91167310
571691719
237792794
313926788
1392282331
504465785
133095521
1412394536
413182503
431647684
719645288
154976727
953834312
186374311
1415214692
21324951
59722725
281444768
31085881
266607047
63390517
974055986
1193045659
564545003
78138358
111628076
47964081
249217881
1204033711
251268649
17243582
270998175
529097431
61589827
114455798
253213737
561266861
1543538479
162901927
117102398
932163222
117110840
52737172
233953901
84014340
23977873
401710943
322264059
249384105
823013162
948442928
522167910
17904983
509957811
1479825012
767116148
56361385
381504781
36104673
313893146
41592178
225143897
143893614
36309489
239027537
991356138
192599151
27274573
38848610
40035729
325704440
12769722
18753586
1511062183
832905404
333290715
371174322
1449069661
1254651637
947890531
1179521676
69246961
612601900
71481978
337094563
47420300
536980694
1351732969
180380677
66312397
1408341811
31983481
113358091
430921629
376819013
18519972
190685193
21332200
22568011
47559603
34350419
1184936816
162484070
979469935
292798259
580723641
1431238765
1173740058
1430952289
390431810
1447305066
61542667
107106150
57595007
315434376
174223715
14125088
30313925
599001082
92833573
62778827
238101777
22059388
34082810
31755637
80658105
115628224
39546343
374566029
366485665
34744841
430117833
455578559
57339160
49325861
222052531
210753815
601123397
214070412
17467699
139072748
36083059
122188348
18796591
477926020
85533628
905548862
403955973
15035484
46178892
331070770
33629027
145979138
588172674
223880898
619670537
288328895
1067838912
38484065
153022471
1352308825
580843282
256904992
1307971111
1277913336
168127554
1341955795
1334819336
1347431263
47299083
1217361182
1399793725
1148425242
49737033
929925438
5402612
140019951
39735561
2467791
24274948
292403049
271505240
11680312
197347638
788524
135187648
14055301
14157996
128308837
17463923
57295940
34006192
759251
38630618
56891751
22341950
30889727
194643654
70993934
115110939
17969699
58819992
323216653
19993545
119958687
24853415
12456402
25531164
69181624
12609292
135532444
14361155
8326872
2097571
293538523
41814169
21672941
243611778
53898236
34248609
18017198
1652541
81918362
124436459
25387183
14293310
69389879
347798912
275132657
33509142
25985333
92263845
148400592
34570810
428333
17839398
44128516
179085106
135797778
219200648
293388557
213994301
555401040
190570664
8538202
775416452
561975585
987728562
1179862014
1037451894
336304337
935261886
725469518
1144935463
316345697
271001243
1122985801
330349257
873412921
581084432
72844642
1048271274
19181030
1128081872
1128690816
89989152
1127728129
1130151828
410614536
577150345
745265815
15881757
992948653
473230623
1115219755
280240080
61146674
345031888
1076109716
221413260
721936585
120335904
481838421
156371334
720883386
130125655
30257834
67415245
479577970
34568612
17185035
21486288
15199327
50297939
52395506
256589915
263637209
21199700
360479089
91147768
583687484
41103933
416183697
15762708
162652224
183574260
246841572
587098253
32584728
14116807
958398078
1060134246
50393960
27000767
69231187
6017542
21093785
19674502
17004618
11695472
26792275
248545302
25390350
87818409
16511394
16308922
17965523
214821759
515838635
147531706
474900800
123528331
1028080496
593096526
43133339
326147391
92789368
983139822
118158475
37894891
433573419
300697865
196074972
514173279
277487663
493216801
20704106
108315250
575137745
466327492
949433012
44873703
12393612
15559134
472818895
318391469
299654148
633102134
37628261
311773369
173106895
768323214
351577390
931581362
968289320
334548719
273030010
545455647
21530443
36299912
16627400
345882923
366573481
218184272
750379346
31071663
245802638
578687327
504914052
24671422
191849753
108543788
36670025
492139228
960760267
962409006
960077558
49419833
238929277
788755243
300875329
116799581
33444337
569232252
213210254
269817328
960450828
769349886
110121475
355696940
227387702
527202425
807095
116763916
19904685
20087934
196932825
26208729
15261829
322113764
320316357
39520708
237189703
35986561
115141256
92731878
70394965
269780552
37601149
17899109
90384569
54151297
792430826
70923861
368895485
160524182
137999409
706795388
54819693
178794040
270978251
61181328
303823238
532172035
474163035
430512847
327228212
289386043
364799135
582067136
570691544
66385332
115291890
347042834
366039992
452091020
496059347
54207729
425064323
133298266
92725104
48650087
38434026
26467791
83876032
141217752
429676852
17990267
16735210
229847733
25483206
82064317
246790034
289809062
191002974
20521828
40839292
247261462
25088746
116777432
222086924
463026107
14880584
102017395
191795989
408683294
124381436
126240387
189506833
21098456
136908592
44310665
89672048
320644276
194037551
218622755
82567380
189159794
41805556
394841732
248616884
51055638
174365756
190220423
80876514
362343279
875174816
211117755
384211205
33388399
56967586
46003622
839543768
239736899
237206405
923870604
17469492
464508285
756849282
26475943
487352746
3108351
302788499
87416722
123875667
143433628
18759465
20433284
246664769
61731614
20050498
6959082
14697575
19333738
14083458
123279052
82578750
18048493
11018782
51241574
172647061
61180019
86364947
25979455
719713418
97529235
14879591
213796133
14662354
15008600
18213483
57008913
329666643
742143
89518302
39707740
105328660
543283266
309104886
36924745
229129507
236842863
251754571
31713108
458228750
524586228
42466512
176863974
68763789
18760893
331878888
59222801
48476482
172280127
31502877
52041922
461938543
4970411
250154979
92609889
86143211
467213962
90386770
130448242
255606790
399533031
19226651
232193350
390178855
597136052
112452650
377946810
17137628
125980355
82448135
67702044
914276592
140003488
96735431
65412911
18203224
420236339
88441571
44031134
830749938
16348549
65150447
606723507
47590776
16257853
22972898
39511166
314647506
19649135
93835044
104277809
34889448
58407576
14499829
148517828
19177501
50101725
12594872
89423018
16544818
169021842
20646711
38146999
38704343
27830610
260928758
258739462
485954319
205235980
207179435
312757790
119343785
25249798
74703019
237008509
30848629
42624524
16145473
15521084
88745438
109720244
41178642
33933259
65605343
254235974
18087349
298123685
212018265
5988062
115099953
25098482
19915362
36683668
5120691
90636107
27860681
740069204
523323731
112751048
19259102
14511951
255976193
16683014
619791663
145935897
389503323
349247188
578816587
138369105
110698631
39470235
72252204
327353977
349966489
350285971
372895128
495111083
25978786
52092275
761918766
893409708
892077164
54610911
20596281
21303235
19277186
813286
14159148
