112876914
16642108
2729849852
3240034769
2528791116
515751159
19360666
41699268
1481562266
104780355
1436549250
1407957001
118821644
144878628
3417257051
22345455
2191874921
390960778
62277148
70805681
2992578419
1956862688
2188546916
604866188
2507601566
322282321
191639705
2181942248
274113269
1915514191
1037266291
337529137
3270313753
928196912
139690371
3610136303
1340395070
1462691670
2274319598
60848208
512093015
1329553452
1367912887
124673539
2927387602
2888841267
4029445514
367767753
2798840196
772131308
2792166415
2260835308
20357922
3092978446
608568292
1091757216
2850229297
25266389
2853567707
3331963144
208520930
2402497014
1560875191
3351161049
208988759
3135282155
3129685535
331891454
3382755299
1378179674
3674939957
17580275
562817107
2802558480
1490475474
2474452219
2797948887
3917260693
91408284
2887865951
29843060
3291134115
2901509059
21360280
485352487
179977736
83898067
199809099
278930750
79489732
104585489
329600057
198494684
237895166
2402009862
143374043
828606984
237650650
31968745
6977272
16949344
586827505
265891247
2496089581
246866596
2152674972
480404707
1727942791
330863880
2601262362
570765703
2860083653
365904677
25269863
333495548
2779060366
1704035064
132523809
258870463
2168574056
440417904
788363167
3123435075
1450680956
315572257
587813819
65007412
110826956
3301547225
3284292656
1331604841
2213964432
20361904
15684633
418115204
1477611511
597569837
1199066454
2488748617
3395022747
3860480837
152536847
253184910
127910801
2835435691
3795281
241669849
635617330
430019058
34588665
3060505058
492806249
2652064118
3044779947
337921091
2532315008
928760400
1425644274
105688052
2285597287
133350077
262504263
990871718
213012200
296624994
429169198
141339633
94425877
347756960
201043771
561302183
3534067462
2804606835
229388721
94394616
91206387
80135530
1106196744
3230913152
47817893
410743454
585949808
211603477
1241433806
16602000
274388734
596571234
1630508299
41150196
897921452
274642882
894518852
1889774671
105075809
88951303
578653038
2666305284
1015364172
584020987
258581867
607292914
760206463
1693998487
917876424
1361833632
417587726
16515488
359962102
145081111
3434136232
554378917
840002166
315161528
545459567
1144882621
3719943203
1587071418
3439002107
1618123446
574996885
252161813
61751812
3115915388
423420150
2279189778
28824136
3355345034
2377958781
34717390
122073305
136532538
1269550220
1019552053
30682168
416653970
1211750701
473879788
32624330
3192573188
70420068
86493795
14403154
42536691
525413893
319118333
85353927
202328756
2572919960
325719227
499423390
2926097863
9812972
2964115941
345457565
2544159769
1052603509
15357521
154525523
2980294455
3680347158
229453247
2902267702
571425131
384359826
107506275
156080288
2342100601
28568611
308407719
17462723
283229265
76228303
900843938
461263284
268830189
28988271
2165152506
22476328
2576424546
91654712
3096104084
3561700813
78412229
21008398
3293760129
153558884
1018511299
2841630070
49271414
22399655
122080635
62183077
66330586
3322064954
921636588
3226122351
2809588118
2512591003
2207006636
27057263
23401118
323086946
3330295305
3587787612
17575859
589105446
18676508
179010641
238994850
936869486
221714195
176038442
2754927774
1215090613
2385898161
14272269
903943526
25983346
3507377356
2455687826
1880558749
270459074
413218333
22023030
3426169055
1398876810
347809928
2471446610
407986547
49354895
1124812274
77977848
1193933845
621180084
149378273
402191399
2595260136
393965015
216041364
541647615
19695973
33715192
26688762
2239028104
3311172968
125991841
55216586
1673587452
336728335
2895915178
910468038
54483914
239776804
3081652354
17754669
247637778
22911650
37054704
214273110
1075868107
3364402234
20444825
15713184
1287041862
2165734609
605697046
33826996
593719964
1018582388
196577798
14521062
1104522234
14404842
784460029
17083959
180273692
116867280
48966898
7431072
2319496884
466062053
133239513
14880915
57309864
118266357
58366806
74599038
15060148
15276911
16960160
2588358498
724107170
121471957
38633165
317300859
257701898
309743396
13251782
14923
226279297
2318888798
2208397417
589486923
17901294
3319184192
1072157616
54188566
334912047
607224805
169633285
84037346
102754199
405543136
296391169
399955473
264452919
1467510890
224715866
2330678678
134216444
24167460
3245590560
1876492639
239545254
161497413
720254167
364907801
1349846941
327312120
407910952
953540744
369528413
156491689
14874228
847830660
745320876
314158631
110228622
1209887330
733480542
799267980
185631499
3127127961
22495925
176907367
2358434295
1597402903
2882277423
2366031392
12945722
382945026
10238542
3392774613
3153301456
3319985550
226011566
1604459690
234847288
383764219
1182660746
1261694516
3328324804
518184679
1154354713
2817243264
2568777570
570281570
717726750
30220862
858896371
524487620
214089996
2577635288
3255042356
2973653943
568161091
404442001
367386870
3314673516
222035562
541319730
2500425074
560150518
193218339
3236400829
569921322
1510965468
232323460
386329361
467314741
550569733
368990821
2872657674
278724793
459299546
27007499
362234350
3301731151
2324559126
986211042
26616462
34540379
262146705
97582853
616616067
3309035346
487844011
3105341673
2393165442
28628202
2761450992
3320804835
3390083751
3172421813
46300208
1721075600
293116923
14897792
21285557
1421096077
1111729808
14892799
2649113593
3305960134
3311241837
3311706530
2875888657
1206948354
1842639350
49445260
22478416
94270912
3401761023
17448456
2857905437
245682624
393550078
231998121
3250337725
1964693936
3142058411
79975924
1360330398
3194679180
33854287
279783421
1416207920
276292093
389846922
3108939357
563691118
199833199
1211649024
3090084821
448408740
566729338
3304913886
3282107902
240404720
2333491682
2274472731
157763258
1092889387
208062724
10932452
259568572
932805374
346721189
1660131751
880554794
110751834
757225843
23184591
3045060419
537123150
488101267
3297771324
1446668784
33279328
226828464
581024326
15493001
82558504
25633231
3193612093
155202983
1188133597
221688328
352469545
3198471037
3005944743
2969429450
488853683
3307325892
496456409
3308464118
2590470936
49185855
106702194
3237230593
369700766
128636520
488708402
111424934
319669334
110890208
45399329
135304272
1308884352
449107440
798491287
2917670014
237893980
2827317358
577132453
202968431
741034038
1074742087
3398663777
280349198
17573273
588586596
2341901658
27937440
518611338
931450722
3315315323
239255514
2351420100
134429434
36797320
2364709225
2979763799
39030432
442866144
153386919
336161820
105530526
776213569
24494426
21022564
18868457
313054802
18593675
2669895691
45660810
3012464307
3131557785
77786345
210906898
88764812
216979622
44141588
66312892
3235334092
259990583
14568034
543832021
154251965
247913
21938868
759032780
892871317
43817816
374636494
3088447145
2804419597
119076976
728352151
1872245198
3231970290
446620951
252217528
709635912
578073641
1955376680
395648964
374148642
258598861
893411089
407395156
340996289
334592376
269043415
2884347866
439273539
36652356
990943627
2400518227
114508803
3255926772
52889950
18049298
576647642
541185323
1666801356
1324659498
2772965208
2435527795
2616757784
2493434756
125695429
1428575976
87899230
18720204
617243
18086138
268978588
3206679677
316757647
101806923
9453652
282732043
586934997
211967240
3178422459
620454234
215736031
486842125
489046545
29812651
7093352
2266145328
1216684410
565848656
387514741
1649868715
14191265
2817513636
15395767
37563
2977580734
2776752385
993725407
75302402
172407756
406539984
305128478
75177594
950398340
2293415520
1113838464
42558652
54510506
359303591
188423774
42966029
170430099
3319142255
138499720
2299595928
3086675593
3331216066
53435986
322089105
1431031490
41174817
1158733934
998407880
309043147
2559918498
1524781
3012403395
2863678077
2574448909
331202983
794631618
224896427
835109916
3235274892
3172762712
517009905
437591452
3324356722
611318385
7079752
352650591
416105754
2784217912
11309502
252204344
19033795
1927089876
3128588967
3149875827
2468710428
17187713
529295408
23547345
2613467576
57028480
121684992
423159995
280529768
1128782370
134941111
1706744972
18208763
224223395
313813951
182021246
394946276
382992148
346605991
999971376
2561407350
2279850248
20138728
1423600448
1087701378
1175506141
255756679
2351827339
257602327
17825408
344005929
314758565
1205345400
2395444820
3236148113
2893477011
3061255931
2835184168
2882118509
45815179
169737724
2695264573
35263127
46486816
111020569
988921638
9308212
267256091
1237502864
77449675
21517586
153844071
155439838
303598509
2167059661
291559186
70784139
2200305589
32340834
1675346359
3084793295
19393236
46342393
57579512
74724779
28434229
124991617
1325029760
1385463565
768404342
250017998
362396550
1381484306
327697369
2932871799
336122037
3132007510
274682508
1109674706
59257007
81855303
2737465695
1565839604
302597866
1071972253
1380279390
2799613117
64454976
24249066
538180156
7454582
2255218795
624048317
989625055
22926862
314217400
408502148
323754242
1016613097
1128132072
733372734
29525099
351566257
352521528
57076191
94356698
585551104
16174686
55213542
2413216260
2799754956
2603348840
867812654
88978022
22026168
1156913352
334969657
1109591706
20446182
2694929012
722213426
582872181
363636457
2895752422
32652715
860675413
839468576
2308687249
1521713239
2497997641
1656774264
487833518
170036250
46959037
1461653630
2429799942
428402969
2335798795
194475085
289330810
2967623807
2458341758
473355030
589241357
1909240478
2731401072
305015198
1661430014
82411462
559472452
244242693
910094054
3050732177
2883988803
20057958
237409428
1533906505
291815207
15890585
19766166
487789747
21218554
389062210
17042078
2308995876
48354359
2379152288
18426460
1877372130
277492046
21242028
51628461
22292146
1864525388
17251787
788311514
359920994
14267832
2485674656
1343632424
377150513
389359161
2596901521
594643753
18414364
1405966890
2660523104
405186007
26849137
55842362
426547456
1538936353
143086518
244431323
310310316
503786299
265277709
600942260
35304791
42547844
1018561237
536409536
2374211408
29018071
260211154
104786280
1727466480
20260548
3042338153
1486827408
458781440
1573697186
37016034
194465215
2268916306
425340596
2373950070
545118694
2414788774
153814910
2496309691
2990045818
133415606
279315061
3025326179
1686179816
3098969836
2502472429
3101794435
2983214294
3102782843
3092415393
36918513
2546519706
3092245361
1465879207
540100641
3047952395
1132163706
3094832135
2595298795
3101777962
3064053993
76424191
2954844717
397562206
2561617986
3089723596
301342584
2827616267
3097265788
2450856592
8005492
2803569936
25497987
9618642
242328548
540281606
2760974530
6742592
23009778
1260519175
1253835739
14162706
147393852
391845462
881202566
276643081
28912478
2480103232
171219448
370879693
2189014932
33856936
1524366572
107037417
3017932241
187283701
21480891
1566010718
52051193
140137815
2166116277
1398074671
2421094333
569423891
3044803984
3018909685
1639734031
17675140
334298008
2399036215
2871781510
22587230
86873675
411904721
26530673
2432631830
17829932
2923187811
460292158
2497159616
3022320674
50277194
17939037
2444572904
57043553
30960988
15143478
2277806508
470970230
990595098
47073443
870080730
2676479400
329892811
544666438
1398893936
231127555
209119275
2375289668
2792330284
410232198
484416898
2282572382
198350602
490203158
312239157
48799978
38146044
63121936
104068477
111331599
633002065
143844341
14309674
2800364413
2238233438
363135186
20057312
164327432
492568945
1583260921
98877698
117181947
720754110
340331600
764889044
18328820
1547838528
779130031
156989502
176089416
2826832092
114857580
89430267
243241854
1878830466
1382442535
322411475
84435553
2398159261
18589743
407476898
1353658597
71778996
2190906684
23663116
2889060807
2790064037
2806397273
1848906763
11579212
290577486
263370814
200434844
2981414219
2319375978
1372497216
104266865
2279162833
75937326
2178775035
1284521965
2409592178
350174972
429641328
441560048
1258997114
2154127088
85552375
101778101
2980458689
1512152616
599846145
935560465
17425943
2862441010
257329870
929413796
2432526198
562495967
102087933
58321335
22029897
324367317
625606042
893421024
325238086
773556150
1416667538
459036285
891231048
93464739
21206513
1212077382
271645211
19341683
84666958
429146012
499396922
411436304
946084788
1040758742
48961478
364373340
241067552
20582958
45577446
16029780
103887642
59460397
14786217
19719076
24457744
26710373
330164748
24764773
2969941786
1096453344
28522038
2976221469
1286591472
1448304912
29891068
20956102
2608528051
1537587704
2749854770
2174978828
241614857
2724924615
631299449
2724954280
87715935
2361691674
1920163916
340435374
531817241
296255607
2252533656
368937339
381326641
559756727
600967066
1128468090
412933559
450964157
1301903406
703123465
65634864
296582336
22107690
971704646
397912882
987666852
869101988
898921501
265964594
2409231301
481233368
274735607
1704312426
186090044
356839801
20916230
356021479
297886302
22844341
126270536
100047303
900201493
2600496836
2942877135
51705632
17393476
2944189174
2950577576
143761668
303883832
422968572
2823054953
2272154466
2923273367
2944651994
2956903427
2924456585
68762630
1905311407
2952331888
617491869
1511250390
2953911423
2853244545
2953400621
2546631546
19711765
2427702890
17221246
1046581381
323854120
905626430
97999837
39348006
338240032
1080753187
407644381
407624682
407766714
131999950
2953434274
22679203
915518480
2833106288
2162905592
15157481
2963215486
317418199
2962282906
955042604
529363590
67205047
2852800133
370182199
2890181881
2645067440
2608690586
1490348881
1567067942
2213627784
185806895
387834679
15132914
2557915058
2678236062
1514779484
397202905
2216245224
390783272
223529798
983159431
417885365
89164940
1104763074
19534829
286341184
273984889
291332995
27834920
16172894
25676709
988019876
39633235
902608980
34022021
810577974
267505889
190246525
41358714
148874972
332803704
342632844
233686855
240286563
105529826
35315865
526226529
15237935
360580596
398581149
543876839
495517322
39282190
85906238
490012520
575655913
2891716613
23576240
32624460
29717083
19668775
621353919
2431686332
9377892
256793538
43848067
1164158197
439281831
20862478
6073502
1217132137
1598352888
135443828
632538212
2796525812
439872623
56791988
208442526
277012264
2362427100
223605846
55656003
299924953
338935434
24064403
401563492
2727638732
1672269618
27924685
1524838981
2813187429
2851686552
145010015
2833453303
1891664527
229826979
341870522
2814923416
2640005430
2725898378
529626135
20400246
1976091115
24214576
2822698047
2571898124
2821539472
189949522
2827124728
483381186
2856174199
541811858
37880904
135862549
1968761269
2848233499
136663403
2833791004
2834065552
2848097450
49042836
275024537
1578106584
40336162
1546873776
2587401828
290403044
84536479
2834987464
1104566100
2825871623
2788954343
2794471245
1381374242
2823933268
2775600209
2273673272
2832234254
2860954182
143275672
2830215105
404712293
2846215806
2177210737
2861382128
389432277
361749913
131740887
594294517
526687657
15171555
2837540585
2463023789
1707626526
2459502768
787623637
31936449
2444885288
2358872550
1706738906
144993330
194111116
2724368082
387112097
2291221664
1253721834
924911372
255217146
18829580
316327930
14700258
308151547
185280748
353226065
890958751
2499104120
325126593
14174897
51947712
604113349
1676433602
1358484180
2710716666
201239379
114517834
1107094622
753238632
607606384
1640884698
2677573140
769790761
15509457
2668627351
2686999284
2690188656
320412098
2161609544
2449821722
2728819065
2668513400
425042191
176210793
768235910
2470230048
164695110
622460633
1679260675
71210524
21237486
115039678
56593116
130241862
56564230
486788669
2398615128
124237063
805004869
18499709
759955430
477395210
68253747
227286267
599729231
1172905980
2365631562
19346457
1633946016
2349794939
889856816
2587048790
2342803452
420538207
2242449253
890617436
56206000
22038701
19539314
1520536830
622192242
2587461866
21653311
2282419046
68265810
1730121529
102846070
20270094
1548220807
285688054
2564557908
46207473
400988825
2285471886
196877476
165551457
263481851
1636672459
15496407
330021174
22462234
593289567
502278199
175150751
1115365544
1676175931
440830136
1468050127
320268880
241278137
255220185
321652549
2562977114
245545600
56302593
394879847
155230346
1072730425
19984919
1853944322
2194507915
505584578
320404737
787765068
1413173948
24001758
296644509
1671296839
210787605
801639241
2565381618
1727729161
33872454
15285194
2467226497
112152030
2424151074
222765418
19282539
408905792
2403800515
2310937607
467801198
1079308945
518332001
72466943
31137276
22327039
1470488978
283743291
880797595
2336465087
2326417514
271521413
2464750711
2177575842
454724555
914119638
55295275
34724341
338407260
79313210
334048260
361188022
93666150
183548902
230944453
456361953
378707123
519025408
2291893968
2317148540
57833122
19581702
2320030956
1499925510
2242567519
1914236826
1960368258
720523873
66948195
24910676
2326307281
48012553
18281382
466890893
582020160
433512021
1952657582
60349705
1576155361
475291711
38247661
862769305
274645648
232840532
1696908114
573878644
488480041
2332615879
351209628
17100843
159242351
454898193
899953062
1498512194
377995704
221304470
2333694428
404399284
1368343712
561365226
550171685
2340930260
2340650731
1570168819
29093157
20342875
1857503864
2330271103
2331748304
35749264
142700772
282282694
50393960
161801527
17899109
127024131
6705042
176822367
815177160
32729442
1286506417
211261440
14441838
45373841
635123740
350424151
1120098811
19256096
402875257
59126394
748018813
268095121
1282543507
1832806106
2230080559
899912646
2196590755
2232942806
2249058097
295338833
78647472
398149301
16984777
549084953
248365104
349701935
19292942
138724946
2238075110
914722628
348862944
41361889
12110262
553691345
1471597866
1467778556
958308624
30844417
1611003750
2218248985
369468592
21364753
857955524
713648564
111584424
334180397
2205678421
99129792
973101240
93724816
402255009
2208151837
2201628073
117713003
1551994274
912074646
2188476092
1686250100
27116488
15680262
866389050
113537979
17093617
185910976
114798222
16281007
2191076468
217963801
127806906
985759850
23716812
1005116389
130999289
409217943
314801092
818581436
182530815
26983187
111906347
559827722
742769911
330672677
1461517040
161050457
238763247
1588854877
528664069
126714510
909450024
967650228
1534426626
319584442
40846478
1075789758
1948977056
45291341
2154101744
1879678358
1879674031
1836384500
2177238678
1673837552
268391782
443735171
577364577
384506006
19409943
172852142
233661443
1071105452
483534226
424326760
84395186
456064882
335055631
38996816
618966574
172593130
1643827760
147786817
319294943
88365730
277963637
575475667
1345385060
608138323
363260922
137857427
322870196
53898393
1241258612
174847568
1376893698
1924882926
1927373202
89264343
427354643
629403300
625733568
1092597763
129023240
1938478260
1901639738
1907895654
53892341
275689966
1397877224
453562513
946769353
731556360
1915349490
21877239
516038327
183539739
176693404
1481328937
1884611700
69017389
600288813
218664303
946065337
777454807
53431032
45160950
1702633358
1704906438
1705984340
19624836
1668275161
259476338
558630110
1662861522
458383832
23032536
26748889
710929956
275929766
1494206268
1736164364
248192696
46968094
1206099626
510966162
849885354
871921404
59879408
1104403363
845379860
1704944725
377554195
1685759322
1726449462
67933228
499223654
1370993388
382669617
374535316
129619384
146298160
1101631262
1687337461
119802483
1674308444
633814499
956331494
86387746
1690319634
813378350
1717315062
1351934370
40451476
1730850174
1733416435
1615841660
1830387565
318053222
106204010
1655219336
1569180318
904200264
1583079962
824000078
211001085
529510995
1504680672
112419076
18838624
1605924253
1537985016
50045458
1225156454
1143863730
1522181906
4408501
1647343508
599517711
79275123
18585425
607337887
1667555984
1655442620
1482104738
22931893
46299743
165367317
45579282
18032441
137836269
18481646
206071884
146213978
1112553272
83500405
1093324700
14793714
21917716
88936048
375668090
15137538
144972081
104070525
37705193
17293337
54161364
33998183
31443503
15402623
18722932
243721458
1065140706
57888537
104753494
29726578
567467234
10012402
19416598
215759696
380816062
269700525
590068644
472057669
320210499
14450818
26858764
16629477
100255844
19395039
15859033
17047046
20542737
13691782
12432262
173912693
388345704
12984852
257203642
47876842
18470113
18028431
30064358
13215132
1344951
118690641
18985501
161296632
46302139
17047208
21423021
72842277
224631899
65134016
335461958
53560219
88290488
18691746
13746792
19402238
1435461
21581503
14647570
29328707
17396170
33249457
14043142
19767193
19202541
21576334
467171076
22750673
2384071
14085070
64017773
88914175
21280247
64015230
184931891
22394209
201836473
42423658
44553548
107391777
32372834
27596259
93950513
26158691
19843630
13918022
123582098
17007351
12819112
17567533
19837528
28567809
44203296
96206129
15862891
18376303
43199901
89676970
175691292
6612402
171151716
34222024
125614071
20806880
82761528
136325501
77294800
14849816
41561657
17477192
22160202
49270737
15154811
14324284
21994103
